Test Case ID,Cloud,Module Group,Module,Domain,E2E Flow,Test Type,Test Scenario,Preconditions,Steps,Expected Result,Priority,Type,Sample Data
WD-REC-00001,Workday,RECRUITING,Requisition,Corporate,Requisition -> Offer -> Hire -> Onboard -> Payroll,Mobile,Submit Corporate Workday Requisition,Workday access is provisioned and Corporate test data exists,"1. Open Workday Requisition.
2. Execute: Requisition -> Offer -> Hire -> Onboard -> Payroll.
3. Perform validation and confirm downstream impact.","Requisition -> Offer -> Hire -> Onboard -> Payroll completes successfully with approvals, validations, and audit trail",Medium,Security,"{""worker"": ""Jane Doe"", ""company"": ""Global Demo"", ""region"": ""US""}"
WD-REC-00002,Workday,RECRUITING,Requisition,Corporate,Employee Life Event -> Benefits -> Payroll -> Reporting,Data Migration,Edit Corporate Workday Requisition,Workday access is provisioned and Corporate test data exists,"1. Open Workday Requisition.
2. Execute: Employee Life Event -> Benefits -> Payroll -> Reporting.
3. Perform validation and confirm downstream impact.","Employee Life Event -> Benefits -> Payroll -> Reporting completes successfully with approvals, validations, and audit trail",High,Functional,"{""worker"": ""Jane Doe"", ""company"": ""Global Demo"", ""region"": ""US""}"
WD-REC-00003,Workday,RECRUITING,Requisition,Corporate,Expense Submit -> Approval -> Accounting -> Reimbursement,Performance,Submit Corporate Workday Requisition,Workday access is provisioned and Corporate test data exists,"1. Open Workday Requisition.
2. Execute: Expense Submit -> Approval -> Accounting -> Reimbursement.
3. Perform validation and confirm downstream impact.","Expense Submit -> Approval -> Accounting -> Reimbursement completes successfully with approvals, validations, and audit trail",Medium,Performance,"{""worker"": ""Jane Doe"", ""company"": ""Global Demo"", ""region"": ""US""}"
WD-REC-00004,Workday,RECRUITING,Requisition,Corporate,Supplier Invoice -> Matching -> Approval -> Payment,Workflow,Submit Corporate Workday Requisition,Workday access is provisioned and Corporate test data exists,"1. Open Workday Requisition.
2. Execute: Supplier Invoice -> Matching -> Approval -> Payment.
3. Perform validation and confirm downstream impact.","Supplier Invoice -> Matching -> Approval -> Payment completes successfully with approvals, validations, and audit trail",High,UI,"{""worker"": ""Jane Doe"", ""company"": ""Global Demo"", ""region"": ""US""}"
WD-REC-00005,Workday,RECRUITING,Requisition,Corporate,Integration Load -> Validate -> Error Handling -> Reprocess,Mobile,Approve Corporate Workday Requisition,Workday access is provisioned and Corporate test data exists,"1. Open Workday Requisition.
2. Execute: Integration Load -> Validate -> Error Handling -> Reprocess.
3. Perform validation and confirm downstream impact.","Integration Load -> Validate -> Error Handling -> Reprocess completes successfully with approvals, validations, and audit trail",Medium,Data Migration,"{""worker"": ""Jane Doe"", ""company"": ""Global Demo"", ""region"": ""US""}"
WD-REC-00006,Workday,RECRUITING,Requisition,Corporate,Recruiting -> Hire -> Onboard -> Time -> Payroll,Security,Review Corporate Workday Requisition,Workday access is provisioned and Corporate test data exists,"1. Open Workday Requisition.
2. Execute: Recruiting -> Hire -> Onboard -> Time -> Payroll.
3. Perform validation and confirm downstream impact.","Recruiting -> Hire -> Onboard -> Time -> Payroll completes successfully with approvals, validations, and audit trail",Low,Security,"{""worker"": ""Jane Doe"", ""company"": ""Global Demo"", ""region"": ""US""}"
WD-REC-00007,Workday,RECRUITING,Requisition,Corporate,Budget -> Expense -> Journal -> Dashboard,Regression,Review Corporate Workday Requisition,Workday access is provisioned and Corporate test data exists,"1. Open Workday Requisition.
2. Execute: Budget -> Expense -> Journal -> Dashboard.
3. Perform validation and confirm downstream impact.","Budget -> Expense -> Journal -> Dashboard completes successfully with approvals, validations, and audit trail",High,Accessibility,"{""worker"": ""Jane Doe"", ""company"": ""Global Demo"", ""region"": ""US""}"
WD-REC-00008,Workday,RECRUITING,Requisition,Retail,Requisition -> Offer -> Hire -> Onboard -> Payroll,Regression,Sync Retail Workday Requisition,Workday access is provisioned and Retail test data exists,"1. Open Workday Requisition.
2. Execute: Requisition -> Offer -> Hire -> Onboard -> Payroll.
3. Perform validation and confirm downstream impact.","Requisition -> Offer -> Hire -> Onboard -> Payroll completes successfully with approvals, validations, and audit trail",High,Mobile,"{""worker"": ""Jane Doe"", ""company"": ""Global Demo"", ""region"": ""US""}"
WD-REC-00009,Workday,RECRUITING,Requisition,Retail,Employee Life Event -> Benefits -> Payroll -> Reporting,Data Migration,Submit Retail Workday Requisition,Workday access is provisioned and Retail test data exists,"1. Open Workday Requisition.
2. Execute: Employee Life Event -> Benefits -> Payroll -> Reporting.
3. Perform validation and confirm downstream impact.","Employee Life Event -> Benefits -> Payroll -> Reporting completes successfully with approvals, validations, and audit trail",High,Security,"{""worker"": ""Jane Doe"", ""company"": ""Global Demo"", ""region"": ""US""}"
WD-REC-00010,Workday,RECRUITING,Requisition,Retail,Expense Submit -> Approval -> Accounting -> Reimbursement,Workflow,Export Retail Workday Requisition,Workday access is provisioned and Retail test data exists,"1. Open Workday Requisition.
2. Execute: Expense Submit -> Approval -> Accounting -> Reimbursement.
3. Perform validation and confirm downstream impact.","Expense Submit -> Approval -> Accounting -> Reimbursement completes successfully with approvals, validations, and audit trail",Low,Mobile,"{""worker"": ""Jane Doe"", ""company"": ""Global Demo"", ""region"": ""US""}"
WD-REC-00011,Workday,RECRUITING,Requisition,Retail,Supplier Invoice -> Matching -> Approval -> Payment,Performance,Close Retail Workday Requisition,Workday access is provisioned and Retail test data exists,"1. Open Workday Requisition.
2. Execute: Supplier Invoice -> Matching -> Approval -> Payment.
3. Perform validation and confirm downstream impact.","Supplier Invoice -> Matching -> Approval -> Payment completes successfully with approvals, validations, and audit trail",Medium,Integration,"{""worker"": ""Jane Doe"", ""company"": ""Global Demo"", ""region"": ""US""}"
WD-REC-00012,Workday,RECRUITING,Requisition,Retail,Integration Load -> Validate -> Error Handling -> Reprocess,UI,Close Retail Workday Requisition,Workday access is provisioned and Retail test data exists,"1. Open Workday Requisition.
2. Execute: Integration Load -> Validate -> Error Handling -> Reprocess.
3. Perform validation and confirm downstream impact.","Integration Load -> Validate -> Error Handling -> Reprocess completes successfully with approvals, validations, and audit trail",Medium,Security,"{""worker"": ""Jane Doe"", ""company"": ""Global Demo"", ""region"": ""US""}"
WD-REC-00013,Workday,RECRUITING,Requisition,Retail,Recruiting -> Hire -> Onboard -> Time -> Payroll,Accessibility,Review Retail Workday Requisition,Workday access is provisioned and Retail test data exists,"1. Open Workday Requisition.
2. Execute: Recruiting -> Hire -> Onboard -> Time -> Payroll.
3. Perform validation and confirm downstream impact.","Recruiting -> Hire -> Onboard -> Time -> Payroll completes successfully with approvals, validations, and audit trail",Low,Security,"{""worker"": ""Jane Doe"", ""company"": ""Global Demo"", ""region"": ""US""}"
WD-REC-00014,Workday,RECRUITING,Requisition,Retail,Budget -> Expense -> Journal -> Dashboard,Integration,Approve Retail Workday Requisition,Workday access is provisioned and Retail test data exists,"1. Open Workday Requisition.
2. Execute: Budget -> Expense -> Journal -> Dashboard.
3. Perform validation and confirm downstream impact.","Budget -> Expense -> Journal -> Dashboard completes successfully with approvals, validations, and audit trail",High,Mobile,"{""worker"": ""Jane Doe"", ""company"": ""Global Demo"", ""region"": ""US""}"
WD-REC-00015,Workday,RECRUITING,Requisition,Healthcare,Requisition -> Offer -> Hire -> Onboard -> Payroll,UI,Route Healthcare Workday Requisition,Workday access is provisioned and Healthcare test data exists,"1. Open Workday Requisition.
2. Execute: Requisition -> Offer -> Hire -> Onboard -> Payroll.
3. Perform validation and confirm downstream impact.","Requisition -> Offer -> Hire -> Onboard -> Payroll completes successfully with approvals, validations, and audit trail",High,Functional,"{""worker"": ""Jane Doe"", ""company"": ""Global Demo"", ""region"": ""US""}"
WD-REC-00016,Workday,RECRUITING,Requisition,Healthcare,Employee Life Event -> Benefits -> Payroll -> Reporting,UI,Validate Healthcare Workday Requisition,Workday access is provisioned and Healthcare test data exists,"1. Open Workday Requisition.
2. Execute: Employee Life Event -> Benefits -> Payroll -> Reporting.
3. Perform validation and confirm downstream impact.","Employee Life Event -> Benefits -> Payroll -> Reporting completes successfully with approvals, validations, and audit trail",Low,Integration,"{""worker"": ""Jane Doe"", ""company"": ""Global Demo"", ""region"": ""US""}"
WD-REC-00017,Workday,RECRUITING,Requisition,Healthcare,Expense Submit -> Approval -> Accounting -> Reimbursement,Functional,Reject Healthcare Workday Requisition,Workday access is provisioned and Healthcare test data exists,"1. Open Workday Requisition.
2. Execute: Expense Submit -> Approval -> Accounting -> Reimbursement.
3. Perform validation and confirm downstream impact.","Expense Submit -> Approval -> Accounting -> Reimbursement completes successfully with approvals, validations, and audit trail",Low,Data Migration,"{""worker"": ""Jane Doe"", ""company"": ""Global Demo"", ""region"": ""US""}"
WD-REC-00018,Workday,RECRUITING,Requisition,Healthcare,Supplier Invoice -> Matching -> Approval -> Payment,Mobile,Submit Healthcare Workday Requisition,Workday access is provisioned and Healthcare test data exists,"1. Open Workday Requisition.
2. Execute: Supplier Invoice -> Matching -> Approval -> Payment.
3. Perform validation and confirm downstream impact.","Supplier Invoice -> Matching -> Approval -> Payment completes successfully with approvals, validations, and audit trail",Medium,Data Migration,"{""worker"": ""Jane Doe"", ""company"": ""Global Demo"", ""region"": ""US""}"
WD-REC-00019,Workday,RECRUITING,Requisition,Healthcare,Integration Load -> Validate -> Error Handling -> Reprocess,Mobile,Reject Healthcare Workday Requisition,Workday access is provisioned and Healthcare test data exists,"1. Open Workday Requisition.
2. Execute: Integration Load -> Validate -> Error Handling -> Reprocess.
3. Perform validation and confirm downstream impact.","Integration Load -> Validate -> Error Handling -> Reprocess completes successfully with approvals, validations, and audit trail",Low,Data Migration,"{""worker"": ""Jane Doe"", ""company"": ""Global Demo"", ""region"": ""US""}"
WD-REC-00020,Workday,RECRUITING,Requisition,Healthcare,Recruiting -> Hire -> Onboard -> Time -> Payroll,Integration,Sync Healthcare Workday Requisition,Workday access is provisioned and Healthcare test data exists,"1. Open Workday Requisition.
2. Execute: Recruiting -> Hire -> Onboard -> Time -> Payroll.
3. Perform validation and confirm downstream impact.","Recruiting -> Hire -> Onboard -> Time -> Payroll completes successfully with approvals, validations, and audit trail",Medium,Security,"{""worker"": ""Jane Doe"", ""company"": ""Global Demo"", ""region"": ""US""}"
WD-REC-00021,Workday,RECRUITING,Requisition,Healthcare,Budget -> Expense -> Journal -> Dashboard,Accessibility,Sync Healthcare Workday Requisition,Workday access is provisioned and Healthcare test data exists,"1. Open Workday Requisition.
2. Execute: Budget -> Expense -> Journal -> Dashboard.
3. Perform validation and confirm downstream impact.","Budget -> Expense -> Journal -> Dashboard completes successfully with approvals, validations, and audit trail",High,Integration,"{""worker"": ""Jane Doe"", ""company"": ""Global Demo"", ""region"": ""US""}"
WD-REC-00022,Workday,RECRUITING,Requisition,Manufacturing,Requisition -> Offer -> Hire -> Onboard -> Payroll,Functional,Submit Manufacturing Workday Requisition,Workday access is provisioned and Manufacturing test data exists,"1. Open Workday Requisition.
2. Execute: Requisition -> Offer -> Hire -> Onboard -> Payroll.
3. Perform validation and confirm downstream impact.","Requisition -> Offer -> Hire -> Onboard -> Payroll completes successfully with approvals, validations, and audit trail",High,Security,"{""worker"": ""Jane Doe"", ""company"": ""Global Demo"", ""region"": ""US""}"
WD-REC-00023,Workday,RECRUITING,Requisition,Manufacturing,Employee Life Event -> Benefits -> Payroll -> Reporting,Performance,Sync Manufacturing Workday Requisition,Workday access is provisioned and Manufacturing test data exists,"1. Open Workday Requisition.
2. Execute: Employee Life Event -> Benefits -> Payroll -> Reporting.
3. Perform validation and confirm downstream impact.","Employee Life Event -> Benefits -> Payroll -> Reporting completes successfully with approvals, validations, and audit trail",Medium,Data Migration,"{""worker"": ""Jane Doe"", ""company"": ""Global Demo"", ""region"": ""US""}"
WD-REC-00024,Workday,RECRUITING,Requisition,Manufacturing,Expense Submit -> Approval -> Accounting -> Reimbursement,Security,Route Manufacturing Workday Requisition,Workday access is provisioned and Manufacturing test data exists,"1. Open Workday Requisition.
2. Execute: Expense Submit -> Approval -> Accounting -> Reimbursement.
3. Perform validation and confirm downstream impact.","Expense Submit -> Approval -> Accounting -> Reimbursement completes successfully with approvals, validations, and audit trail",Low,Security,"{""worker"": ""Jane Doe"", ""company"": ""Global Demo"", ""region"": ""US""}"
WD-REC-00025,Workday,RECRUITING,Requisition,Manufacturing,Supplier Invoice -> Matching -> Approval -> Payment,Performance,Create Manufacturing Workday Requisition,Workday access is provisioned and Manufacturing test data exists,"1. Open Workday Requisition.
2. Execute: Supplier Invoice -> Matching -> Approval -> Payment.
3. Perform validation and confirm downstream impact.","Supplier Invoice -> Matching -> Approval -> Payment completes successfully with approvals, validations, and audit trail",Low,Workflow,"{""worker"": ""Jane Doe"", ""company"": ""Global Demo"", ""region"": ""US""}"
WD-REC-00026,Workday,RECRUITING,Requisition,Manufacturing,Integration Load -> Validate -> Error Handling -> Reprocess,Data Migration,Update Manufacturing Workday Requisition,Workday access is provisioned and Manufacturing test data exists,"1. Open Workday Requisition.
2. Execute: Integration Load -> Validate -> Error Handling -> Reprocess.
3. Perform validation and confirm downstream impact.","Integration Load -> Validate -> Error Handling -> Reprocess completes successfully with approvals, validations, and audit trail",Low,UI,"{""worker"": ""Jane Doe"", ""company"": ""Global Demo"", ""region"": ""US""}"
WD-REC-00027,Workday,RECRUITING,Requisition,Manufacturing,Recruiting -> Hire -> Onboard -> Time -> Payroll,UI,Export Manufacturing Workday Requisition,Workday access is provisioned and Manufacturing test data exists,"1. Open Workday Requisition.
2. Execute: Recruiting -> Hire -> Onboard -> Time -> Payroll.
3. Perform validation and confirm downstream impact.","Recruiting -> Hire -> Onboard -> Time -> Payroll completes successfully with approvals, validations, and audit trail",Low,Workflow,"{""worker"": ""Jane Doe"", ""company"": ""Global Demo"", ""region"": ""US""}"
WD-REC-00028,Workday,RECRUITING,Requisition,Manufacturing,Budget -> Expense -> Journal -> Dashboard,Accessibility,Validate Manufacturing Workday Requisition,Workday access is provisioned and Manufacturing test data exists,"1. Open Workday Requisition.
2. Execute: Budget -> Expense -> Journal -> Dashboard.
3. Perform validation and confirm downstream impact.","Budget -> Expense -> Journal -> Dashboard completes successfully with approvals, validations, and audit trail",Medium,Workflow,"{""worker"": ""Jane Doe"", ""company"": ""Global Demo"", ""region"": ""US""}"
WD-REC-00029,Workday,RECRUITING,Requisition,Education,Requisition -> Offer -> Hire -> Onboard -> Payroll,Workflow,Route Education Workday Requisition,Workday access is provisioned and Education test data exists,"1. Open Workday Requisition.
2. Execute: Requisition -> Offer -> Hire -> Onboard -> Payroll.
3. Perform validation and confirm downstream impact.","Requisition -> Offer -> Hire -> Onboard -> Payroll completes successfully with approvals, validations, and audit trail",Medium,Integration,"{""worker"": ""Jane Doe"", ""company"": ""Global Demo"", ""region"": ""US""}"
WD-REC-00030,Workday,RECRUITING,Requisition,Education,Employee Life Event -> Benefits -> Payroll -> Reporting,Integration,Update Education Workday Requisition,Workday access is provisioned and Education test data exists,"1. Open Workday Requisition.
2. Execute: Employee Life Event -> Benefits -> Payroll -> Reporting.
3. Perform validation and confirm downstream impact.","Employee Life Event -> Benefits -> Payroll -> Reporting completes successfully with approvals, validations, and audit trail",Medium,Integration,"{""worker"": ""Jane Doe"", ""company"": ""Global Demo"", ""region"": ""US""}"
WD-REC-00031,Workday,RECRUITING,Requisition,Education,Expense Submit -> Approval -> Accounting -> Reimbursement,Regression,Route Education Workday Requisition,Workday access is provisioned and Education test data exists,"1. Open Workday Requisition.
2. Execute: Expense Submit -> Approval -> Accounting -> Reimbursement.
3. Perform validation and confirm downstream impact.","Expense Submit -> Approval -> Accounting -> Reimbursement completes successfully with approvals, validations, and audit trail",Low,Accessibility,"{""worker"": ""Jane Doe"", ""company"": ""Global Demo"", ""region"": ""US""}"
WD-REC-00032,Workday,RECRUITING,Requisition,Education,Supplier Invoice -> Matching -> Approval -> Payment,UI,Export Education Workday Requisition,Workday access is provisioned and Education test data exists,"1. Open Workday Requisition.
2. Execute: Supplier Invoice -> Matching -> Approval -> Payment.
3. Perform validation and confirm downstream impact.","Supplier Invoice -> Matching -> Approval -> Payment completes successfully with approvals, validations, and audit trail",Medium,Accessibility,"{""worker"": ""Jane Doe"", ""company"": ""Global Demo"", ""region"": ""US""}"
WD-REC-00033,Workday,RECRUITING,Requisition,Education,Integration Load -> Validate -> Error Handling -> Reprocess,Integration,Export Education Workday Requisition,Workday access is provisioned and Education test data exists,"1. Open Workday Requisition.
2. Execute: Integration Load -> Validate -> Error Handling -> Reprocess.
3. Perform validation and confirm downstream impact.","Integration Load -> Validate -> Error Handling -> Reprocess completes successfully with approvals, validations, and audit trail",Low,Performance,"{""worker"": ""Jane Doe"", ""company"": ""Global Demo"", ""region"": ""US""}"
WD-REC-00034,Workday,RECRUITING,Requisition,Education,Recruiting -> Hire -> Onboard -> Time -> Payroll,Data Migration,Edit Education Workday Requisition,Workday access is provisioned and Education test data exists,"1. Open Workday Requisition.
2. Execute: Recruiting -> Hire -> Onboard -> Time -> Payroll.
3. Perform validation and confirm downstream impact.","Recruiting -> Hire -> Onboard -> Time -> Payroll completes successfully with approvals, validations, and audit trail",High,Mobile,"{""worker"": ""Jane Doe"", ""company"": ""Global Demo"", ""region"": ""US""}"
WD-REC-00035,Workday,RECRUITING,Requisition,Education,Budget -> Expense -> Journal -> Dashboard,Regression,Update Education Workday Requisition,Workday access is provisioned and Education test data exists,"1. Open Workday Requisition.
2. Execute: Budget -> Expense -> Journal -> Dashboard.
3. Perform validation and confirm downstream impact.","Budget -> Expense -> Journal -> Dashboard completes successfully with approvals, validations, and audit trail",Low,Security,"{""worker"": ""Jane Doe"", ""company"": ""Global Demo"", ""region"": ""US""}"
WD-REC-00036,Workday,RECRUITING,Requisition,Nonprofit,Requisition -> Offer -> Hire -> Onboard -> Payroll,Performance,Reject Nonprofit Workday Requisition,Workday access is provisioned and Nonprofit test data exists,"1. Open Workday Requisition.
2. Execute: Requisition -> Offer -> Hire -> Onboard -> Payroll.
3. Perform validation and confirm downstream impact.","Requisition -> Offer -> Hire -> Onboard -> Payroll completes successfully with approvals, validations, and audit trail",Low,UI,"{""worker"": ""Jane Doe"", ""company"": ""Global Demo"", ""region"": ""US""}"
WD-REC-00037,Workday,RECRUITING,Requisition,Nonprofit,Employee Life Event -> Benefits -> Payroll -> Reporting,Workflow,Import Nonprofit Workday Requisition,Workday access is provisioned and Nonprofit test data exists,"1. Open Workday Requisition.
2. Execute: Employee Life Event -> Benefits -> Payroll -> Reporting.
3. Perform validation and confirm downstream impact.","Employee Life Event -> Benefits -> Payroll -> Reporting completes successfully with approvals, validations, and audit trail",Low,Security,"{""worker"": ""Jane Doe"", ""company"": ""Global Demo"", ""region"": ""US""}"
WD-REC-00038,Workday,RECRUITING,Requisition,Nonprofit,Expense Submit -> Approval -> Accounting -> Reimbursement,Regression,Import Nonprofit Workday Requisition,Workday access is provisioned and Nonprofit test data exists,"1. Open Workday Requisition.
2. Execute: Expense Submit -> Approval -> Accounting -> Reimbursement.
3. Perform validation and confirm downstream impact.","Expense Submit -> Approval -> Accounting -> Reimbursement completes successfully with approvals, validations, and audit trail",Medium,UI,"{""worker"": ""Jane Doe"", ""company"": ""Global Demo"", ""region"": ""US""}"
WD-REC-00039,Workday,RECRUITING,Requisition,Nonprofit,Supplier Invoice -> Matching -> Approval -> Payment,Security,Create Nonprofit Workday Requisition,Workday access is provisioned and Nonprofit test data exists,"1. Open Workday Requisition.
2. Execute: Supplier Invoice -> Matching -> Approval -> Payment.
3. Perform validation and confirm downstream impact.","Supplier Invoice -> Matching -> Approval -> Payment completes successfully with approvals, validations, and audit trail",High,UI,"{""worker"": ""Jane Doe"", ""company"": ""Global Demo"", ""region"": ""US""}"
WD-REC-00040,Workday,RECRUITING,Requisition,Nonprofit,Integration Load -> Validate -> Error Handling -> Reprocess,Functional,Approve Nonprofit Workday Requisition,Workday access is provisioned and Nonprofit test data exists,"1. Open Workday Requisition.
2. Execute: Integration Load -> Validate -> Error Handling -> Reprocess.
3. Perform validation and confirm downstream impact.","Integration Load -> Validate -> Error Handling -> Reprocess completes successfully with approvals, validations, and audit trail",Low,Accessibility,"{""worker"": ""Jane Doe"", ""company"": ""Global Demo"", ""region"": ""US""}"
WD-REC-00041,Workday,RECRUITING,Requisition,Nonprofit,Recruiting -> Hire -> Onboard -> Time -> Payroll,Accessibility,Route Nonprofit Workday Requisition,Workday access is provisioned and Nonprofit test data exists,"1. Open Workday Requisition.
2. Execute: Recruiting -> Hire -> Onboard -> Time -> Payroll.
3. Perform validation and confirm downstream impact.","Recruiting -> Hire -> Onboard -> Time -> Payroll completes successfully with approvals, validations, and audit trail",High,UI,"{""worker"": ""Jane Doe"", ""company"": ""Global Demo"", ""region"": ""US""}"
WD-REC-00042,Workday,RECRUITING,Requisition,Nonprofit,Budget -> Expense -> Journal -> Dashboard,Regression,Review Nonprofit Workday Requisition,Workday access is provisioned and Nonprofit test data exists,"1. Open Workday Requisition.
2. Execute: Budget -> Expense -> Journal -> Dashboard.
3. Perform validation and confirm downstream impact.","Budget -> Expense -> Journal -> Dashboard completes successfully with approvals, validations, and audit trail",Medium,Performance,"{""worker"": ""Jane Doe"", ""company"": ""Global Demo"", ""region"": ""US""}"
WD-REC-00043,Workday,RECRUITING,Requisition,Financial Services,Requisition -> Offer -> Hire -> Onboard -> Payroll,UI,Review Financial Services Workday Requisition,Workday access is provisioned and Financial Services test data exists,"1. Open Workday Requisition.
2. Execute: Requisition -> Offer -> Hire -> Onboard -> Payroll.
3. Perform validation and confirm downstream impact.","Requisition -> Offer -> Hire -> Onboard -> Payroll completes successfully with approvals, validations, and audit trail",Medium,UI,"{""worker"": ""Jane Doe"", ""company"": ""Global Demo"", ""region"": ""US""}"
WD-REC-00044,Workday,RECRUITING,Requisition,Financial Services,Employee Life Event -> Benefits -> Payroll -> Reporting,Integration,Close Financial Services Workday Requisition,Workday access is provisioned and Financial Services test data exists,"1. Open Workday Requisition.
2. Execute: Employee Life Event -> Benefits -> Payroll -> Reporting.
3. Perform validation and confirm downstream impact.","Employee Life Event -> Benefits -> Payroll -> Reporting completes successfully with approvals, validations, and audit trail",High,Functional,"{""worker"": ""Jane Doe"", ""company"": ""Global Demo"", ""region"": ""US""}"
WD-REC-00045,Workday,RECRUITING,Requisition,Financial Services,Expense Submit -> Approval -> Accounting -> Reimbursement,Security,Sync Financial Services Workday Requisition,Workday access is provisioned and Financial Services test data exists,"1. Open Workday Requisition.
2. Execute: Expense Submit -> Approval -> Accounting -> Reimbursement.
3. Perform validation and confirm downstream impact.","Expense Submit -> Approval -> Accounting -> Reimbursement completes successfully with approvals, validations, and audit trail",High,Data Migration,"{""worker"": ""Jane Doe"", ""company"": ""Global Demo"", ""region"": ""US""}"
WD-REC-00046,Workday,RECRUITING,Requisition,Financial Services,Supplier Invoice -> Matching -> Approval -> Payment,Integration,Review Financial Services Workday Requisition,Workday access is provisioned and Financial Services test data exists,"1. Open Workday Requisition.
2. Execute: Supplier Invoice -> Matching -> Approval -> Payment.
3. Perform validation and confirm downstream impact.","Supplier Invoice -> Matching -> Approval -> Payment completes successfully with approvals, validations, and audit trail",Medium,Workflow,"{""worker"": ""Jane Doe"", ""company"": ""Global Demo"", ""region"": ""US""}"
WD-REC-00047,Workday,RECRUITING,Requisition,Financial Services,Integration Load -> Validate -> Error Handling -> Reprocess,Regression,Submit Financial Services Workday Requisition,Workday access is provisioned and Financial Services test data exists,"1. Open Workday Requisition.
2. Execute: Integration Load -> Validate -> Error Handling -> Reprocess.
3. Perform validation and confirm downstream impact.","Integration Load -> Validate -> Error Handling -> Reprocess completes successfully with approvals, validations, and audit trail",Medium,Functional,"{""worker"": ""Jane Doe"", ""company"": ""Global Demo"", ""region"": ""US""}"
WD-REC-00048,Workday,RECRUITING,Requisition,Financial Services,Recruiting -> Hire -> Onboard -> Time -> Payroll,Regression,Route Financial Services Workday Requisition,Workday access is provisioned and Financial Services test data exists,"1. Open Workday Requisition.
2. Execute: Recruiting -> Hire -> Onboard -> Time -> Payroll.
3. Perform validation and confirm downstream impact.","Recruiting -> Hire -> Onboard -> Time -> Payroll completes successfully with approvals, validations, and audit trail",Medium,Workflow,"{""worker"": ""Jane Doe"", ""company"": ""Global Demo"", ""region"": ""US""}"
WD-REC-00049,Workday,RECRUITING,Requisition,Financial Services,Budget -> Expense -> Journal -> Dashboard,Performance,Close Financial Services Workday Requisition,Workday access is provisioned and Financial Services test data exists,"1. Open Workday Requisition.
2. Execute: Budget -> Expense -> Journal -> Dashboard.
3. Perform validation and confirm downstream impact.","Budget -> Expense -> Journal -> Dashboard completes successfully with approvals, validations, and audit trail",High,Workflow,"{""worker"": ""Jane Doe"", ""company"": ""Global Demo"", ""region"": ""US""}"
WD-REC-00050,Workday,RECRUITING,Requisition,Technology,Requisition -> Offer -> Hire -> Onboard -> Payroll,Security,Create Technology Workday Requisition,Workday access is provisioned and Technology test data exists,"1. Open Workday Requisition.
2. Execute: Requisition -> Offer -> Hire -> Onboard -> Payroll.
3. Perform validation and confirm downstream impact.","Requisition -> Offer -> Hire -> Onboard -> Payroll completes successfully with approvals, validations, and audit trail",Low,Mobile,"{""worker"": ""Jane Doe"", ""company"": ""Global Demo"", ""region"": ""US""}"
WD-REC-00051,Workday,RECRUITING,Requisition,Technology,Employee Life Event -> Benefits -> Payroll -> Reporting,Data Migration,Sync Technology Workday Requisition,Workday access is provisioned and Technology test data exists,"1. Open Workday Requisition.
2. Execute: Employee Life Event -> Benefits -> Payroll -> Reporting.
3. Perform validation and confirm downstream impact.","Employee Life Event -> Benefits -> Payroll -> Reporting completes successfully with approvals, validations, and audit trail",Low,Regression,"{""worker"": ""Jane Doe"", ""company"": ""Global Demo"", ""region"": ""US""}"
WD-REC-00052,Workday,RECRUITING,Requisition,Technology,Expense Submit -> Approval -> Accounting -> Reimbursement,Accessibility,Route Technology Workday Requisition,Workday access is provisioned and Technology test data exists,"1. Open Workday Requisition.
2. Execute: Expense Submit -> Approval -> Accounting -> Reimbursement.
3. Perform validation and confirm downstream impact.","Expense Submit -> Approval -> Accounting -> Reimbursement completes successfully with approvals, validations, and audit trail",Medium,Regression,"{""worker"": ""Jane Doe"", ""company"": ""Global Demo"", ""region"": ""US""}"
WD-REC-00053,Workday,RECRUITING,Requisition,Technology,Supplier Invoice -> Matching -> Approval -> Payment,Performance,Create Technology Workday Requisition,Workday access is provisioned and Technology test data exists,"1. Open Workday Requisition.
2. Execute: Supplier Invoice -> Matching -> Approval -> Payment.
3. Perform validation and confirm downstream impact.","Supplier Invoice -> Matching -> Approval -> Payment completes successfully with approvals, validations, and audit trail",Low,Security,"{""worker"": ""Jane Doe"", ""company"": ""Global Demo"", ""region"": ""US""}"
WD-REC-00054,Workday,RECRUITING,Requisition,Technology,Integration Load -> Validate -> Error Handling -> Reprocess,Security,Sync Technology Workday Requisition,Workday access is provisioned and Technology test data exists,"1. Open Workday Requisition.
2. Execute: Integration Load -> Validate -> Error Handling -> Reprocess.
3. Perform validation and confirm downstream impact.","Integration Load -> Validate -> Error Handling -> Reprocess completes successfully with approvals, validations, and audit trail",High,Functional,"{""worker"": ""Jane Doe"", ""company"": ""Global Demo"", ""region"": ""US""}"
WD-REC-00055,Workday,RECRUITING,Requisition,Technology,Recruiting -> Hire -> Onboard -> Time -> Payroll,Data Migration,Update Technology Workday Requisition,Workday access is provisioned and Technology test data exists,"1. Open Workday Requisition.
2. Execute: Recruiting -> Hire -> Onboard -> Time -> Payroll.
3. Perform validation and confirm downstream impact.","Recruiting -> Hire -> Onboard -> Time -> Payroll completes successfully with approvals, validations, and audit trail",Medium,Security,"{""worker"": ""Jane Doe"", ""company"": ""Global Demo"", ""region"": ""US""}"
WD-REC-00056,Workday,RECRUITING,Requisition,Technology,Budget -> Expense -> Journal -> Dashboard,Functional,Approve Technology Workday Requisition,Workday access is provisioned and Technology test data exists,"1. Open Workday Requisition.
2. Execute: Budget -> Expense -> Journal -> Dashboard.
3. Perform validation and confirm downstream impact.","Budget -> Expense -> Journal -> Dashboard completes successfully with approvals, validations, and audit trail",High,Functional,"{""worker"": ""Jane Doe"", ""company"": ""Global Demo"", ""region"": ""US""}"
WD-REC-00057,Workday,RECRUITING,Requisition,Public Sector,Requisition -> Offer -> Hire -> Onboard -> Payroll,Mobile,Close Public Sector Workday Requisition,Workday access is provisioned and Public Sector test data exists,"1. Open Workday Requisition.
2. Execute: Requisition -> Offer -> Hire -> Onboard -> Payroll.
3. Perform validation and confirm downstream impact.","Requisition -> Offer -> Hire -> Onboard -> Payroll completes successfully with approvals, validations, and audit trail",High,Mobile,"{""worker"": ""Jane Doe"", ""company"": ""Global Demo"", ""region"": ""US""}"
WD-REC-00058,Workday,RECRUITING,Requisition,Public Sector,Employee Life Event -> Benefits -> Payroll -> Reporting,Accessibility,Submit Public Sector Workday Requisition,Workday access is provisioned and Public Sector test data exists,"1. Open Workday Requisition.
2. Execute: Employee Life Event -> Benefits -> Payroll -> Reporting.
3. Perform validation and confirm downstream impact.","Employee Life Event -> Benefits -> Payroll -> Reporting completes successfully with approvals, validations, and audit trail",High,Data Migration,"{""worker"": ""Jane Doe"", ""company"": ""Global Demo"", ""region"": ""US""}"
WD-REC-00059,Workday,RECRUITING,Requisition,Public Sector,Expense Submit -> Approval -> Accounting -> Reimbursement,Mobile,Submit Public Sector Workday Requisition,Workday access is provisioned and Public Sector test data exists,"1. Open Workday Requisition.
2. Execute: Expense Submit -> Approval -> Accounting -> Reimbursement.
3. Perform validation and confirm downstream impact.","Expense Submit -> Approval -> Accounting -> Reimbursement completes successfully with approvals, validations, and audit trail",Low,Workflow,"{""worker"": ""Jane Doe"", ""company"": ""Global Demo"", ""region"": ""US""}"
WD-REC-00060,Workday,RECRUITING,Requisition,Public Sector,Supplier Invoice -> Matching -> Approval -> Payment,Mobile,Sync Public Sector Workday Requisition,Workday access is provisioned and Public Sector test data exists,"1. Open Workday Requisition.
2. Execute: Supplier Invoice -> Matching -> Approval -> Payment.
3. Perform validation and confirm downstream impact.","Supplier Invoice -> Matching -> Approval -> Payment completes successfully with approvals, validations, and audit trail",Low,Functional,"{""worker"": ""Jane Doe"", ""company"": ""Global Demo"", ""region"": ""US""}"
WD-REC-00061,Workday,RECRUITING,Requisition,Public Sector,Integration Load -> Validate -> Error Handling -> Reprocess,Performance,Sync Public Sector Workday Requisition,Workday access is provisioned and Public Sector test data exists,"1. Open Workday Requisition.
2. Execute: Integration Load -> Validate -> Error Handling -> Reprocess.
3. Perform validation and confirm downstream impact.","Integration Load -> Validate -> Error Handling -> Reprocess completes successfully with approvals, validations, and audit trail",High,Workflow,"{""worker"": ""Jane Doe"", ""company"": ""Global Demo"", ""region"": ""US""}"
WD-REC-00062,Workday,RECRUITING,Requisition,Public Sector,Recruiting -> Hire -> Onboard -> Time -> Payroll,Performance,Review Public Sector Workday Requisition,Workday access is provisioned and Public Sector test data exists,"1. Open Workday Requisition.
2. Execute: Recruiting -> Hire -> Onboard -> Time -> Payroll.
3. Perform validation and confirm downstream impact.","Recruiting -> Hire -> Onboard -> Time -> Payroll completes successfully with approvals, validations, and audit trail",Medium,UI,"{""worker"": ""Jane Doe"", ""company"": ""Global Demo"", ""region"": ""US""}"
WD-REC-00063,Workday,RECRUITING,Requisition,Public Sector,Budget -> Expense -> Journal -> Dashboard,Regression,Submit Public Sector Workday Requisition,Workday access is provisioned and Public Sector test data exists,"1. Open Workday Requisition.
2. Execute: Budget -> Expense -> Journal -> Dashboard.
3. Perform validation and confirm downstream impact.","Budget -> Expense -> Journal -> Dashboard completes successfully with approvals, validations, and audit trail",Medium,Accessibility,"{""worker"": ""Jane Doe"", ""company"": ""Global Demo"", ""region"": ""US""}"
WD-REC-00064,Workday,RECRUITING,Requisition,Hospitality,Requisition -> Offer -> Hire -> Onboard -> Payroll,Mobile,Close Hospitality Workday Requisition,Workday access is provisioned and Hospitality test data exists,"1. Open Workday Requisition.
2. Execute: Requisition -> Offer -> Hire -> Onboard -> Payroll.
3. Perform validation and confirm downstream impact.","Requisition -> Offer -> Hire -> Onboard -> Payroll completes successfully with approvals, validations, and audit trail",Medium,Functional,"{""worker"": ""Jane Doe"", ""company"": ""Global Demo"", ""region"": ""US""}"
WD-REC-00065,Workday,RECRUITING,Requisition,Hospitality,Employee Life Event -> Benefits -> Payroll -> Reporting,UI,Create Hospitality Workday Requisition,Workday access is provisioned and Hospitality test data exists,"1. Open Workday Requisition.
2. Execute: Employee Life Event -> Benefits -> Payroll -> Reporting.
3. Perform validation and confirm downstream impact.","Employee Life Event -> Benefits -> Payroll -> Reporting completes successfully with approvals, validations, and audit trail",Medium,Regression,"{""worker"": ""Jane Doe"", ""company"": ""Global Demo"", ""region"": ""US""}"
WD-REC-00066,Workday,RECRUITING,Requisition,Hospitality,Expense Submit -> Approval -> Accounting -> Reimbursement,Regression,Route Hospitality Workday Requisition,Workday access is provisioned and Hospitality test data exists,"1. Open Workday Requisition.
2. Execute: Expense Submit -> Approval -> Accounting -> Reimbursement.
3. Perform validation and confirm downstream impact.","Expense Submit -> Approval -> Accounting -> Reimbursement completes successfully with approvals, validations, and audit trail",High,Data Migration,"{""worker"": ""Jane Doe"", ""company"": ""Global Demo"", ""region"": ""US""}"
WD-REC-00067,Workday,RECRUITING,Requisition,Hospitality,Supplier Invoice -> Matching -> Approval -> Payment,Regression,Approve Hospitality Workday Requisition,Workday access is provisioned and Hospitality test data exists,"1. Open Workday Requisition.
2. Execute: Supplier Invoice -> Matching -> Approval -> Payment.
3. Perform validation and confirm downstream impact.","Supplier Invoice -> Matching -> Approval -> Payment completes successfully with approvals, validations, and audit trail",Medium,Security,"{""worker"": ""Jane Doe"", ""company"": ""Global Demo"", ""region"": ""US""}"
WD-REC-00068,Workday,RECRUITING,Requisition,Hospitality,Integration Load -> Validate -> Error Handling -> Reprocess,Integration,Create Hospitality Workday Requisition,Workday access is provisioned and Hospitality test data exists,"1. Open Workday Requisition.
2. Execute: Integration Load -> Validate -> Error Handling -> Reprocess.
3. Perform validation and confirm downstream impact.","Integration Load -> Validate -> Error Handling -> Reprocess completes successfully with approvals, validations, and audit trail",High,UI,"{""worker"": ""Jane Doe"", ""company"": ""Global Demo"", ""region"": ""US""}"
WD-REC-00069,Workday,RECRUITING,Requisition,Hospitality,Recruiting -> Hire -> Onboard -> Time -> Payroll,Data Migration,Close Hospitality Workday Requisition,Workday access is provisioned and Hospitality test data exists,"1. Open Workday Requisition.
2. Execute: Recruiting -> Hire -> Onboard -> Time -> Payroll.
3. Perform validation and confirm downstream impact.","Recruiting -> Hire -> Onboard -> Time -> Payroll completes successfully with approvals, validations, and audit trail",Medium,Workflow,"{""worker"": ""Jane Doe"", ""company"": ""Global Demo"", ""region"": ""US""}"
WD-REC-00070,Workday,RECRUITING,Requisition,Hospitality,Budget -> Expense -> Journal -> Dashboard,Workflow,Sync Hospitality Workday Requisition,Workday access is provisioned and Hospitality test data exists,"1. Open Workday Requisition.
2. Execute: Budget -> Expense -> Journal -> Dashboard.
3. Perform validation and confirm downstream impact.","Budget -> Expense -> Journal -> Dashboard completes successfully with approvals, validations, and audit trail",High,Functional,"{""worker"": ""Jane Doe"", ""company"": ""Global Demo"", ""region"": ""US""}"
WD-REC-00071,Workday,RECRUITING,Sourcing,Corporate,Requisition -> Offer -> Hire -> Onboard -> Payroll,Accessibility,Review Corporate Workday Sourcing,Workday access is provisioned and Corporate test data exists,"1. Open Workday Sourcing.
2. Execute: Requisition -> Offer -> Hire -> Onboard -> Payroll.
3. Perform validation and confirm downstream impact.","Requisition -> Offer -> Hire -> Onboard -> Payroll completes successfully with approvals, validations, and audit trail",Medium,Security,"{""worker"": ""Jane Doe"", ""company"": ""Global Demo"", ""region"": ""US""}"
WD-REC-00072,Workday,RECRUITING,Sourcing,Corporate,Employee Life Event -> Benefits -> Payroll -> Reporting,Workflow,Create Corporate Workday Sourcing,Workday access is provisioned and Corporate test data exists,"1. Open Workday Sourcing.
2. Execute: Employee Life Event -> Benefits -> Payroll -> Reporting.
3. Perform validation and confirm downstream impact.","Employee Life Event -> Benefits -> Payroll -> Reporting completes successfully with approvals, validations, and audit trail",High,Workflow,"{""worker"": ""Jane Doe"", ""company"": ""Global Demo"", ""region"": ""US""}"
WD-REC-00073,Workday,RECRUITING,Sourcing,Corporate,Expense Submit -> Approval -> Accounting -> Reimbursement,Integration,Route Corporate Workday Sourcing,Workday access is provisioned and Corporate test data exists,"1. Open Workday Sourcing.
2. Execute: Expense Submit -> Approval -> Accounting -> Reimbursement.
3. Perform validation and confirm downstream impact.","Expense Submit -> Approval -> Accounting -> Reimbursement completes successfully with approvals, validations, and audit trail",Medium,Regression,"{""worker"": ""Jane Doe"", ""company"": ""Global Demo"", ""region"": ""US""}"
WD-REC-00074,Workday,RECRUITING,Sourcing,Corporate,Supplier Invoice -> Matching -> Approval -> Payment,Functional,Edit Corporate Workday Sourcing,Workday access is provisioned and Corporate test data exists,"1. Open Workday Sourcing.
2. Execute: Supplier Invoice -> Matching -> Approval -> Payment.
3. Perform validation and confirm downstream impact.","Supplier Invoice -> Matching -> Approval -> Payment completes successfully with approvals, validations, and audit trail",Medium,Security,"{""worker"": ""Jane Doe"", ""company"": ""Global Demo"", ""region"": ""US""}"
WD-REC-00075,Workday,RECRUITING,Sourcing,Corporate,Integration Load -> Validate -> Error Handling -> Reprocess,Performance,Create Corporate Workday Sourcing,Workday access is provisioned and Corporate test data exists,"1. Open Workday Sourcing.
2. Execute: Integration Load -> Validate -> Error Handling -> Reprocess.
3. Perform validation and confirm downstream impact.","Integration Load -> Validate -> Error Handling -> Reprocess completes successfully with approvals, validations, and audit trail",Medium,Data Migration,"{""worker"": ""Jane Doe"", ""company"": ""Global Demo"", ""region"": ""US""}"
WD-REC-00076,Workday,RECRUITING,Sourcing,Corporate,Recruiting -> Hire -> Onboard -> Time -> Payroll,Integration,Sync Corporate Workday Sourcing,Workday access is provisioned and Corporate test data exists,"1. Open Workday Sourcing.
2. Execute: Recruiting -> Hire -> Onboard -> Time -> Payroll.
3. Perform validation and confirm downstream impact.","Recruiting -> Hire -> Onboard -> Time -> Payroll completes successfully with approvals, validations, and audit trail",Low,Workflow,"{""worker"": ""Jane Doe"", ""company"": ""Global Demo"", ""region"": ""US""}"
WD-REC-00077,Workday,RECRUITING,Sourcing,Corporate,Budget -> Expense -> Journal -> Dashboard,Accessibility,Update Corporate Workday Sourcing,Workday access is provisioned and Corporate test data exists,"1. Open Workday Sourcing.
2. Execute: Budget -> Expense -> Journal -> Dashboard.
3. Perform validation and confirm downstream impact.","Budget -> Expense -> Journal -> Dashboard completes successfully with approvals, validations, and audit trail",Medium,Regression,"{""worker"": ""Jane Doe"", ""company"": ""Global Demo"", ""region"": ""US""}"
WD-REC-00078,Workday,RECRUITING,Sourcing,Retail,Requisition -> Offer -> Hire -> Onboard -> Payroll,Data Migration,Reject Retail Workday Sourcing,Workday access is provisioned and Retail test data exists,"1. Open Workday Sourcing.
2. Execute: Requisition -> Offer -> Hire -> Onboard -> Payroll.
3. Perform validation and confirm downstream impact.","Requisition -> Offer -> Hire -> Onboard -> Payroll completes successfully with approvals, validations, and audit trail",Low,Security,"{""worker"": ""Jane Doe"", ""company"": ""Global Demo"", ""region"": ""US""}"
WD-REC-00079,Workday,RECRUITING,Sourcing,Retail,Employee Life Event -> Benefits -> Payroll -> Reporting,Performance,Sync Retail Workday Sourcing,Workday access is provisioned and Retail test data exists,"1. Open Workday Sourcing.
2. Execute: Employee Life Event -> Benefits -> Payroll -> Reporting.
3. Perform validation and confirm downstream impact.","Employee Life Event -> Benefits -> Payroll -> Reporting completes successfully with approvals, validations, and audit trail",High,Security,"{""worker"": ""Jane Doe"", ""company"": ""Global Demo"", ""region"": ""US""}"
WD-REC-00080,Workday,RECRUITING,Sourcing,Retail,Expense Submit -> Approval -> Accounting -> Reimbursement,Security,Import Retail Workday Sourcing,Workday access is provisioned and Retail test data exists,"1. Open Workday Sourcing.
2. Execute: Expense Submit -> Approval -> Accounting -> Reimbursement.
3. Perform validation and confirm downstream impact.","Expense Submit -> Approval -> Accounting -> Reimbursement completes successfully with approvals, validations, and audit trail",Medium,UI,"{""worker"": ""Jane Doe"", ""company"": ""Global Demo"", ""region"": ""US""}"
WD-REC-00081,Workday,RECRUITING,Sourcing,Retail,Supplier Invoice -> Matching -> Approval -> Payment,UI,Route Retail Workday Sourcing,Workday access is provisioned and Retail test data exists,"1. Open Workday Sourcing.
2. Execute: Supplier Invoice -> Matching -> Approval -> Payment.
3. Perform validation and confirm downstream impact.","Supplier Invoice -> Matching -> Approval -> Payment completes successfully with approvals, validations, and audit trail",Low,UI,"{""worker"": ""Jane Doe"", ""company"": ""Global Demo"", ""region"": ""US""}"
WD-REC-00082,Workday,RECRUITING,Sourcing,Retail,Integration Load -> Validate -> Error Handling -> Reprocess,Functional,Reject Retail Workday Sourcing,Workday access is provisioned and Retail test data exists,"1. Open Workday Sourcing.
2. Execute: Integration Load -> Validate -> Error Handling -> Reprocess.
3. Perform validation and confirm downstream impact.","Integration Load -> Validate -> Error Handling -> Reprocess completes successfully with approvals, validations, and audit trail",Low,Integration,"{""worker"": ""Jane Doe"", ""company"": ""Global Demo"", ""region"": ""US""}"
WD-REC-00083,Workday,RECRUITING,Sourcing,Retail,Recruiting -> Hire -> Onboard -> Time -> Payroll,Workflow,Reject Retail Workday Sourcing,Workday access is provisioned and Retail test data exists,"1. Open Workday Sourcing.
2. Execute: Recruiting -> Hire -> Onboard -> Time -> Payroll.
3. Perform validation and confirm downstream impact.","Recruiting -> Hire -> Onboard -> Time -> Payroll completes successfully with approvals, validations, and audit trail",Low,Mobile,"{""worker"": ""Jane Doe"", ""company"": ""Global Demo"", ""region"": ""US""}"
WD-REC-00084,Workday,RECRUITING,Sourcing,Retail,Budget -> Expense -> Journal -> Dashboard,Regression,Route Retail Workday Sourcing,Workday access is provisioned and Retail test data exists,"1. Open Workday Sourcing.
2. Execute: Budget -> Expense -> Journal -> Dashboard.
3. Perform validation and confirm downstream impact.","Budget -> Expense -> Journal -> Dashboard completes successfully with approvals, validations, and audit trail",Low,Data Migration,"{""worker"": ""Jane Doe"", ""company"": ""Global Demo"", ""region"": ""US""}"
WD-REC-00085,Workday,RECRUITING,Sourcing,Healthcare,Requisition -> Offer -> Hire -> Onboard -> Payroll,UI,Create Healthcare Workday Sourcing,Workday access is provisioned and Healthcare test data exists,"1. Open Workday Sourcing.
2. Execute: Requisition -> Offer -> Hire -> Onboard -> Payroll.
3. Perform validation and confirm downstream impact.","Requisition -> Offer -> Hire -> Onboard -> Payroll completes successfully with approvals, validations, and audit trail",Medium,Performance,"{""worker"": ""Jane Doe"", ""company"": ""Global Demo"", ""region"": ""US""}"
WD-REC-00086,Workday,RECRUITING,Sourcing,Healthcare,Employee Life Event -> Benefits -> Payroll -> Reporting,Mobile,Close Healthcare Workday Sourcing,Workday access is provisioned and Healthcare test data exists,"1. Open Workday Sourcing.
2. Execute: Employee Life Event -> Benefits -> Payroll -> Reporting.
3. Perform validation and confirm downstream impact.","Employee Life Event -> Benefits -> Payroll -> Reporting completes successfully with approvals, validations, and audit trail",Low,Integration,"{""worker"": ""Jane Doe"", ""company"": ""Global Demo"", ""region"": ""US""}"
WD-REC-00087,Workday,RECRUITING,Sourcing,Healthcare,Expense Submit -> Approval -> Accounting -> Reimbursement,Mobile,Submit Healthcare Workday Sourcing,Workday access is provisioned and Healthcare test data exists,"1. Open Workday Sourcing.
2. Execute: Expense Submit -> Approval -> Accounting -> Reimbursement.
3. Perform validation and confirm downstream impact.","Expense Submit -> Approval -> Accounting -> Reimbursement completes successfully with approvals, validations, and audit trail",Medium,Integration,"{""worker"": ""Jane Doe"", ""company"": ""Global Demo"", ""region"": ""US""}"
WD-REC-00088,Workday,RECRUITING,Sourcing,Healthcare,Supplier Invoice -> Matching -> Approval -> Payment,Security,Import Healthcare Workday Sourcing,Workday access is provisioned and Healthcare test data exists,"1. Open Workday Sourcing.
2. Execute: Supplier Invoice -> Matching -> Approval -> Payment.
3. Perform validation and confirm downstream impact.","Supplier Invoice -> Matching -> Approval -> Payment completes successfully with approvals, validations, and audit trail",Medium,UI,"{""worker"": ""Jane Doe"", ""company"": ""Global Demo"", ""region"": ""US""}"
WD-REC-00089,Workday,RECRUITING,Sourcing,Healthcare,Integration Load -> Validate -> Error Handling -> Reprocess,Mobile,Edit Healthcare Workday Sourcing,Workday access is provisioned and Healthcare test data exists,"1. Open Workday Sourcing.
2. Execute: Integration Load -> Validate -> Error Handling -> Reprocess.
3. Perform validation and confirm downstream impact.","Integration Load -> Validate -> Error Handling -> Reprocess completes successfully with approvals, validations, and audit trail",Medium,Workflow,"{""worker"": ""Jane Doe"", ""company"": ""Global Demo"", ""region"": ""US""}"
WD-REC-00090,Workday,RECRUITING,Sourcing,Healthcare,Recruiting -> Hire -> Onboard -> Time -> Payroll,Accessibility,Submit Healthcare Workday Sourcing,Workday access is provisioned and Healthcare test data exists,"1. Open Workday Sourcing.
2. Execute: Recruiting -> Hire -> Onboard -> Time -> Payroll.
3. Perform validation and confirm downstream impact.","Recruiting -> Hire -> Onboard -> Time -> Payroll completes successfully with approvals, validations, and audit trail",Medium,Security,"{""worker"": ""Jane Doe"", ""company"": ""Global Demo"", ""region"": ""US""}"
WD-REC-00091,Workday,RECRUITING,Sourcing,Healthcare,Budget -> Expense -> Journal -> Dashboard,Workflow,Update Healthcare Workday Sourcing,Workday access is provisioned and Healthcare test data exists,"1. Open Workday Sourcing.
2. Execute: Budget -> Expense -> Journal -> Dashboard.
3. Perform validation and confirm downstream impact.","Budget -> Expense -> Journal -> Dashboard completes successfully with approvals, validations, and audit trail",Medium,Accessibility,"{""worker"": ""Jane Doe"", ""company"": ""Global Demo"", ""region"": ""US""}"
WD-REC-00092,Workday,RECRUITING,Sourcing,Manufacturing,Requisition -> Offer -> Hire -> Onboard -> Payroll,Accessibility,Close Manufacturing Workday Sourcing,Workday access is provisioned and Manufacturing test data exists,"1. Open Workday Sourcing.
2. Execute: Requisition -> Offer -> Hire -> Onboard -> Payroll.
3. Perform validation and confirm downstream impact.","Requisition -> Offer -> Hire -> Onboard -> Payroll completes successfully with approvals, validations, and audit trail",Medium,Data Migration,"{""worker"": ""Jane Doe"", ""company"": ""Global Demo"", ""region"": ""US""}"
WD-REC-00093,Workday,RECRUITING,Sourcing,Manufacturing,Employee Life Event -> Benefits -> Payroll -> Reporting,Data Migration,Validate Manufacturing Workday Sourcing,Workday access is provisioned and Manufacturing test data exists,"1. Open Workday Sourcing.
2. Execute: Employee Life Event -> Benefits -> Payroll -> Reporting.
3. Perform validation and confirm downstream impact.","Employee Life Event -> Benefits -> Payroll -> Reporting completes successfully with approvals, validations, and audit trail",Medium,Data Migration,"{""worker"": ""Jane Doe"", ""company"": ""Global Demo"", ""region"": ""US""}"
WD-REC-00094,Workday,RECRUITING,Sourcing,Manufacturing,Expense Submit -> Approval -> Accounting -> Reimbursement,Accessibility,Update Manufacturing Workday Sourcing,Workday access is provisioned and Manufacturing test data exists,"1. Open Workday Sourcing.
2. Execute: Expense Submit -> Approval -> Accounting -> Reimbursement.
3. Perform validation and confirm downstream impact.","Expense Submit -> Approval -> Accounting -> Reimbursement completes successfully with approvals, validations, and audit trail",High,Functional,"{""worker"": ""Jane Doe"", ""company"": ""Global Demo"", ""region"": ""US""}"
WD-REC-00095,Workday,RECRUITING,Sourcing,Manufacturing,Supplier Invoice -> Matching -> Approval -> Payment,Regression,Route Manufacturing Workday Sourcing,Workday access is provisioned and Manufacturing test data exists,"1. Open Workday Sourcing.
2. Execute: Supplier Invoice -> Matching -> Approval -> Payment.
3. Perform validation and confirm downstream impact.","Supplier Invoice -> Matching -> Approval -> Payment completes successfully with approvals, validations, and audit trail",High,Functional,"{""worker"": ""Jane Doe"", ""company"": ""Global Demo"", ""region"": ""US""}"
WD-REC-00096,Workday,RECRUITING,Sourcing,Manufacturing,Integration Load -> Validate -> Error Handling -> Reprocess,Functional,Submit Manufacturing Workday Sourcing,Workday access is provisioned and Manufacturing test data exists,"1. Open Workday Sourcing.
2. Execute: Integration Load -> Validate -> Error Handling -> Reprocess.
3. Perform validation and confirm downstream impact.","Integration Load -> Validate -> Error Handling -> Reprocess completes successfully with approvals, validations, and audit trail",High,Regression,"{""worker"": ""Jane Doe"", ""company"": ""Global Demo"", ""region"": ""US""}"
WD-REC-00097,Workday,RECRUITING,Sourcing,Manufacturing,Recruiting -> Hire -> Onboard -> Time -> Payroll,UI,Create Manufacturing Workday Sourcing,Workday access is provisioned and Manufacturing test data exists,"1. Open Workday Sourcing.
2. Execute: Recruiting -> Hire -> Onboard -> Time -> Payroll.
3. Perform validation and confirm downstream impact.","Recruiting -> Hire -> Onboard -> Time -> Payroll completes successfully with approvals, validations, and audit trail",High,Accessibility,"{""worker"": ""Jane Doe"", ""company"": ""Global Demo"", ""region"": ""US""}"
WD-REC-00098,Workday,RECRUITING,Sourcing,Manufacturing,Budget -> Expense -> Journal -> Dashboard,UI,Submit Manufacturing Workday Sourcing,Workday access is provisioned and Manufacturing test data exists,"1. Open Workday Sourcing.
2. Execute: Budget -> Expense -> Journal -> Dashboard.
3. Perform validation and confirm downstream impact.","Budget -> Expense -> Journal -> Dashboard completes successfully with approvals, validations, and audit trail",High,Data Migration,"{""worker"": ""Jane Doe"", ""company"": ""Global Demo"", ""region"": ""US""}"
WD-REC-00099,Workday,RECRUITING,Sourcing,Education,Requisition -> Offer -> Hire -> Onboard -> Payroll,Security,Submit Education Workday Sourcing,Workday access is provisioned and Education test data exists,"1. Open Workday Sourcing.
2. Execute: Requisition -> Offer -> Hire -> Onboard -> Payroll.
3. Perform validation and confirm downstream impact.","Requisition -> Offer -> Hire -> Onboard -> Payroll completes successfully with approvals, validations, and audit trail",Low,Accessibility,"{""worker"": ""Jane Doe"", ""company"": ""Global Demo"", ""region"": ""US""}"
WD-REC-00100,Workday,RECRUITING,Sourcing,Education,Employee Life Event -> Benefits -> Payroll -> Reporting,Workflow,Approve Education Workday Sourcing,Workday access is provisioned and Education test data exists,"1. Open Workday Sourcing.
2. Execute: Employee Life Event -> Benefits -> Payroll -> Reporting.
3. Perform validation and confirm downstream impact.","Employee Life Event -> Benefits -> Payroll -> Reporting completes successfully with approvals, validations, and audit trail",Medium,Accessibility,"{""worker"": ""Jane Doe"", ""company"": ""Global Demo"", ""region"": ""US""}"
WD-REC-00101,Workday,RECRUITING,Sourcing,Education,Expense Submit -> Approval -> Accounting -> Reimbursement,Data Migration,Close Education Workday Sourcing,Workday access is provisioned and Education test data exists,"1. Open Workday Sourcing.
2. Execute: Expense Submit -> Approval -> Accounting -> Reimbursement.
3. Perform validation and confirm downstream impact.","Expense Submit -> Approval -> Accounting -> Reimbursement completes successfully with approvals, validations, and audit trail",Low,Mobile,"{""worker"": ""Jane Doe"", ""company"": ""Global Demo"", ""region"": ""US""}"
WD-REC-00102,Workday,RECRUITING,Sourcing,Education,Supplier Invoice -> Matching -> Approval -> Payment,Mobile,Sync Education Workday Sourcing,Workday access is provisioned and Education test data exists,"1. Open Workday Sourcing.
2. Execute: Supplier Invoice -> Matching -> Approval -> Payment.
3. Perform validation and confirm downstream impact.","Supplier Invoice -> Matching -> Approval -> Payment completes successfully with approvals, validations, and audit trail",Low,Workflow,"{""worker"": ""Jane Doe"", ""company"": ""Global Demo"", ""region"": ""US""}"
WD-REC-00103,Workday,RECRUITING,Sourcing,Education,Integration Load -> Validate -> Error Handling -> Reprocess,UI,Approve Education Workday Sourcing,Workday access is provisioned and Education test data exists,"1. Open Workday Sourcing.
2. Execute: Integration Load -> Validate -> Error Handling -> Reprocess.
3. Perform validation and confirm downstream impact.","Integration Load -> Validate -> Error Handling -> Reprocess completes successfully with approvals, validations, and audit trail",Low,Integration,"{""worker"": ""Jane Doe"", ""company"": ""Global Demo"", ""region"": ""US""}"
WD-REC-00104,Workday,RECRUITING,Sourcing,Education,Recruiting -> Hire -> Onboard -> Time -> Payroll,Security,Export Education Workday Sourcing,Workday access is provisioned and Education test data exists,"1. Open Workday Sourcing.
2. Execute: Recruiting -> Hire -> Onboard -> Time -> Payroll.
3. Perform validation and confirm downstream impact.","Recruiting -> Hire -> Onboard -> Time -> Payroll completes successfully with approvals, validations, and audit trail",Low,Performance,"{""worker"": ""Jane Doe"", ""company"": ""Global Demo"", ""region"": ""US""}"
WD-REC-00105,Workday,RECRUITING,Sourcing,Education,Budget -> Expense -> Journal -> Dashboard,Data Migration,Close Education Workday Sourcing,Workday access is provisioned and Education test data exists,"1. Open Workday Sourcing.
2. Execute: Budget -> Expense -> Journal -> Dashboard.
3. Perform validation and confirm downstream impact.","Budget -> Expense -> Journal -> Dashboard completes successfully with approvals, validations, and audit trail",Medium,Performance,"{""worker"": ""Jane Doe"", ""company"": ""Global Demo"", ""region"": ""US""}"
WD-REC-00106,Workday,RECRUITING,Sourcing,Nonprofit,Requisition -> Offer -> Hire -> Onboard -> Payroll,Data Migration,Close Nonprofit Workday Sourcing,Workday access is provisioned and Nonprofit test data exists,"1. Open Workday Sourcing.
2. Execute: Requisition -> Offer -> Hire -> Onboard -> Payroll.
3. Perform validation and confirm downstream impact.","Requisition -> Offer -> Hire -> Onboard -> Payroll completes successfully with approvals, validations, and audit trail",Low,Regression,"{""worker"": ""Jane Doe"", ""company"": ""Global Demo"", ""region"": ""US""}"
WD-REC-00107,Workday,RECRUITING,Sourcing,Nonprofit,Employee Life Event -> Benefits -> Payroll -> Reporting,UI,Edit Nonprofit Workday Sourcing,Workday access is provisioned and Nonprofit test data exists,"1. Open Workday Sourcing.
2. Execute: Employee Life Event -> Benefits -> Payroll -> Reporting.
3. Perform validation and confirm downstream impact.","Employee Life Event -> Benefits -> Payroll -> Reporting completes successfully with approvals, validations, and audit trail",Medium,Security,"{""worker"": ""Jane Doe"", ""company"": ""Global Demo"", ""region"": ""US""}"
WD-REC-00108,Workday,RECRUITING,Sourcing,Nonprofit,Expense Submit -> Approval -> Accounting -> Reimbursement,Accessibility,Close Nonprofit Workday Sourcing,Workday access is provisioned and Nonprofit test data exists,"1. Open Workday Sourcing.
2. Execute: Expense Submit -> Approval -> Accounting -> Reimbursement.
3. Perform validation and confirm downstream impact.","Expense Submit -> Approval -> Accounting -> Reimbursement completes successfully with approvals, validations, and audit trail",High,Mobile,"{""worker"": ""Jane Doe"", ""company"": ""Global Demo"", ""region"": ""US""}"
WD-REC-00109,Workday,RECRUITING,Sourcing,Nonprofit,Supplier Invoice -> Matching -> Approval -> Payment,Integration,Validate Nonprofit Workday Sourcing,Workday access is provisioned and Nonprofit test data exists,"1. Open Workday Sourcing.
2. Execute: Supplier Invoice -> Matching -> Approval -> Payment.
3. Perform validation and confirm downstream impact.","Supplier Invoice -> Matching -> Approval -> Payment completes successfully with approvals, validations, and audit trail",Low,Integration,"{""worker"": ""Jane Doe"", ""company"": ""Global Demo"", ""region"": ""US""}"
WD-REC-00110,Workday,RECRUITING,Sourcing,Nonprofit,Integration Load -> Validate -> Error Handling -> Reprocess,Performance,Export Nonprofit Workday Sourcing,Workday access is provisioned and Nonprofit test data exists,"1. Open Workday Sourcing.
2. Execute: Integration Load -> Validate -> Error Handling -> Reprocess.
3. Perform validation and confirm downstream impact.","Integration Load -> Validate -> Error Handling -> Reprocess completes successfully with approvals, validations, and audit trail",Low,Data Migration,"{""worker"": ""Jane Doe"", ""company"": ""Global Demo"", ""region"": ""US""}"
WD-REC-00111,Workday,RECRUITING,Sourcing,Nonprofit,Recruiting -> Hire -> Onboard -> Time -> Payroll,Regression,Edit Nonprofit Workday Sourcing,Workday access is provisioned and Nonprofit test data exists,"1. Open Workday Sourcing.
2. Execute: Recruiting -> Hire -> Onboard -> Time -> Payroll.
3. Perform validation and confirm downstream impact.","Recruiting -> Hire -> Onboard -> Time -> Payroll completes successfully with approvals, validations, and audit trail",Low,Security,"{""worker"": ""Jane Doe"", ""company"": ""Global Demo"", ""region"": ""US""}"
WD-REC-00112,Workday,RECRUITING,Sourcing,Nonprofit,Budget -> Expense -> Journal -> Dashboard,Mobile,Route Nonprofit Workday Sourcing,Workday access is provisioned and Nonprofit test data exists,"1. Open Workday Sourcing.
2. Execute: Budget -> Expense -> Journal -> Dashboard.
3. Perform validation and confirm downstream impact.","Budget -> Expense -> Journal -> Dashboard completes successfully with approvals, validations, and audit trail",High,Data Migration,"{""worker"": ""Jane Doe"", ""company"": ""Global Demo"", ""region"": ""US""}"
WD-REC-00113,Workday,RECRUITING,Sourcing,Financial Services,Requisition -> Offer -> Hire -> Onboard -> Payroll,Security,Import Financial Services Workday Sourcing,Workday access is provisioned and Financial Services test data exists,"1. Open Workday Sourcing.
2. Execute: Requisition -> Offer -> Hire -> Onboard -> Payroll.
3. Perform validation and confirm downstream impact.","Requisition -> Offer -> Hire -> Onboard -> Payroll completes successfully with approvals, validations, and audit trail",Medium,Mobile,"{""worker"": ""Jane Doe"", ""company"": ""Global Demo"", ""region"": ""US""}"
WD-REC-00114,Workday,RECRUITING,Sourcing,Financial Services,Employee Life Event -> Benefits -> Payroll -> Reporting,Performance,Review Financial Services Workday Sourcing,Workday access is provisioned and Financial Services test data exists,"1. Open Workday Sourcing.
2. Execute: Employee Life Event -> Benefits -> Payroll -> Reporting.
3. Perform validation and confirm downstream impact.","Employee Life Event -> Benefits -> Payroll -> Reporting completes successfully with approvals, validations, and audit trail",High,Functional,"{""worker"": ""Jane Doe"", ""company"": ""Global Demo"", ""region"": ""US""}"
WD-REC-00115,Workday,RECRUITING,Sourcing,Financial Services,Expense Submit -> Approval -> Accounting -> Reimbursement,Data Migration,Export Financial Services Workday Sourcing,Workday access is provisioned and Financial Services test data exists,"1. Open Workday Sourcing.
2. Execute: Expense Submit -> Approval -> Accounting -> Reimbursement.
3. Perform validation and confirm downstream impact.","Expense Submit -> Approval -> Accounting -> Reimbursement completes successfully with approvals, validations, and audit trail",High,Regression,"{""worker"": ""Jane Doe"", ""company"": ""Global Demo"", ""region"": ""US""}"
WD-REC-00116,Workday,RECRUITING,Sourcing,Financial Services,Supplier Invoice -> Matching -> Approval -> Payment,Functional,Reject Financial Services Workday Sourcing,Workday access is provisioned and Financial Services test data exists,"1. Open Workday Sourcing.
2. Execute: Supplier Invoice -> Matching -> Approval -> Payment.
3. Perform validation and confirm downstream impact.","Supplier Invoice -> Matching -> Approval -> Payment completes successfully with approvals, validations, and audit trail",Medium,Functional,"{""worker"": ""Jane Doe"", ""company"": ""Global Demo"", ""region"": ""US""}"
WD-REC-00117,Workday,RECRUITING,Sourcing,Financial Services,Integration Load -> Validate -> Error Handling -> Reprocess,Accessibility,Sync Financial Services Workday Sourcing,Workday access is provisioned and Financial Services test data exists,"1. Open Workday Sourcing.
2. Execute: Integration Load -> Validate -> Error Handling -> Reprocess.
3. Perform validation and confirm downstream impact.","Integration Load -> Validate -> Error Handling -> Reprocess completes successfully with approvals, validations, and audit trail",Low,Integration,"{""worker"": ""Jane Doe"", ""company"": ""Global Demo"", ""region"": ""US""}"
WD-REC-00118,Workday,RECRUITING,Sourcing,Financial Services,Recruiting -> Hire -> Onboard -> Time -> Payroll,Data Migration,Edit Financial Services Workday Sourcing,Workday access is provisioned and Financial Services test data exists,"1. Open Workday Sourcing.
2. Execute: Recruiting -> Hire -> Onboard -> Time -> Payroll.
3. Perform validation and confirm downstream impact.","Recruiting -> Hire -> Onboard -> Time -> Payroll completes successfully with approvals, validations, and audit trail",Low,Data Migration,"{""worker"": ""Jane Doe"", ""company"": ""Global Demo"", ""region"": ""US""}"
WD-REC-00119,Workday,RECRUITING,Sourcing,Financial Services,Budget -> Expense -> Journal -> Dashboard,Integration,Submit Financial Services Workday Sourcing,Workday access is provisioned and Financial Services test data exists,"1. Open Workday Sourcing.
2. Execute: Budget -> Expense -> Journal -> Dashboard.
3. Perform validation and confirm downstream impact.","Budget -> Expense -> Journal -> Dashboard completes successfully with approvals, validations, and audit trail",Medium,Mobile,"{""worker"": ""Jane Doe"", ""company"": ""Global Demo"", ""region"": ""US""}"
WD-REC-00120,Workday,RECRUITING,Sourcing,Technology,Requisition -> Offer -> Hire -> Onboard -> Payroll,Security,Review Technology Workday Sourcing,Workday access is provisioned and Technology test data exists,"1. Open Workday Sourcing.
2. Execute: Requisition -> Offer -> Hire -> Onboard -> Payroll.
3. Perform validation and confirm downstream impact.","Requisition -> Offer -> Hire -> Onboard -> Payroll completes successfully with approvals, validations, and audit trail",High,Functional,"{""worker"": ""Jane Doe"", ""company"": ""Global Demo"", ""region"": ""US""}"
WD-REC-00121,Workday,RECRUITING,Sourcing,Technology,Employee Life Event -> Benefits -> Payroll -> Reporting,UI,Edit Technology Workday Sourcing,Workday access is provisioned and Technology test data exists,"1. Open Workday Sourcing.
2. Execute: Employee Life Event -> Benefits -> Payroll -> Reporting.
3. Perform validation and confirm downstream impact.","Employee Life Event -> Benefits -> Payroll -> Reporting completes successfully with approvals, validations, and audit trail",High,Mobile,"{""worker"": ""Jane Doe"", ""company"": ""Global Demo"", ""region"": ""US""}"
WD-REC-00122,Workday,RECRUITING,Sourcing,Technology,Expense Submit -> Approval -> Accounting -> Reimbursement,Data Migration,Update Technology Workday Sourcing,Workday access is provisioned and Technology test data exists,"1. Open Workday Sourcing.
2. Execute: Expense Submit -> Approval -> Accounting -> Reimbursement.
3. Perform validation and confirm downstream impact.","Expense Submit -> Approval -> Accounting -> Reimbursement completes successfully with approvals, validations, and audit trail",High,Security,"{""worker"": ""Jane Doe"", ""company"": ""Global Demo"", ""region"": ""US""}"
WD-REC-00123,Workday,RECRUITING,Sourcing,Technology,Supplier Invoice -> Matching -> Approval -> Payment,Security,Edit Technology Workday Sourcing,Workday access is provisioned and Technology test data exists,"1. Open Workday Sourcing.
2. Execute: Supplier Invoice -> Matching -> Approval -> Payment.
3. Perform validation and confirm downstream impact.","Supplier Invoice -> Matching -> Approval -> Payment completes successfully with approvals, validations, and audit trail",High,Mobile,"{""worker"": ""Jane Doe"", ""company"": ""Global Demo"", ""region"": ""US""}"
WD-REC-00124,Workday,RECRUITING,Sourcing,Technology,Integration Load -> Validate -> Error Handling -> Reprocess,Regression,Import Technology Workday Sourcing,Workday access is provisioned and Technology test data exists,"1. Open Workday Sourcing.
2. Execute: Integration Load -> Validate -> Error Handling -> Reprocess.
3. Perform validation and confirm downstream impact.","Integration Load -> Validate -> Error Handling -> Reprocess completes successfully with approvals, validations, and audit trail",Medium,Mobile,"{""worker"": ""Jane Doe"", ""company"": ""Global Demo"", ""region"": ""US""}"
WD-REC-00125,Workday,RECRUITING,Sourcing,Technology,Recruiting -> Hire -> Onboard -> Time -> Payroll,UI,Route Technology Workday Sourcing,Workday access is provisioned and Technology test data exists,"1. Open Workday Sourcing.
2. Execute: Recruiting -> Hire -> Onboard -> Time -> Payroll.
3. Perform validation and confirm downstream impact.","Recruiting -> Hire -> Onboard -> Time -> Payroll completes successfully with approvals, validations, and audit trail",High,Workflow,"{""worker"": ""Jane Doe"", ""company"": ""Global Demo"", ""region"": ""US""}"
WD-REC-00126,Workday,RECRUITING,Sourcing,Technology,Budget -> Expense -> Journal -> Dashboard,Functional,Export Technology Workday Sourcing,Workday access is provisioned and Technology test data exists,"1. Open Workday Sourcing.
2. Execute: Budget -> Expense -> Journal -> Dashboard.
3. Perform validation and confirm downstream impact.","Budget -> Expense -> Journal -> Dashboard completes successfully with approvals, validations, and audit trail",Low,Performance,"{""worker"": ""Jane Doe"", ""company"": ""Global Demo"", ""region"": ""US""}"
WD-REC-00127,Workday,RECRUITING,Sourcing,Public Sector,Requisition -> Offer -> Hire -> Onboard -> Payroll,Regression,Sync Public Sector Workday Sourcing,Workday access is provisioned and Public Sector test data exists,"1. Open Workday Sourcing.
2. Execute: Requisition -> Offer -> Hire -> Onboard -> Payroll.
3. Perform validation and confirm downstream impact.","Requisition -> Offer -> Hire -> Onboard -> Payroll completes successfully with approvals, validations, and audit trail",Medium,Integration,"{""worker"": ""Jane Doe"", ""company"": ""Global Demo"", ""region"": ""US""}"
WD-REC-00128,Workday,RECRUITING,Sourcing,Public Sector,Employee Life Event -> Benefits -> Payroll -> Reporting,UI,Close Public Sector Workday Sourcing,Workday access is provisioned and Public Sector test data exists,"1. Open Workday Sourcing.
2. Execute: Employee Life Event -> Benefits -> Payroll -> Reporting.
3. Perform validation and confirm downstream impact.","Employee Life Event -> Benefits -> Payroll -> Reporting completes successfully with approvals, validations, and audit trail",High,Mobile,"{""worker"": ""Jane Doe"", ""company"": ""Global Demo"", ""region"": ""US""}"
WD-REC-00129,Workday,RECRUITING,Sourcing,Public Sector,Expense Submit -> Approval -> Accounting -> Reimbursement,Mobile,Sync Public Sector Workday Sourcing,Workday access is provisioned and Public Sector test data exists,"1. Open Workday Sourcing.
2. Execute: Expense Submit -> Approval -> Accounting -> Reimbursement.
3. Perform validation and confirm downstream impact.","Expense Submit -> Approval -> Accounting -> Reimbursement completes successfully with approvals, validations, and audit trail",Low,Regression,"{""worker"": ""Jane Doe"", ""company"": ""Global Demo"", ""region"": ""US""}"
WD-REC-00130,Workday,RECRUITING,Sourcing,Public Sector,Supplier Invoice -> Matching -> Approval -> Payment,Performance,Close Public Sector Workday Sourcing,Workday access is provisioned and Public Sector test data exists,"1. Open Workday Sourcing.
2. Execute: Supplier Invoice -> Matching -> Approval -> Payment.
3. Perform validation and confirm downstream impact.","Supplier Invoice -> Matching -> Approval -> Payment completes successfully with approvals, validations, and audit trail",High,Functional,"{""worker"": ""Jane Doe"", ""company"": ""Global Demo"", ""region"": ""US""}"
WD-REC-00131,Workday,RECRUITING,Sourcing,Public Sector,Integration Load -> Validate -> Error Handling -> Reprocess,UI,Import Public Sector Workday Sourcing,Workday access is provisioned and Public Sector test data exists,"1. Open Workday Sourcing.
2. Execute: Integration Load -> Validate -> Error Handling -> Reprocess.
3. Perform validation and confirm downstream impact.","Integration Load -> Validate -> Error Handling -> Reprocess completes successfully with approvals, validations, and audit trail",Low,Performance,"{""worker"": ""Jane Doe"", ""company"": ""Global Demo"", ""region"": ""US""}"
WD-REC-00132,Workday,RECRUITING,Sourcing,Public Sector,Recruiting -> Hire -> Onboard -> Time -> Payroll,Functional,Import Public Sector Workday Sourcing,Workday access is provisioned and Public Sector test data exists,"1. Open Workday Sourcing.
2. Execute: Recruiting -> Hire -> Onboard -> Time -> Payroll.
3. Perform validation and confirm downstream impact.","Recruiting -> Hire -> Onboard -> Time -> Payroll completes successfully with approvals, validations, and audit trail",High,Security,"{""worker"": ""Jane Doe"", ""company"": ""Global Demo"", ""region"": ""US""}"
WD-REC-00133,Workday,RECRUITING,Sourcing,Public Sector,Budget -> Expense -> Journal -> Dashboard,Integration,Edit Public Sector Workday Sourcing,Workday access is provisioned and Public Sector test data exists,"1. Open Workday Sourcing.
2. Execute: Budget -> Expense -> Journal -> Dashboard.
3. Perform validation and confirm downstream impact.","Budget -> Expense -> Journal -> Dashboard completes successfully with approvals, validations, and audit trail",Low,Accessibility,"{""worker"": ""Jane Doe"", ""company"": ""Global Demo"", ""region"": ""US""}"
WD-REC-00134,Workday,RECRUITING,Sourcing,Hospitality,Requisition -> Offer -> Hire -> Onboard -> Payroll,Integration,Update Hospitality Workday Sourcing,Workday access is provisioned and Hospitality test data exists,"1. Open Workday Sourcing.
2. Execute: Requisition -> Offer -> Hire -> Onboard -> Payroll.
3. Perform validation and confirm downstream impact.","Requisition -> Offer -> Hire -> Onboard -> Payroll completes successfully with approvals, validations, and audit trail",Medium,Workflow,"{""worker"": ""Jane Doe"", ""company"": ""Global Demo"", ""region"": ""US""}"
WD-REC-00135,Workday,RECRUITING,Sourcing,Hospitality,Employee Life Event -> Benefits -> Payroll -> Reporting,Mobile,Submit Hospitality Workday Sourcing,Workday access is provisioned and Hospitality test data exists,"1. Open Workday Sourcing.
2. Execute: Employee Life Event -> Benefits -> Payroll -> Reporting.
3. Perform validation and confirm downstream impact.","Employee Life Event -> Benefits -> Payroll -> Reporting completes successfully with approvals, validations, and audit trail",Medium,Data Migration,"{""worker"": ""Jane Doe"", ""company"": ""Global Demo"", ""region"": ""US""}"
WD-REC-00136,Workday,RECRUITING,Sourcing,Hospitality,Expense Submit -> Approval -> Accounting -> Reimbursement,Regression,Close Hospitality Workday Sourcing,Workday access is provisioned and Hospitality test data exists,"1. Open Workday Sourcing.
2. Execute: Expense Submit -> Approval -> Accounting -> Reimbursement.
3. Perform validation and confirm downstream impact.","Expense Submit -> Approval -> Accounting -> Reimbursement completes successfully with approvals, validations, and audit trail",High,Regression,"{""worker"": ""Jane Doe"", ""company"": ""Global Demo"", ""region"": ""US""}"
WD-REC-00137,Workday,RECRUITING,Sourcing,Hospitality,Supplier Invoice -> Matching -> Approval -> Payment,Regression,Create Hospitality Workday Sourcing,Workday access is provisioned and Hospitality test data exists,"1. Open Workday Sourcing.
2. Execute: Supplier Invoice -> Matching -> Approval -> Payment.
3. Perform validation and confirm downstream impact.","Supplier Invoice -> Matching -> Approval -> Payment completes successfully with approvals, validations, and audit trail",High,Workflow,"{""worker"": ""Jane Doe"", ""company"": ""Global Demo"", ""region"": ""US""}"
WD-REC-00138,Workday,RECRUITING,Sourcing,Hospitality,Integration Load -> Validate -> Error Handling -> Reprocess,UI,Submit Hospitality Workday Sourcing,Workday access is provisioned and Hospitality test data exists,"1. Open Workday Sourcing.
2. Execute: Integration Load -> Validate -> Error Handling -> Reprocess.
3. Perform validation and confirm downstream impact.","Integration Load -> Validate -> Error Handling -> Reprocess completes successfully with approvals, validations, and audit trail",Medium,Accessibility,"{""worker"": ""Jane Doe"", ""company"": ""Global Demo"", ""region"": ""US""}"
WD-REC-00139,Workday,RECRUITING,Sourcing,Hospitality,Recruiting -> Hire -> Onboard -> Time -> Payroll,Data Migration,Reject Hospitality Workday Sourcing,Workday access is provisioned and Hospitality test data exists,"1. Open Workday Sourcing.
2. Execute: Recruiting -> Hire -> Onboard -> Time -> Payroll.
3. Perform validation and confirm downstream impact.","Recruiting -> Hire -> Onboard -> Time -> Payroll completes successfully with approvals, validations, and audit trail",Low,Mobile,"{""worker"": ""Jane Doe"", ""company"": ""Global Demo"", ""region"": ""US""}"
WD-REC-00140,Workday,RECRUITING,Sourcing,Hospitality,Budget -> Expense -> Journal -> Dashboard,Integration,Reject Hospitality Workday Sourcing,Workday access is provisioned and Hospitality test data exists,"1. Open Workday Sourcing.
2. Execute: Budget -> Expense -> Journal -> Dashboard.
3. Perform validation and confirm downstream impact.","Budget -> Expense -> Journal -> Dashboard completes successfully with approvals, validations, and audit trail",Medium,UI,"{""worker"": ""Jane Doe"", ""company"": ""Global Demo"", ""region"": ""US""}"
WD-REC-00141,Workday,RECRUITING,Interview,Corporate,Requisition -> Offer -> Hire -> Onboard -> Payroll,Functional,Review Corporate Workday Interview,Workday access is provisioned and Corporate test data exists,"1. Open Workday Interview.
2. Execute: Requisition -> Offer -> Hire -> Onboard -> Payroll.
3. Perform validation and confirm downstream impact.","Requisition -> Offer -> Hire -> Onboard -> Payroll completes successfully with approvals, validations, and audit trail",High,Functional,"{""worker"": ""Jane Doe"", ""company"": ""Global Demo"", ""region"": ""US""}"
WD-REC-00142,Workday,RECRUITING,Interview,Corporate,Employee Life Event -> Benefits -> Payroll -> Reporting,Workflow,Edit Corporate Workday Interview,Workday access is provisioned and Corporate test data exists,"1. Open Workday Interview.
2. Execute: Employee Life Event -> Benefits -> Payroll -> Reporting.
3. Perform validation and confirm downstream impact.","Employee Life Event -> Benefits -> Payroll -> Reporting completes successfully with approvals, validations, and audit trail",Medium,Regression,"{""worker"": ""Jane Doe"", ""company"": ""Global Demo"", ""region"": ""US""}"
WD-REC-00143,Workday,RECRUITING,Interview,Corporate,Expense Submit -> Approval -> Accounting -> Reimbursement,Functional,Review Corporate Workday Interview,Workday access is provisioned and Corporate test data exists,"1. Open Workday Interview.
2. Execute: Expense Submit -> Approval -> Accounting -> Reimbursement.
3. Perform validation and confirm downstream impact.","Expense Submit -> Approval -> Accounting -> Reimbursement completes successfully with approvals, validations, and audit trail",Low,Performance,"{""worker"": ""Jane Doe"", ""company"": ""Global Demo"", ""region"": ""US""}"
WD-REC-00144,Workday,RECRUITING,Interview,Corporate,Supplier Invoice -> Matching -> Approval -> Payment,Mobile,Export Corporate Workday Interview,Workday access is provisioned and Corporate test data exists,"1. Open Workday Interview.
2. Execute: Supplier Invoice -> Matching -> Approval -> Payment.
3. Perform validation and confirm downstream impact.","Supplier Invoice -> Matching -> Approval -> Payment completes successfully with approvals, validations, and audit trail",Low,Regression,"{""worker"": ""Jane Doe"", ""company"": ""Global Demo"", ""region"": ""US""}"
WD-REC-00145,Workday,RECRUITING,Interview,Corporate,Integration Load -> Validate -> Error Handling -> Reprocess,Integration,Close Corporate Workday Interview,Workday access is provisioned and Corporate test data exists,"1. Open Workday Interview.
2. Execute: Integration Load -> Validate -> Error Handling -> Reprocess.
3. Perform validation and confirm downstream impact.","Integration Load -> Validate -> Error Handling -> Reprocess completes successfully with approvals, validations, and audit trail",High,Regression,"{""worker"": ""Jane Doe"", ""company"": ""Global Demo"", ""region"": ""US""}"
WD-REC-00146,Workday,RECRUITING,Interview,Corporate,Recruiting -> Hire -> Onboard -> Time -> Payroll,Integration,Route Corporate Workday Interview,Workday access is provisioned and Corporate test data exists,"1. Open Workday Interview.
2. Execute: Recruiting -> Hire -> Onboard -> Time -> Payroll.
3. Perform validation and confirm downstream impact.","Recruiting -> Hire -> Onboard -> Time -> Payroll completes successfully with approvals, validations, and audit trail",High,Performance,"{""worker"": ""Jane Doe"", ""company"": ""Global Demo"", ""region"": ""US""}"
WD-REC-00147,Workday,RECRUITING,Interview,Corporate,Budget -> Expense -> Journal -> Dashboard,Workflow,Create Corporate Workday Interview,Workday access is provisioned and Corporate test data exists,"1. Open Workday Interview.
2. Execute: Budget -> Expense -> Journal -> Dashboard.
3. Perform validation and confirm downstream impact.","Budget -> Expense -> Journal -> Dashboard completes successfully with approvals, validations, and audit trail",Low,Regression,"{""worker"": ""Jane Doe"", ""company"": ""Global Demo"", ""region"": ""US""}"
WD-REC-00148,Workday,RECRUITING,Interview,Retail,Requisition -> Offer -> Hire -> Onboard -> Payroll,Security,Approve Retail Workday Interview,Workday access is provisioned and Retail test data exists,"1. Open Workday Interview.
2. Execute: Requisition -> Offer -> Hire -> Onboard -> Payroll.
3. Perform validation and confirm downstream impact.","Requisition -> Offer -> Hire -> Onboard -> Payroll completes successfully with approvals, validations, and audit trail",Low,UI,"{""worker"": ""Jane Doe"", ""company"": ""Global Demo"", ""region"": ""US""}"
WD-REC-00149,Workday,RECRUITING,Interview,Retail,Employee Life Event -> Benefits -> Payroll -> Reporting,Functional,Close Retail Workday Interview,Workday access is provisioned and Retail test data exists,"1. Open Workday Interview.
2. Execute: Employee Life Event -> Benefits -> Payroll -> Reporting.
3. Perform validation and confirm downstream impact.","Employee Life Event -> Benefits -> Payroll -> Reporting completes successfully with approvals, validations, and audit trail",Low,Security,"{""worker"": ""Jane Doe"", ""company"": ""Global Demo"", ""region"": ""US""}"
WD-REC-00150,Workday,RECRUITING,Interview,Retail,Expense Submit -> Approval -> Accounting -> Reimbursement,Mobile,Validate Retail Workday Interview,Workday access is provisioned and Retail test data exists,"1. Open Workday Interview.
2. Execute: Expense Submit -> Approval -> Accounting -> Reimbursement.
3. Perform validation and confirm downstream impact.","Expense Submit -> Approval -> Accounting -> Reimbursement completes successfully with approvals, validations, and audit trail",Low,UI,"{""worker"": ""Jane Doe"", ""company"": ""Global Demo"", ""region"": ""US""}"
WD-REC-00151,Workday,RECRUITING,Interview,Retail,Supplier Invoice -> Matching -> Approval -> Payment,Security,Edit Retail Workday Interview,Workday access is provisioned and Retail test data exists,"1. Open Workday Interview.
2. Execute: Supplier Invoice -> Matching -> Approval -> Payment.
3. Perform validation and confirm downstream impact.","Supplier Invoice -> Matching -> Approval -> Payment completes successfully with approvals, validations, and audit trail",Medium,Regression,"{""worker"": ""Jane Doe"", ""company"": ""Global Demo"", ""region"": ""US""}"
WD-REC-00152,Workday,RECRUITING,Interview,Retail,Integration Load -> Validate -> Error Handling -> Reprocess,Functional,Submit Retail Workday Interview,Workday access is provisioned and Retail test data exists,"1. Open Workday Interview.
2. Execute: Integration Load -> Validate -> Error Handling -> Reprocess.
3. Perform validation and confirm downstream impact.","Integration Load -> Validate -> Error Handling -> Reprocess completes successfully with approvals, validations, and audit trail",Medium,Security,"{""worker"": ""Jane Doe"", ""company"": ""Global Demo"", ""region"": ""US""}"
WD-REC-00153,Workday,RECRUITING,Interview,Retail,Recruiting -> Hire -> Onboard -> Time -> Payroll,Mobile,Approve Retail Workday Interview,Workday access is provisioned and Retail test data exists,"1. Open Workday Interview.
2. Execute: Recruiting -> Hire -> Onboard -> Time -> Payroll.
3. Perform validation and confirm downstream impact.","Recruiting -> Hire -> Onboard -> Time -> Payroll completes successfully with approvals, validations, and audit trail",High,Mobile,"{""worker"": ""Jane Doe"", ""company"": ""Global Demo"", ""region"": ""US""}"
WD-REC-00154,Workday,RECRUITING,Interview,Retail,Budget -> Expense -> Journal -> Dashboard,Integration,Update Retail Workday Interview,Workday access is provisioned and Retail test data exists,"1. Open Workday Interview.
2. Execute: Budget -> Expense -> Journal -> Dashboard.
3. Perform validation and confirm downstream impact.","Budget -> Expense -> Journal -> Dashboard completes successfully with approvals, validations, and audit trail",Medium,Security,"{""worker"": ""Jane Doe"", ""company"": ""Global Demo"", ""region"": ""US""}"
WD-REC-00155,Workday,RECRUITING,Interview,Healthcare,Requisition -> Offer -> Hire -> Onboard -> Payroll,Integration,Approve Healthcare Workday Interview,Workday access is provisioned and Healthcare test data exists,"1. Open Workday Interview.
2. Execute: Requisition -> Offer -> Hire -> Onboard -> Payroll.
3. Perform validation and confirm downstream impact.","Requisition -> Offer -> Hire -> Onboard -> Payroll completes successfully with approvals, validations, and audit trail",Medium,Regression,"{""worker"": ""Jane Doe"", ""company"": ""Global Demo"", ""region"": ""US""}"
WD-REC-00156,Workday,RECRUITING,Interview,Healthcare,Employee Life Event -> Benefits -> Payroll -> Reporting,UI,Reject Healthcare Workday Interview,Workday access is provisioned and Healthcare test data exists,"1. Open Workday Interview.
2. Execute: Employee Life Event -> Benefits -> Payroll -> Reporting.
3. Perform validation and confirm downstream impact.","Employee Life Event -> Benefits -> Payroll -> Reporting completes successfully with approvals, validations, and audit trail",Low,UI,"{""worker"": ""Jane Doe"", ""company"": ""Global Demo"", ""region"": ""US""}"
WD-REC-00157,Workday,RECRUITING,Interview,Healthcare,Expense Submit -> Approval -> Accounting -> Reimbursement,Mobile,Export Healthcare Workday Interview,Workday access is provisioned and Healthcare test data exists,"1. Open Workday Interview.
2. Execute: Expense Submit -> Approval -> Accounting -> Reimbursement.
3. Perform validation and confirm downstream impact.","Expense Submit -> Approval -> Accounting -> Reimbursement completes successfully with approvals, validations, and audit trail",High,Performance,"{""worker"": ""Jane Doe"", ""company"": ""Global Demo"", ""region"": ""US""}"
WD-REC-00158,Workday,RECRUITING,Interview,Healthcare,Supplier Invoice -> Matching -> Approval -> Payment,Integration,Create Healthcare Workday Interview,Workday access is provisioned and Healthcare test data exists,"1. Open Workday Interview.
2. Execute: Supplier Invoice -> Matching -> Approval -> Payment.
3. Perform validation and confirm downstream impact.","Supplier Invoice -> Matching -> Approval -> Payment completes successfully with approvals, validations, and audit trail",High,Accessibility,"{""worker"": ""Jane Doe"", ""company"": ""Global Demo"", ""region"": ""US""}"
WD-REC-00159,Workday,RECRUITING,Interview,Healthcare,Integration Load -> Validate -> Error Handling -> Reprocess,UI,Approve Healthcare Workday Interview,Workday access is provisioned and Healthcare test data exists,"1. Open Workday Interview.
2. Execute: Integration Load -> Validate -> Error Handling -> Reprocess.
3. Perform validation and confirm downstream impact.","Integration Load -> Validate -> Error Handling -> Reprocess completes successfully with approvals, validations, and audit trail",Low,Integration,"{""worker"": ""Jane Doe"", ""company"": ""Global Demo"", ""region"": ""US""}"
WD-REC-00160,Workday,RECRUITING,Interview,Healthcare,Recruiting -> Hire -> Onboard -> Time -> Payroll,Security,Approve Healthcare Workday Interview,Workday access is provisioned and Healthcare test data exists,"1. Open Workday Interview.
2. Execute: Recruiting -> Hire -> Onboard -> Time -> Payroll.
3. Perform validation and confirm downstream impact.","Recruiting -> Hire -> Onboard -> Time -> Payroll completes successfully with approvals, validations, and audit trail",Low,Integration,"{""worker"": ""Jane Doe"", ""company"": ""Global Demo"", ""region"": ""US""}"
WD-REC-00161,Workday,RECRUITING,Interview,Healthcare,Budget -> Expense -> Journal -> Dashboard,Security,Import Healthcare Workday Interview,Workday access is provisioned and Healthcare test data exists,"1. Open Workday Interview.
2. Execute: Budget -> Expense -> Journal -> Dashboard.
3. Perform validation and confirm downstream impact.","Budget -> Expense -> Journal -> Dashboard completes successfully with approvals, validations, and audit trail",High,Mobile,"{""worker"": ""Jane Doe"", ""company"": ""Global Demo"", ""region"": ""US""}"
WD-REC-00162,Workday,RECRUITING,Interview,Manufacturing,Requisition -> Offer -> Hire -> Onboard -> Payroll,Mobile,Route Manufacturing Workday Interview,Workday access is provisioned and Manufacturing test data exists,"1. Open Workday Interview.
2. Execute: Requisition -> Offer -> Hire -> Onboard -> Payroll.
3. Perform validation and confirm downstream impact.","Requisition -> Offer -> Hire -> Onboard -> Payroll completes successfully with approvals, validations, and audit trail",Medium,UI,"{""worker"": ""Jane Doe"", ""company"": ""Global Demo"", ""region"": ""US""}"
WD-REC-00163,Workday,RECRUITING,Interview,Manufacturing,Employee Life Event -> Benefits -> Payroll -> Reporting,Workflow,Route Manufacturing Workday Interview,Workday access is provisioned and Manufacturing test data exists,"1. Open Workday Interview.
2. Execute: Employee Life Event -> Benefits -> Payroll -> Reporting.
3. Perform validation and confirm downstream impact.","Employee Life Event -> Benefits -> Payroll -> Reporting completes successfully with approvals, validations, and audit trail",Medium,Accessibility,"{""worker"": ""Jane Doe"", ""company"": ""Global Demo"", ""region"": ""US""}"
WD-REC-00164,Workday,RECRUITING,Interview,Manufacturing,Expense Submit -> Approval -> Accounting -> Reimbursement,Integration,Update Manufacturing Workday Interview,Workday access is provisioned and Manufacturing test data exists,"1. Open Workday Interview.
2. Execute: Expense Submit -> Approval -> Accounting -> Reimbursement.
3. Perform validation and confirm downstream impact.","Expense Submit -> Approval -> Accounting -> Reimbursement completes successfully with approvals, validations, and audit trail",Low,UI,"{""worker"": ""Jane Doe"", ""company"": ""Global Demo"", ""region"": ""US""}"
WD-REC-00165,Workday,RECRUITING,Interview,Manufacturing,Supplier Invoice -> Matching -> Approval -> Payment,Accessibility,Submit Manufacturing Workday Interview,Workday access is provisioned and Manufacturing test data exists,"1. Open Workday Interview.
2. Execute: Supplier Invoice -> Matching -> Approval -> Payment.
3. Perform validation and confirm downstream impact.","Supplier Invoice -> Matching -> Approval -> Payment completes successfully with approvals, validations, and audit trail",High,Workflow,"{""worker"": ""Jane Doe"", ""company"": ""Global Demo"", ""region"": ""US""}"
WD-REC-00166,Workday,RECRUITING,Interview,Manufacturing,Integration Load -> Validate -> Error Handling -> Reprocess,Functional,Route Manufacturing Workday Interview,Workday access is provisioned and Manufacturing test data exists,"1. Open Workday Interview.
2. Execute: Integration Load -> Validate -> Error Handling -> Reprocess.
3. Perform validation and confirm downstream impact.","Integration Load -> Validate -> Error Handling -> Reprocess completes successfully with approvals, validations, and audit trail",Medium,Security,"{""worker"": ""Jane Doe"", ""company"": ""Global Demo"", ""region"": ""US""}"
WD-REC-00167,Workday,RECRUITING,Interview,Manufacturing,Recruiting -> Hire -> Onboard -> Time -> Payroll,Regression,Validate Manufacturing Workday Interview,Workday access is provisioned and Manufacturing test data exists,"1. Open Workday Interview.
2. Execute: Recruiting -> Hire -> Onboard -> Time -> Payroll.
3. Perform validation and confirm downstream impact.","Recruiting -> Hire -> Onboard -> Time -> Payroll completes successfully with approvals, validations, and audit trail",Medium,Data Migration,"{""worker"": ""Jane Doe"", ""company"": ""Global Demo"", ""region"": ""US""}"
WD-REC-00168,Workday,RECRUITING,Interview,Manufacturing,Budget -> Expense -> Journal -> Dashboard,UI,Review Manufacturing Workday Interview,Workday access is provisioned and Manufacturing test data exists,"1. Open Workday Interview.
2. Execute: Budget -> Expense -> Journal -> Dashboard.
3. Perform validation and confirm downstream impact.","Budget -> Expense -> Journal -> Dashboard completes successfully with approvals, validations, and audit trail",Medium,Workflow,"{""worker"": ""Jane Doe"", ""company"": ""Global Demo"", ""region"": ""US""}"
WD-REC-00169,Workday,RECRUITING,Interview,Education,Requisition -> Offer -> Hire -> Onboard -> Payroll,Workflow,Create Education Workday Interview,Workday access is provisioned and Education test data exists,"1. Open Workday Interview.
2. Execute: Requisition -> Offer -> Hire -> Onboard -> Payroll.
3. Perform validation and confirm downstream impact.","Requisition -> Offer -> Hire -> Onboard -> Payroll completes successfully with approvals, validations, and audit trail",Low,Workflow,"{""worker"": ""Jane Doe"", ""company"": ""Global Demo"", ""region"": ""US""}"
WD-REC-00170,Workday,RECRUITING,Interview,Education,Employee Life Event -> Benefits -> Payroll -> Reporting,Integration,Create Education Workday Interview,Workday access is provisioned and Education test data exists,"1. Open Workday Interview.
2. Execute: Employee Life Event -> Benefits -> Payroll -> Reporting.
3. Perform validation and confirm downstream impact.","Employee Life Event -> Benefits -> Payroll -> Reporting completes successfully with approvals, validations, and audit trail",Medium,Integration,"{""worker"": ""Jane Doe"", ""company"": ""Global Demo"", ""region"": ""US""}"
WD-REC-00171,Workday,RECRUITING,Interview,Education,Expense Submit -> Approval -> Accounting -> Reimbursement,UI,Submit Education Workday Interview,Workday access is provisioned and Education test data exists,"1. Open Workday Interview.
2. Execute: Expense Submit -> Approval -> Accounting -> Reimbursement.
3. Perform validation and confirm downstream impact.","Expense Submit -> Approval -> Accounting -> Reimbursement completes successfully with approvals, validations, and audit trail",High,Security,"{""worker"": ""Jane Doe"", ""company"": ""Global Demo"", ""region"": ""US""}"
WD-REC-00172,Workday,RECRUITING,Interview,Education,Supplier Invoice -> Matching -> Approval -> Payment,Regression,Update Education Workday Interview,Workday access is provisioned and Education test data exists,"1. Open Workday Interview.
2. Execute: Supplier Invoice -> Matching -> Approval -> Payment.
3. Perform validation and confirm downstream impact.","Supplier Invoice -> Matching -> Approval -> Payment completes successfully with approvals, validations, and audit trail",High,Data Migration,"{""worker"": ""Jane Doe"", ""company"": ""Global Demo"", ""region"": ""US""}"
WD-REC-00173,Workday,RECRUITING,Interview,Education,Integration Load -> Validate -> Error Handling -> Reprocess,Mobile,Route Education Workday Interview,Workday access is provisioned and Education test data exists,"1. Open Workday Interview.
2. Execute: Integration Load -> Validate -> Error Handling -> Reprocess.
3. Perform validation and confirm downstream impact.","Integration Load -> Validate -> Error Handling -> Reprocess completes successfully with approvals, validations, and audit trail",Low,Regression,"{""worker"": ""Jane Doe"", ""company"": ""Global Demo"", ""region"": ""US""}"
WD-REC-00174,Workday,RECRUITING,Interview,Education,Recruiting -> Hire -> Onboard -> Time -> Payroll,Workflow,Close Education Workday Interview,Workday access is provisioned and Education test data exists,"1. Open Workday Interview.
2. Execute: Recruiting -> Hire -> Onboard -> Time -> Payroll.
3. Perform validation and confirm downstream impact.","Recruiting -> Hire -> Onboard -> Time -> Payroll completes successfully with approvals, validations, and audit trail",High,Performance,"{""worker"": ""Jane Doe"", ""company"": ""Global Demo"", ""region"": ""US""}"
WD-REC-00175,Workday,RECRUITING,Interview,Education,Budget -> Expense -> Journal -> Dashboard,Functional,Approve Education Workday Interview,Workday access is provisioned and Education test data exists,"1. Open Workday Interview.
2. Execute: Budget -> Expense -> Journal -> Dashboard.
3. Perform validation and confirm downstream impact.","Budget -> Expense -> Journal -> Dashboard completes successfully with approvals, validations, and audit trail",Medium,Workflow,"{""worker"": ""Jane Doe"", ""company"": ""Global Demo"", ""region"": ""US""}"
WD-REC-00176,Workday,RECRUITING,Interview,Nonprofit,Requisition -> Offer -> Hire -> Onboard -> Payroll,Performance,Route Nonprofit Workday Interview,Workday access is provisioned and Nonprofit test data exists,"1. Open Workday Interview.
2. Execute: Requisition -> Offer -> Hire -> Onboard -> Payroll.
3. Perform validation and confirm downstream impact.","Requisition -> Offer -> Hire -> Onboard -> Payroll completes successfully with approvals, validations, and audit trail",Low,Workflow,"{""worker"": ""Jane Doe"", ""company"": ""Global Demo"", ""region"": ""US""}"
WD-REC-00177,Workday,RECRUITING,Interview,Nonprofit,Employee Life Event -> Benefits -> Payroll -> Reporting,Performance,Sync Nonprofit Workday Interview,Workday access is provisioned and Nonprofit test data exists,"1. Open Workday Interview.
2. Execute: Employee Life Event -> Benefits -> Payroll -> Reporting.
3. Perform validation and confirm downstream impact.","Employee Life Event -> Benefits -> Payroll -> Reporting completes successfully with approvals, validations, and audit trail",Low,Accessibility,"{""worker"": ""Jane Doe"", ""company"": ""Global Demo"", ""region"": ""US""}"
WD-REC-00178,Workday,RECRUITING,Interview,Nonprofit,Expense Submit -> Approval -> Accounting -> Reimbursement,UI,Update Nonprofit Workday Interview,Workday access is provisioned and Nonprofit test data exists,"1. Open Workday Interview.
2. Execute: Expense Submit -> Approval -> Accounting -> Reimbursement.
3. Perform validation and confirm downstream impact.","Expense Submit -> Approval -> Accounting -> Reimbursement completes successfully with approvals, validations, and audit trail",Low,Performance,"{""worker"": ""Jane Doe"", ""company"": ""Global Demo"", ""region"": ""US""}"
WD-REC-00179,Workday,RECRUITING,Interview,Nonprofit,Supplier Invoice -> Matching -> Approval -> Payment,UI,Submit Nonprofit Workday Interview,Workday access is provisioned and Nonprofit test data exists,"1. Open Workday Interview.
2. Execute: Supplier Invoice -> Matching -> Approval -> Payment.
3. Perform validation and confirm downstream impact.","Supplier Invoice -> Matching -> Approval -> Payment completes successfully with approvals, validations, and audit trail",Medium,Performance,"{""worker"": ""Jane Doe"", ""company"": ""Global Demo"", ""region"": ""US""}"
WD-REC-00180,Workday,RECRUITING,Interview,Nonprofit,Integration Load -> Validate -> Error Handling -> Reprocess,UI,Update Nonprofit Workday Interview,Workday access is provisioned and Nonprofit test data exists,"1. Open Workday Interview.
2. Execute: Integration Load -> Validate -> Error Handling -> Reprocess.
3. Perform validation and confirm downstream impact.","Integration Load -> Validate -> Error Handling -> Reprocess completes successfully with approvals, validations, and audit trail",Low,Data Migration,"{""worker"": ""Jane Doe"", ""company"": ""Global Demo"", ""region"": ""US""}"
WD-REC-00181,Workday,RECRUITING,Interview,Nonprofit,Recruiting -> Hire -> Onboard -> Time -> Payroll,Mobile,Review Nonprofit Workday Interview,Workday access is provisioned and Nonprofit test data exists,"1. Open Workday Interview.
2. Execute: Recruiting -> Hire -> Onboard -> Time -> Payroll.
3. Perform validation and confirm downstream impact.","Recruiting -> Hire -> Onboard -> Time -> Payroll completes successfully with approvals, validations, and audit trail",Low,Security,"{""worker"": ""Jane Doe"", ""company"": ""Global Demo"", ""region"": ""US""}"
WD-REC-00182,Workday,RECRUITING,Interview,Nonprofit,Budget -> Expense -> Journal -> Dashboard,Functional,Close Nonprofit Workday Interview,Workday access is provisioned and Nonprofit test data exists,"1. Open Workday Interview.
2. Execute: Budget -> Expense -> Journal -> Dashboard.
3. Perform validation and confirm downstream impact.","Budget -> Expense -> Journal -> Dashboard completes successfully with approvals, validations, and audit trail",High,Security,"{""worker"": ""Jane Doe"", ""company"": ""Global Demo"", ""region"": ""US""}"
WD-REC-00183,Workday,RECRUITING,Interview,Financial Services,Requisition -> Offer -> Hire -> Onboard -> Payroll,Accessibility,Validate Financial Services Workday Interview,Workday access is provisioned and Financial Services test data exists,"1. Open Workday Interview.
2. Execute: Requisition -> Offer -> Hire -> Onboard -> Payroll.
3. Perform validation and confirm downstream impact.","Requisition -> Offer -> Hire -> Onboard -> Payroll completes successfully with approvals, validations, and audit trail",Medium,Data Migration,"{""worker"": ""Jane Doe"", ""company"": ""Global Demo"", ""region"": ""US""}"
WD-REC-00184,Workday,RECRUITING,Interview,Financial Services,Employee Life Event -> Benefits -> Payroll -> Reporting,Integration,Approve Financial Services Workday Interview,Workday access is provisioned and Financial Services test data exists,"1. Open Workday Interview.
2. Execute: Employee Life Event -> Benefits -> Payroll -> Reporting.
3. Perform validation and confirm downstream impact.","Employee Life Event -> Benefits -> Payroll -> Reporting completes successfully with approvals, validations, and audit trail",Low,Workflow,"{""worker"": ""Jane Doe"", ""company"": ""Global Demo"", ""region"": ""US""}"
WD-REC-00185,Workday,RECRUITING,Interview,Financial Services,Expense Submit -> Approval -> Accounting -> Reimbursement,Regression,Validate Financial Services Workday Interview,Workday access is provisioned and Financial Services test data exists,"1. Open Workday Interview.
2. Execute: Expense Submit -> Approval -> Accounting -> Reimbursement.
3. Perform validation and confirm downstream impact.","Expense Submit -> Approval -> Accounting -> Reimbursement completes successfully with approvals, validations, and audit trail",High,Security,"{""worker"": ""Jane Doe"", ""company"": ""Global Demo"", ""region"": ""US""}"
WD-REC-00186,Workday,RECRUITING,Interview,Financial Services,Supplier Invoice -> Matching -> Approval -> Payment,Functional,Reject Financial Services Workday Interview,Workday access is provisioned and Financial Services test data exists,"1. Open Workday Interview.
2. Execute: Supplier Invoice -> Matching -> Approval -> Payment.
3. Perform validation and confirm downstream impact.","Supplier Invoice -> Matching -> Approval -> Payment completes successfully with approvals, validations, and audit trail",High,Workflow,"{""worker"": ""Jane Doe"", ""company"": ""Global Demo"", ""region"": ""US""}"
WD-REC-00187,Workday,RECRUITING,Interview,Financial Services,Integration Load -> Validate -> Error Handling -> Reprocess,Security,Approve Financial Services Workday Interview,Workday access is provisioned and Financial Services test data exists,"1. Open Workday Interview.
2. Execute: Integration Load -> Validate -> Error Handling -> Reprocess.
3. Perform validation and confirm downstream impact.","Integration Load -> Validate -> Error Handling -> Reprocess completes successfully with approvals, validations, and audit trail",Medium,Workflow,"{""worker"": ""Jane Doe"", ""company"": ""Global Demo"", ""region"": ""US""}"
WD-REC-00188,Workday,RECRUITING,Interview,Financial Services,Recruiting -> Hire -> Onboard -> Time -> Payroll,Regression,Submit Financial Services Workday Interview,Workday access is provisioned and Financial Services test data exists,"1. Open Workday Interview.
2. Execute: Recruiting -> Hire -> Onboard -> Time -> Payroll.
3. Perform validation and confirm downstream impact.","Recruiting -> Hire -> Onboard -> Time -> Payroll completes successfully with approvals, validations, and audit trail",Medium,Security,"{""worker"": ""Jane Doe"", ""company"": ""Global Demo"", ""region"": ""US""}"
WD-REC-00189,Workday,RECRUITING,Interview,Financial Services,Budget -> Expense -> Journal -> Dashboard,Data Migration,Update Financial Services Workday Interview,Workday access is provisioned and Financial Services test data exists,"1. Open Workday Interview.
2. Execute: Budget -> Expense -> Journal -> Dashboard.
3. Perform validation and confirm downstream impact.","Budget -> Expense -> Journal -> Dashboard completes successfully with approvals, validations, and audit trail",High,Accessibility,"{""worker"": ""Jane Doe"", ""company"": ""Global Demo"", ""region"": ""US""}"
WD-REC-00190,Workday,RECRUITING,Interview,Technology,Requisition -> Offer -> Hire -> Onboard -> Payroll,Functional,Route Technology Workday Interview,Workday access is provisioned and Technology test data exists,"1. Open Workday Interview.
2. Execute: Requisition -> Offer -> Hire -> Onboard -> Payroll.
3. Perform validation and confirm downstream impact.","Requisition -> Offer -> Hire -> Onboard -> Payroll completes successfully with approvals, validations, and audit trail",Low,Integration,"{""worker"": ""Jane Doe"", ""company"": ""Global Demo"", ""region"": ""US""}"
WD-REC-00191,Workday,RECRUITING,Interview,Technology,Employee Life Event -> Benefits -> Payroll -> Reporting,Security,Export Technology Workday Interview,Workday access is provisioned and Technology test data exists,"1. Open Workday Interview.
2. Execute: Employee Life Event -> Benefits -> Payroll -> Reporting.
3. Perform validation and confirm downstream impact.","Employee Life Event -> Benefits -> Payroll -> Reporting completes successfully with approvals, validations, and audit trail",Low,Regression,"{""worker"": ""Jane Doe"", ""company"": ""Global Demo"", ""region"": ""US""}"
WD-REC-00192,Workday,RECRUITING,Interview,Technology,Expense Submit -> Approval -> Accounting -> Reimbursement,Accessibility,Import Technology Workday Interview,Workday access is provisioned and Technology test data exists,"1. Open Workday Interview.
2. Execute: Expense Submit -> Approval -> Accounting -> Reimbursement.
3. Perform validation and confirm downstream impact.","Expense Submit -> Approval -> Accounting -> Reimbursement completes successfully with approvals, validations, and audit trail",Low,Workflow,"{""worker"": ""Jane Doe"", ""company"": ""Global Demo"", ""region"": ""US""}"
WD-REC-00193,Workday,RECRUITING,Interview,Technology,Supplier Invoice -> Matching -> Approval -> Payment,Accessibility,Route Technology Workday Interview,Workday access is provisioned and Technology test data exists,"1. Open Workday Interview.
2. Execute: Supplier Invoice -> Matching -> Approval -> Payment.
3. Perform validation and confirm downstream impact.","Supplier Invoice -> Matching -> Approval -> Payment completes successfully with approvals, validations, and audit trail",Medium,Integration,"{""worker"": ""Jane Doe"", ""company"": ""Global Demo"", ""region"": ""US""}"
WD-REC-00194,Workday,RECRUITING,Interview,Technology,Integration Load -> Validate -> Error Handling -> Reprocess,UI,Import Technology Workday Interview,Workday access is provisioned and Technology test data exists,"1. Open Workday Interview.
2. Execute: Integration Load -> Validate -> Error Handling -> Reprocess.
3. Perform validation and confirm downstream impact.","Integration Load -> Validate -> Error Handling -> Reprocess completes successfully with approvals, validations, and audit trail",Medium,Regression,"{""worker"": ""Jane Doe"", ""company"": ""Global Demo"", ""region"": ""US""}"
WD-REC-00195,Workday,RECRUITING,Interview,Technology,Recruiting -> Hire -> Onboard -> Time -> Payroll,Workflow,Approve Technology Workday Interview,Workday access is provisioned and Technology test data exists,"1. Open Workday Interview.
2. Execute: Recruiting -> Hire -> Onboard -> Time -> Payroll.
3. Perform validation and confirm downstream impact.","Recruiting -> Hire -> Onboard -> Time -> Payroll completes successfully with approvals, validations, and audit trail",High,Security,"{""worker"": ""Jane Doe"", ""company"": ""Global Demo"", ""region"": ""US""}"
WD-REC-00196,Workday,RECRUITING,Interview,Technology,Budget -> Expense -> Journal -> Dashboard,Functional,Approve Technology Workday Interview,Workday access is provisioned and Technology test data exists,"1. Open Workday Interview.
2. Execute: Budget -> Expense -> Journal -> Dashboard.
3. Perform validation and confirm downstream impact.","Budget -> Expense -> Journal -> Dashboard completes successfully with approvals, validations, and audit trail",Medium,Security,"{""worker"": ""Jane Doe"", ""company"": ""Global Demo"", ""region"": ""US""}"
WD-REC-00197,Workday,RECRUITING,Interview,Public Sector,Requisition -> Offer -> Hire -> Onboard -> Payroll,UI,Import Public Sector Workday Interview,Workday access is provisioned and Public Sector test data exists,"1. Open Workday Interview.
2. Execute: Requisition -> Offer -> Hire -> Onboard -> Payroll.
3. Perform validation and confirm downstream impact.","Requisition -> Offer -> Hire -> Onboard -> Payroll completes successfully with approvals, validations, and audit trail",Medium,Accessibility,"{""worker"": ""Jane Doe"", ""company"": ""Global Demo"", ""region"": ""US""}"
WD-REC-00198,Workday,RECRUITING,Interview,Public Sector,Employee Life Event -> Benefits -> Payroll -> Reporting,Mobile,Import Public Sector Workday Interview,Workday access is provisioned and Public Sector test data exists,"1. Open Workday Interview.
2. Execute: Employee Life Event -> Benefits -> Payroll -> Reporting.
3. Perform validation and confirm downstream impact.","Employee Life Event -> Benefits -> Payroll -> Reporting completes successfully with approvals, validations, and audit trail",Low,Workflow,"{""worker"": ""Jane Doe"", ""company"": ""Global Demo"", ""region"": ""US""}"
WD-REC-00199,Workday,RECRUITING,Interview,Public Sector,Expense Submit -> Approval -> Accounting -> Reimbursement,Functional,Review Public Sector Workday Interview,Workday access is provisioned and Public Sector test data exists,"1. Open Workday Interview.
2. Execute: Expense Submit -> Approval -> Accounting -> Reimbursement.
3. Perform validation and confirm downstream impact.","Expense Submit -> Approval -> Accounting -> Reimbursement completes successfully with approvals, validations, and audit trail",High,Data Migration,"{""worker"": ""Jane Doe"", ""company"": ""Global Demo"", ""region"": ""US""}"
WD-REC-00200,Workday,RECRUITING,Interview,Public Sector,Supplier Invoice -> Matching -> Approval -> Payment,UI,Close Public Sector Workday Interview,Workday access is provisioned and Public Sector test data exists,"1. Open Workday Interview.
2. Execute: Supplier Invoice -> Matching -> Approval -> Payment.
3. Perform validation and confirm downstream impact.","Supplier Invoice -> Matching -> Approval -> Payment completes successfully with approvals, validations, and audit trail",Low,Integration,"{""worker"": ""Jane Doe"", ""company"": ""Global Demo"", ""region"": ""US""}"
WD-REC-00201,Workday,RECRUITING,Interview,Public Sector,Integration Load -> Validate -> Error Handling -> Reprocess,Functional,Create Public Sector Workday Interview,Workday access is provisioned and Public Sector test data exists,"1. Open Workday Interview.
2. Execute: Integration Load -> Validate -> Error Handling -> Reprocess.
3. Perform validation and confirm downstream impact.","Integration Load -> Validate -> Error Handling -> Reprocess completes successfully with approvals, validations, and audit trail",Medium,Accessibility,"{""worker"": ""Jane Doe"", ""company"": ""Global Demo"", ""region"": ""US""}"
WD-REC-00202,Workday,RECRUITING,Interview,Public Sector,Recruiting -> Hire -> Onboard -> Time -> Payroll,Functional,Close Public Sector Workday Interview,Workday access is provisioned and Public Sector test data exists,"1. Open Workday Interview.
2. Execute: Recruiting -> Hire -> Onboard -> Time -> Payroll.
3. Perform validation and confirm downstream impact.","Recruiting -> Hire -> Onboard -> Time -> Payroll completes successfully with approvals, validations, and audit trail",High,Performance,"{""worker"": ""Jane Doe"", ""company"": ""Global Demo"", ""region"": ""US""}"
WD-REC-00203,Workday,RECRUITING,Interview,Public Sector,Budget -> Expense -> Journal -> Dashboard,Regression,Create Public Sector Workday Interview,Workday access is provisioned and Public Sector test data exists,"1. Open Workday Interview.
2. Execute: Budget -> Expense -> Journal -> Dashboard.
3. Perform validation and confirm downstream impact.","Budget -> Expense -> Journal -> Dashboard completes successfully with approvals, validations, and audit trail",Medium,Accessibility,"{""worker"": ""Jane Doe"", ""company"": ""Global Demo"", ""region"": ""US""}"
WD-REC-00204,Workday,RECRUITING,Interview,Hospitality,Requisition -> Offer -> Hire -> Onboard -> Payroll,Workflow,Validate Hospitality Workday Interview,Workday access is provisioned and Hospitality test data exists,"1. Open Workday Interview.
2. Execute: Requisition -> Offer -> Hire -> Onboard -> Payroll.
3. Perform validation and confirm downstream impact.","Requisition -> Offer -> Hire -> Onboard -> Payroll completes successfully with approvals, validations, and audit trail",Medium,Workflow,"{""worker"": ""Jane Doe"", ""company"": ""Global Demo"", ""region"": ""US""}"
WD-REC-00205,Workday,RECRUITING,Interview,Hospitality,Employee Life Event -> Benefits -> Payroll -> Reporting,Security,Sync Hospitality Workday Interview,Workday access is provisioned and Hospitality test data exists,"1. Open Workday Interview.
2. Execute: Employee Life Event -> Benefits -> Payroll -> Reporting.
3. Perform validation and confirm downstream impact.","Employee Life Event -> Benefits -> Payroll -> Reporting completes successfully with approvals, validations, and audit trail",Medium,Workflow,"{""worker"": ""Jane Doe"", ""company"": ""Global Demo"", ""region"": ""US""}"
WD-REC-00206,Workday,RECRUITING,Interview,Hospitality,Expense Submit -> Approval -> Accounting -> Reimbursement,UI,Submit Hospitality Workday Interview,Workday access is provisioned and Hospitality test data exists,"1. Open Workday Interview.
2. Execute: Expense Submit -> Approval -> Accounting -> Reimbursement.
3. Perform validation and confirm downstream impact.","Expense Submit -> Approval -> Accounting -> Reimbursement completes successfully with approvals, validations, and audit trail",Medium,Regression,"{""worker"": ""Jane Doe"", ""company"": ""Global Demo"", ""region"": ""US""}"
WD-REC-00207,Workday,RECRUITING,Interview,Hospitality,Supplier Invoice -> Matching -> Approval -> Payment,Mobile,Edit Hospitality Workday Interview,Workday access is provisioned and Hospitality test data exists,"1. Open Workday Interview.
2. Execute: Supplier Invoice -> Matching -> Approval -> Payment.
3. Perform validation and confirm downstream impact.","Supplier Invoice -> Matching -> Approval -> Payment completes successfully with approvals, validations, and audit trail",Medium,Mobile,"{""worker"": ""Jane Doe"", ""company"": ""Global Demo"", ""region"": ""US""}"
WD-REC-00208,Workday,RECRUITING,Interview,Hospitality,Integration Load -> Validate -> Error Handling -> Reprocess,Data Migration,Validate Hospitality Workday Interview,Workday access is provisioned and Hospitality test data exists,"1. Open Workday Interview.
2. Execute: Integration Load -> Validate -> Error Handling -> Reprocess.
3. Perform validation and confirm downstream impact.","Integration Load -> Validate -> Error Handling -> Reprocess completes successfully with approvals, validations, and audit trail",Low,Regression,"{""worker"": ""Jane Doe"", ""company"": ""Global Demo"", ""region"": ""US""}"
WD-REC-00209,Workday,RECRUITING,Interview,Hospitality,Recruiting -> Hire -> Onboard -> Time -> Payroll,Mobile,Export Hospitality Workday Interview,Workday access is provisioned and Hospitality test data exists,"1. Open Workday Interview.
2. Execute: Recruiting -> Hire -> Onboard -> Time -> Payroll.
3. Perform validation and confirm downstream impact.","Recruiting -> Hire -> Onboard -> Time -> Payroll completes successfully with approvals, validations, and audit trail",Low,Integration,"{""worker"": ""Jane Doe"", ""company"": ""Global Demo"", ""region"": ""US""}"
WD-REC-00210,Workday,RECRUITING,Interview,Hospitality,Budget -> Expense -> Journal -> Dashboard,Mobile,Reject Hospitality Workday Interview,Workday access is provisioned and Hospitality test data exists,"1. Open Workday Interview.
2. Execute: Budget -> Expense -> Journal -> Dashboard.
3. Perform validation and confirm downstream impact.","Budget -> Expense -> Journal -> Dashboard completes successfully with approvals, validations, and audit trail",High,Workflow,"{""worker"": ""Jane Doe"", ""company"": ""Global Demo"", ""region"": ""US""}"
WD-REC-00211,Workday,RECRUITING,Offer,Corporate,Requisition -> Offer -> Hire -> Onboard -> Payroll,UI,Sync Corporate Workday Offer,Workday access is provisioned and Corporate test data exists,"1. Open Workday Offer.
2. Execute: Requisition -> Offer -> Hire -> Onboard -> Payroll.
3. Perform validation and confirm downstream impact.","Requisition -> Offer -> Hire -> Onboard -> Payroll completes successfully with approvals, validations, and audit trail",Low,Workflow,"{""worker"": ""Jane Doe"", ""company"": ""Global Demo"", ""region"": ""US""}"
WD-REC-00212,Workday,RECRUITING,Offer,Corporate,Employee Life Event -> Benefits -> Payroll -> Reporting,Security,Approve Corporate Workday Offer,Workday access is provisioned and Corporate test data exists,"1. Open Workday Offer.
2. Execute: Employee Life Event -> Benefits -> Payroll -> Reporting.
3. Perform validation and confirm downstream impact.","Employee Life Event -> Benefits -> Payroll -> Reporting completes successfully with approvals, validations, and audit trail",Low,Mobile,"{""worker"": ""Jane Doe"", ""company"": ""Global Demo"", ""region"": ""US""}"
WD-REC-00213,Workday,RECRUITING,Offer,Corporate,Expense Submit -> Approval -> Accounting -> Reimbursement,Accessibility,Route Corporate Workday Offer,Workday access is provisioned and Corporate test data exists,"1. Open Workday Offer.
2. Execute: Expense Submit -> Approval -> Accounting -> Reimbursement.
3. Perform validation and confirm downstream impact.","Expense Submit -> Approval -> Accounting -> Reimbursement completes successfully with approvals, validations, and audit trail",Low,Integration,"{""worker"": ""Jane Doe"", ""company"": ""Global Demo"", ""region"": ""US""}"
WD-REC-00214,Workday,RECRUITING,Offer,Corporate,Supplier Invoice -> Matching -> Approval -> Payment,Mobile,Validate Corporate Workday Offer,Workday access is provisioned and Corporate test data exists,"1. Open Workday Offer.
2. Execute: Supplier Invoice -> Matching -> Approval -> Payment.
3. Perform validation and confirm downstream impact.","Supplier Invoice -> Matching -> Approval -> Payment completes successfully with approvals, validations, and audit trail",Low,Regression,"{""worker"": ""Jane Doe"", ""company"": ""Global Demo"", ""region"": ""US""}"
WD-REC-00215,Workday,RECRUITING,Offer,Corporate,Integration Load -> Validate -> Error Handling -> Reprocess,Regression,Validate Corporate Workday Offer,Workday access is provisioned and Corporate test data exists,"1. Open Workday Offer.
2. Execute: Integration Load -> Validate -> Error Handling -> Reprocess.
3. Perform validation and confirm downstream impact.","Integration Load -> Validate -> Error Handling -> Reprocess completes successfully with approvals, validations, and audit trail",Low,Workflow,"{""worker"": ""Jane Doe"", ""company"": ""Global Demo"", ""region"": ""US""}"
WD-REC-00216,Workday,RECRUITING,Offer,Corporate,Recruiting -> Hire -> Onboard -> Time -> Payroll,UI,Edit Corporate Workday Offer,Workday access is provisioned and Corporate test data exists,"1. Open Workday Offer.
2. Execute: Recruiting -> Hire -> Onboard -> Time -> Payroll.
3. Perform validation and confirm downstream impact.","Recruiting -> Hire -> Onboard -> Time -> Payroll completes successfully with approvals, validations, and audit trail",Medium,Security,"{""worker"": ""Jane Doe"", ""company"": ""Global Demo"", ""region"": ""US""}"
WD-REC-00217,Workday,RECRUITING,Offer,Corporate,Budget -> Expense -> Journal -> Dashboard,Workflow,Review Corporate Workday Offer,Workday access is provisioned and Corporate test data exists,"1. Open Workday Offer.
2. Execute: Budget -> Expense -> Journal -> Dashboard.
3. Perform validation and confirm downstream impact.","Budget -> Expense -> Journal -> Dashboard completes successfully with approvals, validations, and audit trail",Medium,Performance,"{""worker"": ""Jane Doe"", ""company"": ""Global Demo"", ""region"": ""US""}"
WD-REC-00218,Workday,RECRUITING,Offer,Retail,Requisition -> Offer -> Hire -> Onboard -> Payroll,UI,Approve Retail Workday Offer,Workday access is provisioned and Retail test data exists,"1. Open Workday Offer.
2. Execute: Requisition -> Offer -> Hire -> Onboard -> Payroll.
3. Perform validation and confirm downstream impact.","Requisition -> Offer -> Hire -> Onboard -> Payroll completes successfully with approvals, validations, and audit trail",Low,Regression,"{""worker"": ""Jane Doe"", ""company"": ""Global Demo"", ""region"": ""US""}"
WD-REC-00219,Workday,RECRUITING,Offer,Retail,Employee Life Event -> Benefits -> Payroll -> Reporting,UI,Reject Retail Workday Offer,Workday access is provisioned and Retail test data exists,"1. Open Workday Offer.
2. Execute: Employee Life Event -> Benefits -> Payroll -> Reporting.
3. Perform validation and confirm downstream impact.","Employee Life Event -> Benefits -> Payroll -> Reporting completes successfully with approvals, validations, and audit trail",Low,Mobile,"{""worker"": ""Jane Doe"", ""company"": ""Global Demo"", ""region"": ""US""}"
WD-REC-00220,Workday,RECRUITING,Offer,Retail,Expense Submit -> Approval -> Accounting -> Reimbursement,Mobile,Approve Retail Workday Offer,Workday access is provisioned and Retail test data exists,"1. Open Workday Offer.
2. Execute: Expense Submit -> Approval -> Accounting -> Reimbursement.
3. Perform validation and confirm downstream impact.","Expense Submit -> Approval -> Accounting -> Reimbursement completes successfully with approvals, validations, and audit trail",Medium,Performance,"{""worker"": ""Jane Doe"", ""company"": ""Global Demo"", ""region"": ""US""}"
WD-REC-00221,Workday,RECRUITING,Offer,Retail,Supplier Invoice -> Matching -> Approval -> Payment,Integration,Close Retail Workday Offer,Workday access is provisioned and Retail test data exists,"1. Open Workday Offer.
2. Execute: Supplier Invoice -> Matching -> Approval -> Payment.
3. Perform validation and confirm downstream impact.","Supplier Invoice -> Matching -> Approval -> Payment completes successfully with approvals, validations, and audit trail",High,Workflow,"{""worker"": ""Jane Doe"", ""company"": ""Global Demo"", ""region"": ""US""}"
WD-REC-00222,Workday,RECRUITING,Offer,Retail,Integration Load -> Validate -> Error Handling -> Reprocess,Security,Create Retail Workday Offer,Workday access is provisioned and Retail test data exists,"1. Open Workday Offer.
2. Execute: Integration Load -> Validate -> Error Handling -> Reprocess.
3. Perform validation and confirm downstream impact.","Integration Load -> Validate -> Error Handling -> Reprocess completes successfully with approvals, validations, and audit trail",Medium,Data Migration,"{""worker"": ""Jane Doe"", ""company"": ""Global Demo"", ""region"": ""US""}"
WD-REC-00223,Workday,RECRUITING,Offer,Retail,Recruiting -> Hire -> Onboard -> Time -> Payroll,UI,Update Retail Workday Offer,Workday access is provisioned and Retail test data exists,"1. Open Workday Offer.
2. Execute: Recruiting -> Hire -> Onboard -> Time -> Payroll.
3. Perform validation and confirm downstream impact.","Recruiting -> Hire -> Onboard -> Time -> Payroll completes successfully with approvals, validations, and audit trail",Medium,UI,"{""worker"": ""Jane Doe"", ""company"": ""Global Demo"", ""region"": ""US""}"
WD-REC-00224,Workday,RECRUITING,Offer,Retail,Budget -> Expense -> Journal -> Dashboard,Workflow,Create Retail Workday Offer,Workday access is provisioned and Retail test data exists,"1. Open Workday Offer.
2. Execute: Budget -> Expense -> Journal -> Dashboard.
3. Perform validation and confirm downstream impact.","Budget -> Expense -> Journal -> Dashboard completes successfully with approvals, validations, and audit trail",High,Integration,"{""worker"": ""Jane Doe"", ""company"": ""Global Demo"", ""region"": ""US""}"
WD-REC-00225,Workday,RECRUITING,Offer,Healthcare,Requisition -> Offer -> Hire -> Onboard -> Payroll,Mobile,Route Healthcare Workday Offer,Workday access is provisioned and Healthcare test data exists,"1. Open Workday Offer.
2. Execute: Requisition -> Offer -> Hire -> Onboard -> Payroll.
3. Perform validation and confirm downstream impact.","Requisition -> Offer -> Hire -> Onboard -> Payroll completes successfully with approvals, validations, and audit trail",High,Regression,"{""worker"": ""Jane Doe"", ""company"": ""Global Demo"", ""region"": ""US""}"
WD-REC-00226,Workday,RECRUITING,Offer,Healthcare,Employee Life Event -> Benefits -> Payroll -> Reporting,Workflow,Export Healthcare Workday Offer,Workday access is provisioned and Healthcare test data exists,"1. Open Workday Offer.
2. Execute: Employee Life Event -> Benefits -> Payroll -> Reporting.
3. Perform validation and confirm downstream impact.","Employee Life Event -> Benefits -> Payroll -> Reporting completes successfully with approvals, validations, and audit trail",High,Functional,"{""worker"": ""Jane Doe"", ""company"": ""Global Demo"", ""region"": ""US""}"
WD-REC-00227,Workday,RECRUITING,Offer,Healthcare,Expense Submit -> Approval -> Accounting -> Reimbursement,Functional,Review Healthcare Workday Offer,Workday access is provisioned and Healthcare test data exists,"1. Open Workday Offer.
2. Execute: Expense Submit -> Approval -> Accounting -> Reimbursement.
3. Perform validation and confirm downstream impact.","Expense Submit -> Approval -> Accounting -> Reimbursement completes successfully with approvals, validations, and audit trail",High,Regression,"{""worker"": ""Jane Doe"", ""company"": ""Global Demo"", ""region"": ""US""}"
WD-REC-00228,Workday,RECRUITING,Offer,Healthcare,Supplier Invoice -> Matching -> Approval -> Payment,Mobile,Submit Healthcare Workday Offer,Workday access is provisioned and Healthcare test data exists,"1. Open Workday Offer.
2. Execute: Supplier Invoice -> Matching -> Approval -> Payment.
3. Perform validation and confirm downstream impact.","Supplier Invoice -> Matching -> Approval -> Payment completes successfully with approvals, validations, and audit trail",Medium,Security,"{""worker"": ""Jane Doe"", ""company"": ""Global Demo"", ""region"": ""US""}"
WD-REC-00229,Workday,RECRUITING,Offer,Healthcare,Integration Load -> Validate -> Error Handling -> Reprocess,Regression,Reject Healthcare Workday Offer,Workday access is provisioned and Healthcare test data exists,"1. Open Workday Offer.
2. Execute: Integration Load -> Validate -> Error Handling -> Reprocess.
3. Perform validation and confirm downstream impact.","Integration Load -> Validate -> Error Handling -> Reprocess completes successfully with approvals, validations, and audit trail",High,UI,"{""worker"": ""Jane Doe"", ""company"": ""Global Demo"", ""region"": ""US""}"
WD-REC-00230,Workday,RECRUITING,Offer,Healthcare,Recruiting -> Hire -> Onboard -> Time -> Payroll,Security,Edit Healthcare Workday Offer,Workday access is provisioned and Healthcare test data exists,"1. Open Workday Offer.
2. Execute: Recruiting -> Hire -> Onboard -> Time -> Payroll.
3. Perform validation and confirm downstream impact.","Recruiting -> Hire -> Onboard -> Time -> Payroll completes successfully with approvals, validations, and audit trail",Medium,Functional,"{""worker"": ""Jane Doe"", ""company"": ""Global Demo"", ""region"": ""US""}"
WD-REC-00231,Workday,RECRUITING,Offer,Healthcare,Budget -> Expense -> Journal -> Dashboard,Integration,Edit Healthcare Workday Offer,Workday access is provisioned and Healthcare test data exists,"1. Open Workday Offer.
2. Execute: Budget -> Expense -> Journal -> Dashboard.
3. Perform validation and confirm downstream impact.","Budget -> Expense -> Journal -> Dashboard completes successfully with approvals, validations, and audit trail",Low,Accessibility,"{""worker"": ""Jane Doe"", ""company"": ""Global Demo"", ""region"": ""US""}"
WD-REC-00232,Workday,RECRUITING,Offer,Manufacturing,Requisition -> Offer -> Hire -> Onboard -> Payroll,Workflow,Export Manufacturing Workday Offer,Workday access is provisioned and Manufacturing test data exists,"1. Open Workday Offer.
2. Execute: Requisition -> Offer -> Hire -> Onboard -> Payroll.
3. Perform validation and confirm downstream impact.","Requisition -> Offer -> Hire -> Onboard -> Payroll completes successfully with approvals, validations, and audit trail",High,Data Migration,"{""worker"": ""Jane Doe"", ""company"": ""Global Demo"", ""region"": ""US""}"
WD-REC-00233,Workday,RECRUITING,Offer,Manufacturing,Employee Life Event -> Benefits -> Payroll -> Reporting,Workflow,Submit Manufacturing Workday Offer,Workday access is provisioned and Manufacturing test data exists,"1. Open Workday Offer.
2. Execute: Employee Life Event -> Benefits -> Payroll -> Reporting.
3. Perform validation and confirm downstream impact.","Employee Life Event -> Benefits -> Payroll -> Reporting completes successfully with approvals, validations, and audit trail",Low,Data Migration,"{""worker"": ""Jane Doe"", ""company"": ""Global Demo"", ""region"": ""US""}"
WD-REC-00234,Workday,RECRUITING,Offer,Manufacturing,Expense Submit -> Approval -> Accounting -> Reimbursement,Functional,Review Manufacturing Workday Offer,Workday access is provisioned and Manufacturing test data exists,"1. Open Workday Offer.
2. Execute: Expense Submit -> Approval -> Accounting -> Reimbursement.
3. Perform validation and confirm downstream impact.","Expense Submit -> Approval -> Accounting -> Reimbursement completes successfully with approvals, validations, and audit trail",Medium,Integration,"{""worker"": ""Jane Doe"", ""company"": ""Global Demo"", ""region"": ""US""}"
WD-REC-00235,Workday,RECRUITING,Offer,Manufacturing,Supplier Invoice -> Matching -> Approval -> Payment,Functional,Review Manufacturing Workday Offer,Workday access is provisioned and Manufacturing test data exists,"1. Open Workday Offer.
2. Execute: Supplier Invoice -> Matching -> Approval -> Payment.
3. Perform validation and confirm downstream impact.","Supplier Invoice -> Matching -> Approval -> Payment completes successfully with approvals, validations, and audit trail",High,UI,"{""worker"": ""Jane Doe"", ""company"": ""Global Demo"", ""region"": ""US""}"
WD-REC-00236,Workday,RECRUITING,Offer,Manufacturing,Integration Load -> Validate -> Error Handling -> Reprocess,Accessibility,Update Manufacturing Workday Offer,Workday access is provisioned and Manufacturing test data exists,"1. Open Workday Offer.
2. Execute: Integration Load -> Validate -> Error Handling -> Reprocess.
3. Perform validation and confirm downstream impact.","Integration Load -> Validate -> Error Handling -> Reprocess completes successfully with approvals, validations, and audit trail",Medium,UI,"{""worker"": ""Jane Doe"", ""company"": ""Global Demo"", ""region"": ""US""}"
WD-REC-00237,Workday,RECRUITING,Offer,Manufacturing,Recruiting -> Hire -> Onboard -> Time -> Payroll,Performance,Close Manufacturing Workday Offer,Workday access is provisioned and Manufacturing test data exists,"1. Open Workday Offer.
2. Execute: Recruiting -> Hire -> Onboard -> Time -> Payroll.
3. Perform validation and confirm downstream impact.","Recruiting -> Hire -> Onboard -> Time -> Payroll completes successfully with approvals, validations, and audit trail",Medium,Mobile,"{""worker"": ""Jane Doe"", ""company"": ""Global Demo"", ""region"": ""US""}"
WD-REC-00238,Workday,RECRUITING,Offer,Manufacturing,Budget -> Expense -> Journal -> Dashboard,Workflow,Export Manufacturing Workday Offer,Workday access is provisioned and Manufacturing test data exists,"1. Open Workday Offer.
2. Execute: Budget -> Expense -> Journal -> Dashboard.
3. Perform validation and confirm downstream impact.","Budget -> Expense -> Journal -> Dashboard completes successfully with approvals, validations, and audit trail",High,Data Migration,"{""worker"": ""Jane Doe"", ""company"": ""Global Demo"", ""region"": ""US""}"
WD-REC-00239,Workday,RECRUITING,Offer,Education,Requisition -> Offer -> Hire -> Onboard -> Payroll,Accessibility,Create Education Workday Offer,Workday access is provisioned and Education test data exists,"1. Open Workday Offer.
2. Execute: Requisition -> Offer -> Hire -> Onboard -> Payroll.
3. Perform validation and confirm downstream impact.","Requisition -> Offer -> Hire -> Onboard -> Payroll completes successfully with approvals, validations, and audit trail",Medium,Mobile,"{""worker"": ""Jane Doe"", ""company"": ""Global Demo"", ""region"": ""US""}"
WD-REC-00240,Workday,RECRUITING,Offer,Education,Employee Life Event -> Benefits -> Payroll -> Reporting,Regression,Approve Education Workday Offer,Workday access is provisioned and Education test data exists,"1. Open Workday Offer.
2. Execute: Employee Life Event -> Benefits -> Payroll -> Reporting.
3. Perform validation and confirm downstream impact.","Employee Life Event -> Benefits -> Payroll -> Reporting completes successfully with approvals, validations, and audit trail",High,Regression,"{""worker"": ""Jane Doe"", ""company"": ""Global Demo"", ""region"": ""US""}"
WD-REC-00241,Workday,RECRUITING,Offer,Education,Expense Submit -> Approval -> Accounting -> Reimbursement,Integration,Close Education Workday Offer,Workday access is provisioned and Education test data exists,"1. Open Workday Offer.
2. Execute: Expense Submit -> Approval -> Accounting -> Reimbursement.
3. Perform validation and confirm downstream impact.","Expense Submit -> Approval -> Accounting -> Reimbursement completes successfully with approvals, validations, and audit trail",Medium,Workflow,"{""worker"": ""Jane Doe"", ""company"": ""Global Demo"", ""region"": ""US""}"
WD-REC-00242,Workday,RECRUITING,Offer,Education,Supplier Invoice -> Matching -> Approval -> Payment,Functional,Import Education Workday Offer,Workday access is provisioned and Education test data exists,"1. Open Workday Offer.
2. Execute: Supplier Invoice -> Matching -> Approval -> Payment.
3. Perform validation and confirm downstream impact.","Supplier Invoice -> Matching -> Approval -> Payment completes successfully with approvals, validations, and audit trail",Low,UI,"{""worker"": ""Jane Doe"", ""company"": ""Global Demo"", ""region"": ""US""}"
WD-REC-00243,Workday,RECRUITING,Offer,Education,Integration Load -> Validate -> Error Handling -> Reprocess,Accessibility,Submit Education Workday Offer,Workday access is provisioned and Education test data exists,"1. Open Workday Offer.
2. Execute: Integration Load -> Validate -> Error Handling -> Reprocess.
3. Perform validation and confirm downstream impact.","Integration Load -> Validate -> Error Handling -> Reprocess completes successfully with approvals, validations, and audit trail",High,Data Migration,"{""worker"": ""Jane Doe"", ""company"": ""Global Demo"", ""region"": ""US""}"
WD-REC-00244,Workday,RECRUITING,Offer,Education,Recruiting -> Hire -> Onboard -> Time -> Payroll,Workflow,Validate Education Workday Offer,Workday access is provisioned and Education test data exists,"1. Open Workday Offer.
2. Execute: Recruiting -> Hire -> Onboard -> Time -> Payroll.
3. Perform validation and confirm downstream impact.","Recruiting -> Hire -> Onboard -> Time -> Payroll completes successfully with approvals, validations, and audit trail",Low,UI,"{""worker"": ""Jane Doe"", ""company"": ""Global Demo"", ""region"": ""US""}"
WD-REC-00245,Workday,RECRUITING,Offer,Education,Budget -> Expense -> Journal -> Dashboard,Data Migration,Create Education Workday Offer,Workday access is provisioned and Education test data exists,"1. Open Workday Offer.
2. Execute: Budget -> Expense -> Journal -> Dashboard.
3. Perform validation and confirm downstream impact.","Budget -> Expense -> Journal -> Dashboard completes successfully with approvals, validations, and audit trail",High,Integration,"{""worker"": ""Jane Doe"", ""company"": ""Global Demo"", ""region"": ""US""}"
WD-REC-00246,Workday,RECRUITING,Offer,Nonprofit,Requisition -> Offer -> Hire -> Onboard -> Payroll,Data Migration,Sync Nonprofit Workday Offer,Workday access is provisioned and Nonprofit test data exists,"1. Open Workday Offer.
2. Execute: Requisition -> Offer -> Hire -> Onboard -> Payroll.
3. Perform validation and confirm downstream impact.","Requisition -> Offer -> Hire -> Onboard -> Payroll completes successfully with approvals, validations, and audit trail",Low,Workflow,"{""worker"": ""Jane Doe"", ""company"": ""Global Demo"", ""region"": ""US""}"
WD-REC-00247,Workday,RECRUITING,Offer,Nonprofit,Employee Life Event -> Benefits -> Payroll -> Reporting,Functional,Reject Nonprofit Workday Offer,Workday access is provisioned and Nonprofit test data exists,"1. Open Workday Offer.
2. Execute: Employee Life Event -> Benefits -> Payroll -> Reporting.
3. Perform validation and confirm downstream impact.","Employee Life Event -> Benefits -> Payroll -> Reporting completes successfully with approvals, validations, and audit trail",High,Security,"{""worker"": ""Jane Doe"", ""company"": ""Global Demo"", ""region"": ""US""}"
WD-REC-00248,Workday,RECRUITING,Offer,Nonprofit,Expense Submit -> Approval -> Accounting -> Reimbursement,Functional,Create Nonprofit Workday Offer,Workday access is provisioned and Nonprofit test data exists,"1. Open Workday Offer.
2. Execute: Expense Submit -> Approval -> Accounting -> Reimbursement.
3. Perform validation and confirm downstream impact.","Expense Submit -> Approval -> Accounting -> Reimbursement completes successfully with approvals, validations, and audit trail",Low,Regression,"{""worker"": ""Jane Doe"", ""company"": ""Global Demo"", ""region"": ""US""}"
WD-REC-00249,Workday,RECRUITING,Offer,Nonprofit,Supplier Invoice -> Matching -> Approval -> Payment,Security,Route Nonprofit Workday Offer,Workday access is provisioned and Nonprofit test data exists,"1. Open Workday Offer.
2. Execute: Supplier Invoice -> Matching -> Approval -> Payment.
3. Perform validation and confirm downstream impact.","Supplier Invoice -> Matching -> Approval -> Payment completes successfully with approvals, validations, and audit trail",High,UI,"{""worker"": ""Jane Doe"", ""company"": ""Global Demo"", ""region"": ""US""}"
WD-REC-00250,Workday,RECRUITING,Offer,Nonprofit,Integration Load -> Validate -> Error Handling -> Reprocess,Regression,Review Nonprofit Workday Offer,Workday access is provisioned and Nonprofit test data exists,"1. Open Workday Offer.
2. Execute: Integration Load -> Validate -> Error Handling -> Reprocess.
3. Perform validation and confirm downstream impact.","Integration Load -> Validate -> Error Handling -> Reprocess completes successfully with approvals, validations, and audit trail",Low,Functional,"{""worker"": ""Jane Doe"", ""company"": ""Global Demo"", ""region"": ""US""}"
WD-REC-00251,Workday,RECRUITING,Offer,Nonprofit,Recruiting -> Hire -> Onboard -> Time -> Payroll,Mobile,Update Nonprofit Workday Offer,Workday access is provisioned and Nonprofit test data exists,"1. Open Workday Offer.
2. Execute: Recruiting -> Hire -> Onboard -> Time -> Payroll.
3. Perform validation and confirm downstream impact.","Recruiting -> Hire -> Onboard -> Time -> Payroll completes successfully with approvals, validations, and audit trail",Low,Performance,"{""worker"": ""Jane Doe"", ""company"": ""Global Demo"", ""region"": ""US""}"
WD-REC-00252,Workday,RECRUITING,Offer,Nonprofit,Budget -> Expense -> Journal -> Dashboard,Data Migration,Export Nonprofit Workday Offer,Workday access is provisioned and Nonprofit test data exists,"1. Open Workday Offer.
2. Execute: Budget -> Expense -> Journal -> Dashboard.
3. Perform validation and confirm downstream impact.","Budget -> Expense -> Journal -> Dashboard completes successfully with approvals, validations, and audit trail",Low,Mobile,"{""worker"": ""Jane Doe"", ""company"": ""Global Demo"", ""region"": ""US""}"
WD-REC-00253,Workday,RECRUITING,Offer,Financial Services,Requisition -> Offer -> Hire -> Onboard -> Payroll,UI,Reject Financial Services Workday Offer,Workday access is provisioned and Financial Services test data exists,"1. Open Workday Offer.
2. Execute: Requisition -> Offer -> Hire -> Onboard -> Payroll.
3. Perform validation and confirm downstream impact.","Requisition -> Offer -> Hire -> Onboard -> Payroll completes successfully with approvals, validations, and audit trail",Medium,Integration,"{""worker"": ""Jane Doe"", ""company"": ""Global Demo"", ""region"": ""US""}"
WD-REC-00254,Workday,RECRUITING,Offer,Financial Services,Employee Life Event -> Benefits -> Payroll -> Reporting,Security,Import Financial Services Workday Offer,Workday access is provisioned and Financial Services test data exists,"1. Open Workday Offer.
2. Execute: Employee Life Event -> Benefits -> Payroll -> Reporting.
3. Perform validation and confirm downstream impact.","Employee Life Event -> Benefits -> Payroll -> Reporting completes successfully with approvals, validations, and audit trail",High,Functional,"{""worker"": ""Jane Doe"", ""company"": ""Global Demo"", ""region"": ""US""}"
WD-REC-00255,Workday,RECRUITING,Offer,Financial Services,Expense Submit -> Approval -> Accounting -> Reimbursement,Accessibility,Submit Financial Services Workday Offer,Workday access is provisioned and Financial Services test data exists,"1. Open Workday Offer.
2. Execute: Expense Submit -> Approval -> Accounting -> Reimbursement.
3. Perform validation and confirm downstream impact.","Expense Submit -> Approval -> Accounting -> Reimbursement completes successfully with approvals, validations, and audit trail",Low,Security,"{""worker"": ""Jane Doe"", ""company"": ""Global Demo"", ""region"": ""US""}"
WD-REC-00256,Workday,RECRUITING,Offer,Financial Services,Supplier Invoice -> Matching -> Approval -> Payment,Data Migration,Validate Financial Services Workday Offer,Workday access is provisioned and Financial Services test data exists,"1. Open Workday Offer.
2. Execute: Supplier Invoice -> Matching -> Approval -> Payment.
3. Perform validation and confirm downstream impact.","Supplier Invoice -> Matching -> Approval -> Payment completes successfully with approvals, validations, and audit trail",Low,Data Migration,"{""worker"": ""Jane Doe"", ""company"": ""Global Demo"", ""region"": ""US""}"
WD-REC-00257,Workday,RECRUITING,Offer,Financial Services,Integration Load -> Validate -> Error Handling -> Reprocess,Security,Create Financial Services Workday Offer,Workday access is provisioned and Financial Services test data exists,"1. Open Workday Offer.
2. Execute: Integration Load -> Validate -> Error Handling -> Reprocess.
3. Perform validation and confirm downstream impact.","Integration Load -> Validate -> Error Handling -> Reprocess completes successfully with approvals, validations, and audit trail",High,Accessibility,"{""worker"": ""Jane Doe"", ""company"": ""Global Demo"", ""region"": ""US""}"
WD-REC-00258,Workday,RECRUITING,Offer,Financial Services,Recruiting -> Hire -> Onboard -> Time -> Payroll,Performance,Route Financial Services Workday Offer,Workday access is provisioned and Financial Services test data exists,"1. Open Workday Offer.
2. Execute: Recruiting -> Hire -> Onboard -> Time -> Payroll.
3. Perform validation and confirm downstream impact.","Recruiting -> Hire -> Onboard -> Time -> Payroll completes successfully with approvals, validations, and audit trail",Low,Workflow,"{""worker"": ""Jane Doe"", ""company"": ""Global Demo"", ""region"": ""US""}"
WD-REC-00259,Workday,RECRUITING,Offer,Financial Services,Budget -> Expense -> Journal -> Dashboard,Regression,Export Financial Services Workday Offer,Workday access is provisioned and Financial Services test data exists,"1. Open Workday Offer.
2. Execute: Budget -> Expense -> Journal -> Dashboard.
3. Perform validation and confirm downstream impact.","Budget -> Expense -> Journal -> Dashboard completes successfully with approvals, validations, and audit trail",Medium,Regression,"{""worker"": ""Jane Doe"", ""company"": ""Global Demo"", ""region"": ""US""}"
WD-REC-00260,Workday,RECRUITING,Offer,Technology,Requisition -> Offer -> Hire -> Onboard -> Payroll,Integration,Submit Technology Workday Offer,Workday access is provisioned and Technology test data exists,"1. Open Workday Offer.
2. Execute: Requisition -> Offer -> Hire -> Onboard -> Payroll.
3. Perform validation and confirm downstream impact.","Requisition -> Offer -> Hire -> Onboard -> Payroll completes successfully with approvals, validations, and audit trail",Medium,Mobile,"{""worker"": ""Jane Doe"", ""company"": ""Global Demo"", ""region"": ""US""}"
WD-REC-00261,Workday,RECRUITING,Offer,Technology,Employee Life Event -> Benefits -> Payroll -> Reporting,Mobile,Route Technology Workday Offer,Workday access is provisioned and Technology test data exists,"1. Open Workday Offer.
2. Execute: Employee Life Event -> Benefits -> Payroll -> Reporting.
3. Perform validation and confirm downstream impact.","Employee Life Event -> Benefits -> Payroll -> Reporting completes successfully with approvals, validations, and audit trail",Medium,UI,"{""worker"": ""Jane Doe"", ""company"": ""Global Demo"", ""region"": ""US""}"
WD-REC-00262,Workday,RECRUITING,Offer,Technology,Expense Submit -> Approval -> Accounting -> Reimbursement,Functional,Edit Technology Workday Offer,Workday access is provisioned and Technology test data exists,"1. Open Workday Offer.
2. Execute: Expense Submit -> Approval -> Accounting -> Reimbursement.
3. Perform validation and confirm downstream impact.","Expense Submit -> Approval -> Accounting -> Reimbursement completes successfully with approvals, validations, and audit trail",Low,Regression,"{""worker"": ""Jane Doe"", ""company"": ""Global Demo"", ""region"": ""US""}"
WD-REC-00263,Workday,RECRUITING,Offer,Technology,Supplier Invoice -> Matching -> Approval -> Payment,Mobile,Import Technology Workday Offer,Workday access is provisioned and Technology test data exists,"1. Open Workday Offer.
2. Execute: Supplier Invoice -> Matching -> Approval -> Payment.
3. Perform validation and confirm downstream impact.","Supplier Invoice -> Matching -> Approval -> Payment completes successfully with approvals, validations, and audit trail",Low,Data Migration,"{""worker"": ""Jane Doe"", ""company"": ""Global Demo"", ""region"": ""US""}"
WD-REC-00264,Workday,RECRUITING,Offer,Technology,Integration Load -> Validate -> Error Handling -> Reprocess,Performance,Edit Technology Workday Offer,Workday access is provisioned and Technology test data exists,"1. Open Workday Offer.
2. Execute: Integration Load -> Validate -> Error Handling -> Reprocess.
3. Perform validation and confirm downstream impact.","Integration Load -> Validate -> Error Handling -> Reprocess completes successfully with approvals, validations, and audit trail",Low,Mobile,"{""worker"": ""Jane Doe"", ""company"": ""Global Demo"", ""region"": ""US""}"
WD-REC-00265,Workday,RECRUITING,Offer,Technology,Recruiting -> Hire -> Onboard -> Time -> Payroll,Performance,Export Technology Workday Offer,Workday access is provisioned and Technology test data exists,"1. Open Workday Offer.
2. Execute: Recruiting -> Hire -> Onboard -> Time -> Payroll.
3. Perform validation and confirm downstream impact.","Recruiting -> Hire -> Onboard -> Time -> Payroll completes successfully with approvals, validations, and audit trail",Medium,Performance,"{""worker"": ""Jane Doe"", ""company"": ""Global Demo"", ""region"": ""US""}"
WD-REC-00266,Workday,RECRUITING,Offer,Technology,Budget -> Expense -> Journal -> Dashboard,Mobile,Edit Technology Workday Offer,Workday access is provisioned and Technology test data exists,"1. Open Workday Offer.
2. Execute: Budget -> Expense -> Journal -> Dashboard.
3. Perform validation and confirm downstream impact.","Budget -> Expense -> Journal -> Dashboard completes successfully with approvals, validations, and audit trail",High,Accessibility,"{""worker"": ""Jane Doe"", ""company"": ""Global Demo"", ""region"": ""US""}"
WD-REC-00267,Workday,RECRUITING,Offer,Public Sector,Requisition -> Offer -> Hire -> Onboard -> Payroll,Regression,Close Public Sector Workday Offer,Workday access is provisioned and Public Sector test data exists,"1. Open Workday Offer.
2. Execute: Requisition -> Offer -> Hire -> Onboard -> Payroll.
3. Perform validation and confirm downstream impact.","Requisition -> Offer -> Hire -> Onboard -> Payroll completes successfully with approvals, validations, and audit trail",Medium,Integration,"{""worker"": ""Jane Doe"", ""company"": ""Global Demo"", ""region"": ""US""}"
WD-REC-00268,Workday,RECRUITING,Offer,Public Sector,Employee Life Event -> Benefits -> Payroll -> Reporting,Regression,Edit Public Sector Workday Offer,Workday access is provisioned and Public Sector test data exists,"1. Open Workday Offer.
2. Execute: Employee Life Event -> Benefits -> Payroll -> Reporting.
3. Perform validation and confirm downstream impact.","Employee Life Event -> Benefits -> Payroll -> Reporting completes successfully with approvals, validations, and audit trail",High,Integration,"{""worker"": ""Jane Doe"", ""company"": ""Global Demo"", ""region"": ""US""}"
WD-REC-00269,Workday,RECRUITING,Offer,Public Sector,Expense Submit -> Approval -> Accounting -> Reimbursement,Regression,Route Public Sector Workday Offer,Workday access is provisioned and Public Sector test data exists,"1. Open Workday Offer.
2. Execute: Expense Submit -> Approval -> Accounting -> Reimbursement.
3. Perform validation and confirm downstream impact.","Expense Submit -> Approval -> Accounting -> Reimbursement completes successfully with approvals, validations, and audit trail",High,Accessibility,"{""worker"": ""Jane Doe"", ""company"": ""Global Demo"", ""region"": ""US""}"
WD-REC-00270,Workday,RECRUITING,Offer,Public Sector,Supplier Invoice -> Matching -> Approval -> Payment,Accessibility,Update Public Sector Workday Offer,Workday access is provisioned and Public Sector test data exists,"1. Open Workday Offer.
2. Execute: Supplier Invoice -> Matching -> Approval -> Payment.
3. Perform validation and confirm downstream impact.","Supplier Invoice -> Matching -> Approval -> Payment completes successfully with approvals, validations, and audit trail",Medium,Data Migration,"{""worker"": ""Jane Doe"", ""company"": ""Global Demo"", ""region"": ""US""}"
WD-REC-00271,Workday,RECRUITING,Offer,Public Sector,Integration Load -> Validate -> Error Handling -> Reprocess,Workflow,Update Public Sector Workday Offer,Workday access is provisioned and Public Sector test data exists,"1. Open Workday Offer.
2. Execute: Integration Load -> Validate -> Error Handling -> Reprocess.
3. Perform validation and confirm downstream impact.","Integration Load -> Validate -> Error Handling -> Reprocess completes successfully with approvals, validations, and audit trail",Low,Performance,"{""worker"": ""Jane Doe"", ""company"": ""Global Demo"", ""region"": ""US""}"
WD-REC-00272,Workday,RECRUITING,Offer,Public Sector,Recruiting -> Hire -> Onboard -> Time -> Payroll,Accessibility,Review Public Sector Workday Offer,Workday access is provisioned and Public Sector test data exists,"1. Open Workday Offer.
2. Execute: Recruiting -> Hire -> Onboard -> Time -> Payroll.
3. Perform validation and confirm downstream impact.","Recruiting -> Hire -> Onboard -> Time -> Payroll completes successfully with approvals, validations, and audit trail",Medium,Workflow,"{""worker"": ""Jane Doe"", ""company"": ""Global Demo"", ""region"": ""US""}"
WD-REC-00273,Workday,RECRUITING,Offer,Public Sector,Budget -> Expense -> Journal -> Dashboard,Regression,Sync Public Sector Workday Offer,Workday access is provisioned and Public Sector test data exists,"1. Open Workday Offer.
2. Execute: Budget -> Expense -> Journal -> Dashboard.
3. Perform validation and confirm downstream impact.","Budget -> Expense -> Journal -> Dashboard completes successfully with approvals, validations, and audit trail",Medium,Data Migration,"{""worker"": ""Jane Doe"", ""company"": ""Global Demo"", ""region"": ""US""}"
WD-REC-00274,Workday,RECRUITING,Offer,Hospitality,Requisition -> Offer -> Hire -> Onboard -> Payroll,Performance,Approve Hospitality Workday Offer,Workday access is provisioned and Hospitality test data exists,"1. Open Workday Offer.
2. Execute: Requisition -> Offer -> Hire -> Onboard -> Payroll.
3. Perform validation and confirm downstream impact.","Requisition -> Offer -> Hire -> Onboard -> Payroll completes successfully with approvals, validations, and audit trail",Medium,UI,"{""worker"": ""Jane Doe"", ""company"": ""Global Demo"", ""region"": ""US""}"
WD-REC-00275,Workday,RECRUITING,Offer,Hospitality,Employee Life Event -> Benefits -> Payroll -> Reporting,Accessibility,Route Hospitality Workday Offer,Workday access is provisioned and Hospitality test data exists,"1. Open Workday Offer.
2. Execute: Employee Life Event -> Benefits -> Payroll -> Reporting.
3. Perform validation and confirm downstream impact.","Employee Life Event -> Benefits -> Payroll -> Reporting completes successfully with approvals, validations, and audit trail",Low,Accessibility,"{""worker"": ""Jane Doe"", ""company"": ""Global Demo"", ""region"": ""US""}"
WD-REC-00276,Workday,RECRUITING,Offer,Hospitality,Expense Submit -> Approval -> Accounting -> Reimbursement,Functional,Close Hospitality Workday Offer,Workday access is provisioned and Hospitality test data exists,"1. Open Workday Offer.
2. Execute: Expense Submit -> Approval -> Accounting -> Reimbursement.
3. Perform validation and confirm downstream impact.","Expense Submit -> Approval -> Accounting -> Reimbursement completes successfully with approvals, validations, and audit trail",High,Workflow,"{""worker"": ""Jane Doe"", ""company"": ""Global Demo"", ""region"": ""US""}"
WD-REC-00277,Workday,RECRUITING,Offer,Hospitality,Supplier Invoice -> Matching -> Approval -> Payment,Regression,Validate Hospitality Workday Offer,Workday access is provisioned and Hospitality test data exists,"1. Open Workday Offer.
2. Execute: Supplier Invoice -> Matching -> Approval -> Payment.
3. Perform validation and confirm downstream impact.","Supplier Invoice -> Matching -> Approval -> Payment completes successfully with approvals, validations, and audit trail",High,Security,"{""worker"": ""Jane Doe"", ""company"": ""Global Demo"", ""region"": ""US""}"
WD-REC-00278,Workday,RECRUITING,Offer,Hospitality,Integration Load -> Validate -> Error Handling -> Reprocess,Mobile,Close Hospitality Workday Offer,Workday access is provisioned and Hospitality test data exists,"1. Open Workday Offer.
2. Execute: Integration Load -> Validate -> Error Handling -> Reprocess.
3. Perform validation and confirm downstream impact.","Integration Load -> Validate -> Error Handling -> Reprocess completes successfully with approvals, validations, and audit trail",Medium,Integration,"{""worker"": ""Jane Doe"", ""company"": ""Global Demo"", ""region"": ""US""}"
WD-REC-00279,Workday,RECRUITING,Offer,Hospitality,Recruiting -> Hire -> Onboard -> Time -> Payroll,Workflow,Close Hospitality Workday Offer,Workday access is provisioned and Hospitality test data exists,"1. Open Workday Offer.
2. Execute: Recruiting -> Hire -> Onboard -> Time -> Payroll.
3. Perform validation and confirm downstream impact.","Recruiting -> Hire -> Onboard -> Time -> Payroll completes successfully with approvals, validations, and audit trail",High,Accessibility,"{""worker"": ""Jane Doe"", ""company"": ""Global Demo"", ""region"": ""US""}"
WD-REC-00280,Workday,RECRUITING,Offer,Hospitality,Budget -> Expense -> Journal -> Dashboard,Accessibility,Export Hospitality Workday Offer,Workday access is provisioned and Hospitality test data exists,"1. Open Workday Offer.
2. Execute: Budget -> Expense -> Journal -> Dashboard.
3. Perform validation and confirm downstream impact.","Budget -> Expense -> Journal -> Dashboard completes successfully with approvals, validations, and audit trail",Low,Performance,"{""worker"": ""Jane Doe"", ""company"": ""Global Demo"", ""region"": ""US""}"
WD-REC-00281,Workday,RECRUITING,Candidate Pipeline,Corporate,Requisition -> Offer -> Hire -> Onboard -> Payroll,UI,Review Corporate Workday Candidate Pipeline,Workday access is provisioned and Corporate test data exists,"1. Open Workday Candidate Pipeline.
2. Execute: Requisition -> Offer -> Hire -> Onboard -> Payroll.
3. Perform validation and confirm downstream impact.","Requisition -> Offer -> Hire -> Onboard -> Payroll completes successfully with approvals, validations, and audit trail",High,UI,"{""worker"": ""Jane Doe"", ""company"": ""Global Demo"", ""region"": ""US""}"
WD-REC-00282,Workday,RECRUITING,Candidate Pipeline,Corporate,Employee Life Event -> Benefits -> Payroll -> Reporting,Workflow,Import Corporate Workday Candidate Pipeline,Workday access is provisioned and Corporate test data exists,"1. Open Workday Candidate Pipeline.
2. Execute: Employee Life Event -> Benefits -> Payroll -> Reporting.
3. Perform validation and confirm downstream impact.","Employee Life Event -> Benefits -> Payroll -> Reporting completes successfully with approvals, validations, and audit trail",High,Security,"{""worker"": ""Jane Doe"", ""company"": ""Global Demo"", ""region"": ""US""}"
WD-REC-00283,Workday,RECRUITING,Candidate Pipeline,Corporate,Expense Submit -> Approval -> Accounting -> Reimbursement,Functional,Edit Corporate Workday Candidate Pipeline,Workday access is provisioned and Corporate test data exists,"1. Open Workday Candidate Pipeline.
2. Execute: Expense Submit -> Approval -> Accounting -> Reimbursement.
3. Perform validation and confirm downstream impact.","Expense Submit -> Approval -> Accounting -> Reimbursement completes successfully with approvals, validations, and audit trail",Low,Data Migration,"{""worker"": ""Jane Doe"", ""company"": ""Global Demo"", ""region"": ""US""}"
WD-REC-00284,Workday,RECRUITING,Candidate Pipeline,Corporate,Supplier Invoice -> Matching -> Approval -> Payment,Accessibility,Validate Corporate Workday Candidate Pipeline,Workday access is provisioned and Corporate test data exists,"1. Open Workday Candidate Pipeline.
2. Execute: Supplier Invoice -> Matching -> Approval -> Payment.
3. Perform validation and confirm downstream impact.","Supplier Invoice -> Matching -> Approval -> Payment completes successfully with approvals, validations, and audit trail",Low,Functional,"{""worker"": ""Jane Doe"", ""company"": ""Global Demo"", ""region"": ""US""}"
WD-REC-00285,Workday,RECRUITING,Candidate Pipeline,Corporate,Integration Load -> Validate -> Error Handling -> Reprocess,Data Migration,Create Corporate Workday Candidate Pipeline,Workday access is provisioned and Corporate test data exists,"1. Open Workday Candidate Pipeline.
2. Execute: Integration Load -> Validate -> Error Handling -> Reprocess.
3. Perform validation and confirm downstream impact.","Integration Load -> Validate -> Error Handling -> Reprocess completes successfully with approvals, validations, and audit trail",Low,Performance,"{""worker"": ""Jane Doe"", ""company"": ""Global Demo"", ""region"": ""US""}"
WD-REC-00286,Workday,RECRUITING,Candidate Pipeline,Corporate,Recruiting -> Hire -> Onboard -> Time -> Payroll,Mobile,Update Corporate Workday Candidate Pipeline,Workday access is provisioned and Corporate test data exists,"1. Open Workday Candidate Pipeline.
2. Execute: Recruiting -> Hire -> Onboard -> Time -> Payroll.
3. Perform validation and confirm downstream impact.","Recruiting -> Hire -> Onboard -> Time -> Payroll completes successfully with approvals, validations, and audit trail",High,Mobile,"{""worker"": ""Jane Doe"", ""company"": ""Global Demo"", ""region"": ""US""}"
WD-REC-00287,Workday,RECRUITING,Candidate Pipeline,Corporate,Budget -> Expense -> Journal -> Dashboard,Functional,Submit Corporate Workday Candidate Pipeline,Workday access is provisioned and Corporate test data exists,"1. Open Workday Candidate Pipeline.
2. Execute: Budget -> Expense -> Journal -> Dashboard.
3. Perform validation and confirm downstream impact.","Budget -> Expense -> Journal -> Dashboard completes successfully with approvals, validations, and audit trail",High,UI,"{""worker"": ""Jane Doe"", ""company"": ""Global Demo"", ""region"": ""US""}"
WD-REC-00288,Workday,RECRUITING,Candidate Pipeline,Retail,Requisition -> Offer -> Hire -> Onboard -> Payroll,Mobile,Close Retail Workday Candidate Pipeline,Workday access is provisioned and Retail test data exists,"1. Open Workday Candidate Pipeline.
2. Execute: Requisition -> Offer -> Hire -> Onboard -> Payroll.
3. Perform validation and confirm downstream impact.","Requisition -> Offer -> Hire -> Onboard -> Payroll completes successfully with approvals, validations, and audit trail",Low,Regression,"{""worker"": ""Jane Doe"", ""company"": ""Global Demo"", ""region"": ""US""}"
WD-REC-00289,Workday,RECRUITING,Candidate Pipeline,Retail,Employee Life Event -> Benefits -> Payroll -> Reporting,Accessibility,Reject Retail Workday Candidate Pipeline,Workday access is provisioned and Retail test data exists,"1. Open Workday Candidate Pipeline.
2. Execute: Employee Life Event -> Benefits -> Payroll -> Reporting.
3. Perform validation and confirm downstream impact.","Employee Life Event -> Benefits -> Payroll -> Reporting completes successfully with approvals, validations, and audit trail",Medium,Regression,"{""worker"": ""Jane Doe"", ""company"": ""Global Demo"", ""region"": ""US""}"
WD-REC-00290,Workday,RECRUITING,Candidate Pipeline,Retail,Expense Submit -> Approval -> Accounting -> Reimbursement,Regression,Sync Retail Workday Candidate Pipeline,Workday access is provisioned and Retail test data exists,"1. Open Workday Candidate Pipeline.
2. Execute: Expense Submit -> Approval -> Accounting -> Reimbursement.
3. Perform validation and confirm downstream impact.","Expense Submit -> Approval -> Accounting -> Reimbursement completes successfully with approvals, validations, and audit trail",Low,Integration,"{""worker"": ""Jane Doe"", ""company"": ""Global Demo"", ""region"": ""US""}"
WD-REC-00291,Workday,RECRUITING,Candidate Pipeline,Retail,Supplier Invoice -> Matching -> Approval -> Payment,Accessibility,Import Retail Workday Candidate Pipeline,Workday access is provisioned and Retail test data exists,"1. Open Workday Candidate Pipeline.
2. Execute: Supplier Invoice -> Matching -> Approval -> Payment.
3. Perform validation and confirm downstream impact.","Supplier Invoice -> Matching -> Approval -> Payment completes successfully with approvals, validations, and audit trail",Low,Regression,"{""worker"": ""Jane Doe"", ""company"": ""Global Demo"", ""region"": ""US""}"
WD-REC-00292,Workday,RECRUITING,Candidate Pipeline,Retail,Integration Load -> Validate -> Error Handling -> Reprocess,Mobile,Close Retail Workday Candidate Pipeline,Workday access is provisioned and Retail test data exists,"1. Open Workday Candidate Pipeline.
2. Execute: Integration Load -> Validate -> Error Handling -> Reprocess.
3. Perform validation and confirm downstream impact.","Integration Load -> Validate -> Error Handling -> Reprocess completes successfully with approvals, validations, and audit trail",Low,Integration,"{""worker"": ""Jane Doe"", ""company"": ""Global Demo"", ""region"": ""US""}"
WD-REC-00293,Workday,RECRUITING,Candidate Pipeline,Retail,Recruiting -> Hire -> Onboard -> Time -> Payroll,Accessibility,Export Retail Workday Candidate Pipeline,Workday access is provisioned and Retail test data exists,"1. Open Workday Candidate Pipeline.
2. Execute: Recruiting -> Hire -> Onboard -> Time -> Payroll.
3. Perform validation and confirm downstream impact.","Recruiting -> Hire -> Onboard -> Time -> Payroll completes successfully with approvals, validations, and audit trail",High,Security,"{""worker"": ""Jane Doe"", ""company"": ""Global Demo"", ""region"": ""US""}"
WD-REC-00294,Workday,RECRUITING,Candidate Pipeline,Retail,Budget -> Expense -> Journal -> Dashboard,UI,Edit Retail Workday Candidate Pipeline,Workday access is provisioned and Retail test data exists,"1. Open Workday Candidate Pipeline.
2. Execute: Budget -> Expense -> Journal -> Dashboard.
3. Perform validation and confirm downstream impact.","Budget -> Expense -> Journal -> Dashboard completes successfully with approvals, validations, and audit trail",Medium,Integration,"{""worker"": ""Jane Doe"", ""company"": ""Global Demo"", ""region"": ""US""}"
WD-REC-00295,Workday,RECRUITING,Candidate Pipeline,Healthcare,Requisition -> Offer -> Hire -> Onboard -> Payroll,Functional,Export Healthcare Workday Candidate Pipeline,Workday access is provisioned and Healthcare test data exists,"1. Open Workday Candidate Pipeline.
2. Execute: Requisition -> Offer -> Hire -> Onboard -> Payroll.
3. Perform validation and confirm downstream impact.","Requisition -> Offer -> Hire -> Onboard -> Payroll completes successfully with approvals, validations, and audit trail",Medium,Functional,"{""worker"": ""Jane Doe"", ""company"": ""Global Demo"", ""region"": ""US""}"
WD-REC-00296,Workday,RECRUITING,Candidate Pipeline,Healthcare,Employee Life Event -> Benefits -> Payroll -> Reporting,UI,Approve Healthcare Workday Candidate Pipeline,Workday access is provisioned and Healthcare test data exists,"1. Open Workday Candidate Pipeline.
2. Execute: Employee Life Event -> Benefits -> Payroll -> Reporting.
3. Perform validation and confirm downstream impact.","Employee Life Event -> Benefits -> Payroll -> Reporting completes successfully with approvals, validations, and audit trail",High,Security,"{""worker"": ""Jane Doe"", ""company"": ""Global Demo"", ""region"": ""US""}"
WD-REC-00297,Workday,RECRUITING,Candidate Pipeline,Healthcare,Expense Submit -> Approval -> Accounting -> Reimbursement,Security,Create Healthcare Workday Candidate Pipeline,Workday access is provisioned and Healthcare test data exists,"1. Open Workday Candidate Pipeline.
2. Execute: Expense Submit -> Approval -> Accounting -> Reimbursement.
3. Perform validation and confirm downstream impact.","Expense Submit -> Approval -> Accounting -> Reimbursement completes successfully with approvals, validations, and audit trail",Low,Functional,"{""worker"": ""Jane Doe"", ""company"": ""Global Demo"", ""region"": ""US""}"
WD-REC-00298,Workday,RECRUITING,Candidate Pipeline,Healthcare,Supplier Invoice -> Matching -> Approval -> Payment,Data Migration,Close Healthcare Workday Candidate Pipeline,Workday access is provisioned and Healthcare test data exists,"1. Open Workday Candidate Pipeline.
2. Execute: Supplier Invoice -> Matching -> Approval -> Payment.
3. Perform validation and confirm downstream impact.","Supplier Invoice -> Matching -> Approval -> Payment completes successfully with approvals, validations, and audit trail",High,Regression,"{""worker"": ""Jane Doe"", ""company"": ""Global Demo"", ""region"": ""US""}"
WD-REC-00299,Workday,RECRUITING,Candidate Pipeline,Healthcare,Integration Load -> Validate -> Error Handling -> Reprocess,Regression,Update Healthcare Workday Candidate Pipeline,Workday access is provisioned and Healthcare test data exists,"1. Open Workday Candidate Pipeline.
2. Execute: Integration Load -> Validate -> Error Handling -> Reprocess.
3. Perform validation and confirm downstream impact.","Integration Load -> Validate -> Error Handling -> Reprocess completes successfully with approvals, validations, and audit trail",Low,Accessibility,"{""worker"": ""Jane Doe"", ""company"": ""Global Demo"", ""region"": ""US""}"
WD-REC-00300,Workday,RECRUITING,Candidate Pipeline,Healthcare,Recruiting -> Hire -> Onboard -> Time -> Payroll,Accessibility,Approve Healthcare Workday Candidate Pipeline,Workday access is provisioned and Healthcare test data exists,"1. Open Workday Candidate Pipeline.
2. Execute: Recruiting -> Hire -> Onboard -> Time -> Payroll.
3. Perform validation and confirm downstream impact.","Recruiting -> Hire -> Onboard -> Time -> Payroll completes successfully with approvals, validations, and audit trail",Medium,Accessibility,"{""worker"": ""Jane Doe"", ""company"": ""Global Demo"", ""region"": ""US""}"
WD-REC-00301,Workday,RECRUITING,Candidate Pipeline,Healthcare,Budget -> Expense -> Journal -> Dashboard,Functional,Import Healthcare Workday Candidate Pipeline,Workday access is provisioned and Healthcare test data exists,"1. Open Workday Candidate Pipeline.
2. Execute: Budget -> Expense -> Journal -> Dashboard.
3. Perform validation and confirm downstream impact.","Budget -> Expense -> Journal -> Dashboard completes successfully with approvals, validations, and audit trail",Medium,Performance,"{""worker"": ""Jane Doe"", ""company"": ""Global Demo"", ""region"": ""US""}"
WD-REC-00302,Workday,RECRUITING,Candidate Pipeline,Manufacturing,Requisition -> Offer -> Hire -> Onboard -> Payroll,Security,Sync Manufacturing Workday Candidate Pipeline,Workday access is provisioned and Manufacturing test data exists,"1. Open Workday Candidate Pipeline.
2. Execute: Requisition -> Offer -> Hire -> Onboard -> Payroll.
3. Perform validation and confirm downstream impact.","Requisition -> Offer -> Hire -> Onboard -> Payroll completes successfully with approvals, validations, and audit trail",High,Functional,"{""worker"": ""Jane Doe"", ""company"": ""Global Demo"", ""region"": ""US""}"
WD-REC-00303,Workday,RECRUITING,Candidate Pipeline,Manufacturing,Employee Life Event -> Benefits -> Payroll -> Reporting,Accessibility,Route Manufacturing Workday Candidate Pipeline,Workday access is provisioned and Manufacturing test data exists,"1. Open Workday Candidate Pipeline.
2. Execute: Employee Life Event -> Benefits -> Payroll -> Reporting.
3. Perform validation and confirm downstream impact.","Employee Life Event -> Benefits -> Payroll -> Reporting completes successfully with approvals, validations, and audit trail",Medium,UI,"{""worker"": ""Jane Doe"", ""company"": ""Global Demo"", ""region"": ""US""}"
WD-REC-00304,Workday,RECRUITING,Candidate Pipeline,Manufacturing,Expense Submit -> Approval -> Accounting -> Reimbursement,Performance,Submit Manufacturing Workday Candidate Pipeline,Workday access is provisioned and Manufacturing test data exists,"1. Open Workday Candidate Pipeline.
2. Execute: Expense Submit -> Approval -> Accounting -> Reimbursement.
3. Perform validation and confirm downstream impact.","Expense Submit -> Approval -> Accounting -> Reimbursement completes successfully with approvals, validations, and audit trail",Low,UI,"{""worker"": ""Jane Doe"", ""company"": ""Global Demo"", ""region"": ""US""}"
WD-REC-00305,Workday,RECRUITING,Candidate Pipeline,Manufacturing,Supplier Invoice -> Matching -> Approval -> Payment,Functional,Route Manufacturing Workday Candidate Pipeline,Workday access is provisioned and Manufacturing test data exists,"1. Open Workday Candidate Pipeline.
2. Execute: Supplier Invoice -> Matching -> Approval -> Payment.
3. Perform validation and confirm downstream impact.","Supplier Invoice -> Matching -> Approval -> Payment completes successfully with approvals, validations, and audit trail",Medium,Accessibility,"{""worker"": ""Jane Doe"", ""company"": ""Global Demo"", ""region"": ""US""}"
WD-REC-00306,Workday,RECRUITING,Candidate Pipeline,Manufacturing,Integration Load -> Validate -> Error Handling -> Reprocess,Performance,Validate Manufacturing Workday Candidate Pipeline,Workday access is provisioned and Manufacturing test data exists,"1. Open Workday Candidate Pipeline.
2. Execute: Integration Load -> Validate -> Error Handling -> Reprocess.
3. Perform validation and confirm downstream impact.","Integration Load -> Validate -> Error Handling -> Reprocess completes successfully with approvals, validations, and audit trail",Medium,Accessibility,"{""worker"": ""Jane Doe"", ""company"": ""Global Demo"", ""region"": ""US""}"
WD-REC-00307,Workday,RECRUITING,Candidate Pipeline,Manufacturing,Recruiting -> Hire -> Onboard -> Time -> Payroll,Mobile,Close Manufacturing Workday Candidate Pipeline,Workday access is provisioned and Manufacturing test data exists,"1. Open Workday Candidate Pipeline.
2. Execute: Recruiting -> Hire -> Onboard -> Time -> Payroll.
3. Perform validation and confirm downstream impact.","Recruiting -> Hire -> Onboard -> Time -> Payroll completes successfully with approvals, validations, and audit trail",Medium,Security,"{""worker"": ""Jane Doe"", ""company"": ""Global Demo"", ""region"": ""US""}"
WD-REC-00308,Workday,RECRUITING,Candidate Pipeline,Manufacturing,Budget -> Expense -> Journal -> Dashboard,Mobile,Approve Manufacturing Workday Candidate Pipeline,Workday access is provisioned and Manufacturing test data exists,"1. Open Workday Candidate Pipeline.
2. Execute: Budget -> Expense -> Journal -> Dashboard.
3. Perform validation and confirm downstream impact.","Budget -> Expense -> Journal -> Dashboard completes successfully with approvals, validations, and audit trail",Medium,Security,"{""worker"": ""Jane Doe"", ""company"": ""Global Demo"", ""region"": ""US""}"
WD-REC-00309,Workday,RECRUITING,Candidate Pipeline,Education,Requisition -> Offer -> Hire -> Onboard -> Payroll,Functional,Export Education Workday Candidate Pipeline,Workday access is provisioned and Education test data exists,"1. Open Workday Candidate Pipeline.
2. Execute: Requisition -> Offer -> Hire -> Onboard -> Payroll.
3. Perform validation and confirm downstream impact.","Requisition -> Offer -> Hire -> Onboard -> Payroll completes successfully with approvals, validations, and audit trail",High,UI,"{""worker"": ""Jane Doe"", ""company"": ""Global Demo"", ""region"": ""US""}"
WD-REC-00310,Workday,RECRUITING,Candidate Pipeline,Education,Employee Life Event -> Benefits -> Payroll -> Reporting,Security,Close Education Workday Candidate Pipeline,Workday access is provisioned and Education test data exists,"1. Open Workday Candidate Pipeline.
2. Execute: Employee Life Event -> Benefits -> Payroll -> Reporting.
3. Perform validation and confirm downstream impact.","Employee Life Event -> Benefits -> Payroll -> Reporting completes successfully with approvals, validations, and audit trail",Low,Mobile,"{""worker"": ""Jane Doe"", ""company"": ""Global Demo"", ""region"": ""US""}"
WD-REC-00311,Workday,RECRUITING,Candidate Pipeline,Education,Expense Submit -> Approval -> Accounting -> Reimbursement,Security,Create Education Workday Candidate Pipeline,Workday access is provisioned and Education test data exists,"1. Open Workday Candidate Pipeline.
2. Execute: Expense Submit -> Approval -> Accounting -> Reimbursement.
3. Perform validation and confirm downstream impact.","Expense Submit -> Approval -> Accounting -> Reimbursement completes successfully with approvals, validations, and audit trail",Low,Workflow,"{""worker"": ""Jane Doe"", ""company"": ""Global Demo"", ""region"": ""US""}"
WD-REC-00312,Workday,RECRUITING,Candidate Pipeline,Education,Supplier Invoice -> Matching -> Approval -> Payment,Workflow,Import Education Workday Candidate Pipeline,Workday access is provisioned and Education test data exists,"1. Open Workday Candidate Pipeline.
2. Execute: Supplier Invoice -> Matching -> Approval -> Payment.
3. Perform validation and confirm downstream impact.","Supplier Invoice -> Matching -> Approval -> Payment completes successfully with approvals, validations, and audit trail",Medium,UI,"{""worker"": ""Jane Doe"", ""company"": ""Global Demo"", ""region"": ""US""}"
WD-REC-00313,Workday,RECRUITING,Candidate Pipeline,Education,Integration Load -> Validate -> Error Handling -> Reprocess,Accessibility,Reject Education Workday Candidate Pipeline,Workday access is provisioned and Education test data exists,"1. Open Workday Candidate Pipeline.
2. Execute: Integration Load -> Validate -> Error Handling -> Reprocess.
3. Perform validation and confirm downstream impact.","Integration Load -> Validate -> Error Handling -> Reprocess completes successfully with approvals, validations, and audit trail",High,Data Migration,"{""worker"": ""Jane Doe"", ""company"": ""Global Demo"", ""region"": ""US""}"
WD-REC-00314,Workday,RECRUITING,Candidate Pipeline,Education,Recruiting -> Hire -> Onboard -> Time -> Payroll,UI,Route Education Workday Candidate Pipeline,Workday access is provisioned and Education test data exists,"1. Open Workday Candidate Pipeline.
2. Execute: Recruiting -> Hire -> Onboard -> Time -> Payroll.
3. Perform validation and confirm downstream impact.","Recruiting -> Hire -> Onboard -> Time -> Payroll completes successfully with approvals, validations, and audit trail",High,UI,"{""worker"": ""Jane Doe"", ""company"": ""Global Demo"", ""region"": ""US""}"
WD-REC-00315,Workday,RECRUITING,Candidate Pipeline,Education,Budget -> Expense -> Journal -> Dashboard,Security,Sync Education Workday Candidate Pipeline,Workday access is provisioned and Education test data exists,"1. Open Workday Candidate Pipeline.
2. Execute: Budget -> Expense -> Journal -> Dashboard.
3. Perform validation and confirm downstream impact.","Budget -> Expense -> Journal -> Dashboard completes successfully with approvals, validations, and audit trail",Low,Performance,"{""worker"": ""Jane Doe"", ""company"": ""Global Demo"", ""region"": ""US""}"
WD-REC-00316,Workday,RECRUITING,Candidate Pipeline,Nonprofit,Requisition -> Offer -> Hire -> Onboard -> Payroll,Mobile,Approve Nonprofit Workday Candidate Pipeline,Workday access is provisioned and Nonprofit test data exists,"1. Open Workday Candidate Pipeline.
2. Execute: Requisition -> Offer -> Hire -> Onboard -> Payroll.
3. Perform validation and confirm downstream impact.","Requisition -> Offer -> Hire -> Onboard -> Payroll completes successfully with approvals, validations, and audit trail",Medium,Functional,"{""worker"": ""Jane Doe"", ""company"": ""Global Demo"", ""region"": ""US""}"
WD-REC-00317,Workday,RECRUITING,Candidate Pipeline,Nonprofit,Employee Life Event -> Benefits -> Payroll -> Reporting,UI,Import Nonprofit Workday Candidate Pipeline,Workday access is provisioned and Nonprofit test data exists,"1. Open Workday Candidate Pipeline.
2. Execute: Employee Life Event -> Benefits -> Payroll -> Reporting.
3. Perform validation and confirm downstream impact.","Employee Life Event -> Benefits -> Payroll -> Reporting completes successfully with approvals, validations, and audit trail",Low,Accessibility,"{""worker"": ""Jane Doe"", ""company"": ""Global Demo"", ""region"": ""US""}"
WD-REC-00318,Workday,RECRUITING,Candidate Pipeline,Nonprofit,Expense Submit -> Approval -> Accounting -> Reimbursement,Workflow,Approve Nonprofit Workday Candidate Pipeline,Workday access is provisioned and Nonprofit test data exists,"1. Open Workday Candidate Pipeline.
2. Execute: Expense Submit -> Approval -> Accounting -> Reimbursement.
3. Perform validation and confirm downstream impact.","Expense Submit -> Approval -> Accounting -> Reimbursement completes successfully with approvals, validations, and audit trail",High,Performance,"{""worker"": ""Jane Doe"", ""company"": ""Global Demo"", ""region"": ""US""}"
WD-REC-00319,Workday,RECRUITING,Candidate Pipeline,Nonprofit,Supplier Invoice -> Matching -> Approval -> Payment,Performance,Export Nonprofit Workday Candidate Pipeline,Workday access is provisioned and Nonprofit test data exists,"1. Open Workday Candidate Pipeline.
2. Execute: Supplier Invoice -> Matching -> Approval -> Payment.
3. Perform validation and confirm downstream impact.","Supplier Invoice -> Matching -> Approval -> Payment completes successfully with approvals, validations, and audit trail",High,Data Migration,"{""worker"": ""Jane Doe"", ""company"": ""Global Demo"", ""region"": ""US""}"
WD-REC-00320,Workday,RECRUITING,Candidate Pipeline,Nonprofit,Integration Load -> Validate -> Error Handling -> Reprocess,Security,Sync Nonprofit Workday Candidate Pipeline,Workday access is provisioned and Nonprofit test data exists,"1. Open Workday Candidate Pipeline.
2. Execute: Integration Load -> Validate -> Error Handling -> Reprocess.
3. Perform validation and confirm downstream impact.","Integration Load -> Validate -> Error Handling -> Reprocess completes successfully with approvals, validations, and audit trail",High,Accessibility,"{""worker"": ""Jane Doe"", ""company"": ""Global Demo"", ""region"": ""US""}"
WD-REC-00321,Workday,RECRUITING,Candidate Pipeline,Nonprofit,Recruiting -> Hire -> Onboard -> Time -> Payroll,Mobile,Reject Nonprofit Workday Candidate Pipeline,Workday access is provisioned and Nonprofit test data exists,"1. Open Workday Candidate Pipeline.
2. Execute: Recruiting -> Hire -> Onboard -> Time -> Payroll.
3. Perform validation and confirm downstream impact.","Recruiting -> Hire -> Onboard -> Time -> Payroll completes successfully with approvals, validations, and audit trail",High,Regression,"{""worker"": ""Jane Doe"", ""company"": ""Global Demo"", ""region"": ""US""}"
WD-REC-00322,Workday,RECRUITING,Candidate Pipeline,Nonprofit,Budget -> Expense -> Journal -> Dashboard,UI,Approve Nonprofit Workday Candidate Pipeline,Workday access is provisioned and Nonprofit test data exists,"1. Open Workday Candidate Pipeline.
2. Execute: Budget -> Expense -> Journal -> Dashboard.
3. Perform validation and confirm downstream impact.","Budget -> Expense -> Journal -> Dashboard completes successfully with approvals, validations, and audit trail",High,UI,"{""worker"": ""Jane Doe"", ""company"": ""Global Demo"", ""region"": ""US""}"
WD-REC-00323,Workday,RECRUITING,Candidate Pipeline,Financial Services,Requisition -> Offer -> Hire -> Onboard -> Payroll,Performance,Update Financial Services Workday Candidate Pipeline,Workday access is provisioned and Financial Services test data exists,"1. Open Workday Candidate Pipeline.
2. Execute: Requisition -> Offer -> Hire -> Onboard -> Payroll.
3. Perform validation and confirm downstream impact.","Requisition -> Offer -> Hire -> Onboard -> Payroll completes successfully with approvals, validations, and audit trail",Medium,Accessibility,"{""worker"": ""Jane Doe"", ""company"": ""Global Demo"", ""region"": ""US""}"
WD-REC-00324,Workday,RECRUITING,Candidate Pipeline,Financial Services,Employee Life Event -> Benefits -> Payroll -> Reporting,Data Migration,Validate Financial Services Workday Candidate Pipeline,Workday access is provisioned and Financial Services test data exists,"1. Open Workday Candidate Pipeline.
2. Execute: Employee Life Event -> Benefits -> Payroll -> Reporting.
3. Perform validation and confirm downstream impact.","Employee Life Event -> Benefits -> Payroll -> Reporting completes successfully with approvals, validations, and audit trail",Low,Workflow,"{""worker"": ""Jane Doe"", ""company"": ""Global Demo"", ""region"": ""US""}"
WD-REC-00325,Workday,RECRUITING,Candidate Pipeline,Financial Services,Expense Submit -> Approval -> Accounting -> Reimbursement,UI,Approve Financial Services Workday Candidate Pipeline,Workday access is provisioned and Financial Services test data exists,"1. Open Workday Candidate Pipeline.
2. Execute: Expense Submit -> Approval -> Accounting -> Reimbursement.
3. Perform validation and confirm downstream impact.","Expense Submit -> Approval -> Accounting -> Reimbursement completes successfully with approvals, validations, and audit trail",High,Mobile,"{""worker"": ""Jane Doe"", ""company"": ""Global Demo"", ""region"": ""US""}"
WD-REC-00326,Workday,RECRUITING,Candidate Pipeline,Financial Services,Supplier Invoice -> Matching -> Approval -> Payment,Workflow,Approve Financial Services Workday Candidate Pipeline,Workday access is provisioned and Financial Services test data exists,"1. Open Workday Candidate Pipeline.
2. Execute: Supplier Invoice -> Matching -> Approval -> Payment.
3. Perform validation and confirm downstream impact.","Supplier Invoice -> Matching -> Approval -> Payment completes successfully with approvals, validations, and audit trail",Medium,Integration,"{""worker"": ""Jane Doe"", ""company"": ""Global Demo"", ""region"": ""US""}"
WD-REC-00327,Workday,RECRUITING,Candidate Pipeline,Financial Services,Integration Load -> Validate -> Error Handling -> Reprocess,Integration,Route Financial Services Workday Candidate Pipeline,Workday access is provisioned and Financial Services test data exists,"1. Open Workday Candidate Pipeline.
2. Execute: Integration Load -> Validate -> Error Handling -> Reprocess.
3. Perform validation and confirm downstream impact.","Integration Load -> Validate -> Error Handling -> Reprocess completes successfully with approvals, validations, and audit trail",High,Functional,"{""worker"": ""Jane Doe"", ""company"": ""Global Demo"", ""region"": ""US""}"
WD-REC-00328,Workday,RECRUITING,Candidate Pipeline,Financial Services,Recruiting -> Hire -> Onboard -> Time -> Payroll,Regression,Review Financial Services Workday Candidate Pipeline,Workday access is provisioned and Financial Services test data exists,"1. Open Workday Candidate Pipeline.
2. Execute: Recruiting -> Hire -> Onboard -> Time -> Payroll.
3. Perform validation and confirm downstream impact.","Recruiting -> Hire -> Onboard -> Time -> Payroll completes successfully with approvals, validations, and audit trail",Low,Integration,"{""worker"": ""Jane Doe"", ""company"": ""Global Demo"", ""region"": ""US""}"
WD-REC-00329,Workday,RECRUITING,Candidate Pipeline,Financial Services,Budget -> Expense -> Journal -> Dashboard,Regression,Approve Financial Services Workday Candidate Pipeline,Workday access is provisioned and Financial Services test data exists,"1. Open Workday Candidate Pipeline.
2. Execute: Budget -> Expense -> Journal -> Dashboard.
3. Perform validation and confirm downstream impact.","Budget -> Expense -> Journal -> Dashboard completes successfully with approvals, validations, and audit trail",Low,Integration,"{""worker"": ""Jane Doe"", ""company"": ""Global Demo"", ""region"": ""US""}"
WD-REC-00330,Workday,RECRUITING,Candidate Pipeline,Technology,Requisition -> Offer -> Hire -> Onboard -> Payroll,Security,Create Technology Workday Candidate Pipeline,Workday access is provisioned and Technology test data exists,"1. Open Workday Candidate Pipeline.
2. Execute: Requisition -> Offer -> Hire -> Onboard -> Payroll.
3. Perform validation and confirm downstream impact.","Requisition -> Offer -> Hire -> Onboard -> Payroll completes successfully with approvals, validations, and audit trail",Low,Functional,"{""worker"": ""Jane Doe"", ""company"": ""Global Demo"", ""region"": ""US""}"
WD-REC-00331,Workday,RECRUITING,Candidate Pipeline,Technology,Employee Life Event -> Benefits -> Payroll -> Reporting,Accessibility,Import Technology Workday Candidate Pipeline,Workday access is provisioned and Technology test data exists,"1. Open Workday Candidate Pipeline.
2. Execute: Employee Life Event -> Benefits -> Payroll -> Reporting.
3. Perform validation and confirm downstream impact.","Employee Life Event -> Benefits -> Payroll -> Reporting completes successfully with approvals, validations, and audit trail",Low,UI,"{""worker"": ""Jane Doe"", ""company"": ""Global Demo"", ""region"": ""US""}"
WD-REC-00332,Workday,RECRUITING,Candidate Pipeline,Technology,Expense Submit -> Approval -> Accounting -> Reimbursement,UI,Close Technology Workday Candidate Pipeline,Workday access is provisioned and Technology test data exists,"1. Open Workday Candidate Pipeline.
2. Execute: Expense Submit -> Approval -> Accounting -> Reimbursement.
3. Perform validation and confirm downstream impact.","Expense Submit -> Approval -> Accounting -> Reimbursement completes successfully with approvals, validations, and audit trail",Medium,Integration,"{""worker"": ""Jane Doe"", ""company"": ""Global Demo"", ""region"": ""US""}"
WD-REC-00333,Workday,RECRUITING,Candidate Pipeline,Technology,Supplier Invoice -> Matching -> Approval -> Payment,Integration,Create Technology Workday Candidate Pipeline,Workday access is provisioned and Technology test data exists,"1. Open Workday Candidate Pipeline.
2. Execute: Supplier Invoice -> Matching -> Approval -> Payment.
3. Perform validation and confirm downstream impact.","Supplier Invoice -> Matching -> Approval -> Payment completes successfully with approvals, validations, and audit trail",Medium,Accessibility,"{""worker"": ""Jane Doe"", ""company"": ""Global Demo"", ""region"": ""US""}"
WD-REC-00334,Workday,RECRUITING,Candidate Pipeline,Technology,Integration Load -> Validate -> Error Handling -> Reprocess,Data Migration,Route Technology Workday Candidate Pipeline,Workday access is provisioned and Technology test data exists,"1. Open Workday Candidate Pipeline.
2. Execute: Integration Load -> Validate -> Error Handling -> Reprocess.
3. Perform validation and confirm downstream impact.","Integration Load -> Validate -> Error Handling -> Reprocess completes successfully with approvals, validations, and audit trail",Low,Mobile,"{""worker"": ""Jane Doe"", ""company"": ""Global Demo"", ""region"": ""US""}"
WD-REC-00335,Workday,RECRUITING,Candidate Pipeline,Technology,Recruiting -> Hire -> Onboard -> Time -> Payroll,Integration,Sync Technology Workday Candidate Pipeline,Workday access is provisioned and Technology test data exists,"1. Open Workday Candidate Pipeline.
2. Execute: Recruiting -> Hire -> Onboard -> Time -> Payroll.
3. Perform validation and confirm downstream impact.","Recruiting -> Hire -> Onboard -> Time -> Payroll completes successfully with approvals, validations, and audit trail",Low,Security,"{""worker"": ""Jane Doe"", ""company"": ""Global Demo"", ""region"": ""US""}"
WD-REC-00336,Workday,RECRUITING,Candidate Pipeline,Technology,Budget -> Expense -> Journal -> Dashboard,Performance,Update Technology Workday Candidate Pipeline,Workday access is provisioned and Technology test data exists,"1. Open Workday Candidate Pipeline.
2. Execute: Budget -> Expense -> Journal -> Dashboard.
3. Perform validation and confirm downstream impact.","Budget -> Expense -> Journal -> Dashboard completes successfully with approvals, validations, and audit trail",Medium,Integration,"{""worker"": ""Jane Doe"", ""company"": ""Global Demo"", ""region"": ""US""}"
WD-REC-00337,Workday,RECRUITING,Candidate Pipeline,Public Sector,Requisition -> Offer -> Hire -> Onboard -> Payroll,UI,Approve Public Sector Workday Candidate Pipeline,Workday access is provisioned and Public Sector test data exists,"1. Open Workday Candidate Pipeline.
2. Execute: Requisition -> Offer -> Hire -> Onboard -> Payroll.
3. Perform validation and confirm downstream impact.","Requisition -> Offer -> Hire -> Onboard -> Payroll completes successfully with approvals, validations, and audit trail",Low,Regression,"{""worker"": ""Jane Doe"", ""company"": ""Global Demo"", ""region"": ""US""}"
WD-REC-00338,Workday,RECRUITING,Candidate Pipeline,Public Sector,Employee Life Event -> Benefits -> Payroll -> Reporting,Accessibility,Review Public Sector Workday Candidate Pipeline,Workday access is provisioned and Public Sector test data exists,"1. Open Workday Candidate Pipeline.
2. Execute: Employee Life Event -> Benefits -> Payroll -> Reporting.
3. Perform validation and confirm downstream impact.","Employee Life Event -> Benefits -> Payroll -> Reporting completes successfully with approvals, validations, and audit trail",Low,Performance,"{""worker"": ""Jane Doe"", ""company"": ""Global Demo"", ""region"": ""US""}"
WD-REC-00339,Workday,RECRUITING,Candidate Pipeline,Public Sector,Expense Submit -> Approval -> Accounting -> Reimbursement,Regression,Export Public Sector Workday Candidate Pipeline,Workday access is provisioned and Public Sector test data exists,"1. Open Workday Candidate Pipeline.
2. Execute: Expense Submit -> Approval -> Accounting -> Reimbursement.
3. Perform validation and confirm downstream impact.","Expense Submit -> Approval -> Accounting -> Reimbursement completes successfully with approvals, validations, and audit trail",Low,Mobile,"{""worker"": ""Jane Doe"", ""company"": ""Global Demo"", ""region"": ""US""}"
WD-REC-00340,Workday,RECRUITING,Candidate Pipeline,Public Sector,Supplier Invoice -> Matching -> Approval -> Payment,UI,Approve Public Sector Workday Candidate Pipeline,Workday access is provisioned and Public Sector test data exists,"1. Open Workday Candidate Pipeline.
2. Execute: Supplier Invoice -> Matching -> Approval -> Payment.
3. Perform validation and confirm downstream impact.","Supplier Invoice -> Matching -> Approval -> Payment completes successfully with approvals, validations, and audit trail",Medium,Regression,"{""worker"": ""Jane Doe"", ""company"": ""Global Demo"", ""region"": ""US""}"
WD-REC-00341,Workday,RECRUITING,Candidate Pipeline,Public Sector,Integration Load -> Validate -> Error Handling -> Reprocess,Data Migration,Route Public Sector Workday Candidate Pipeline,Workday access is provisioned and Public Sector test data exists,"1. Open Workday Candidate Pipeline.
2. Execute: Integration Load -> Validate -> Error Handling -> Reprocess.
3. Perform validation and confirm downstream impact.","Integration Load -> Validate -> Error Handling -> Reprocess completes successfully with approvals, validations, and audit trail",Medium,Integration,"{""worker"": ""Jane Doe"", ""company"": ""Global Demo"", ""region"": ""US""}"
WD-REC-00342,Workday,RECRUITING,Candidate Pipeline,Public Sector,Recruiting -> Hire -> Onboard -> Time -> Payroll,Functional,Reject Public Sector Workday Candidate Pipeline,Workday access is provisioned and Public Sector test data exists,"1. Open Workday Candidate Pipeline.
2. Execute: Recruiting -> Hire -> Onboard -> Time -> Payroll.
3. Perform validation and confirm downstream impact.","Recruiting -> Hire -> Onboard -> Time -> Payroll completes successfully with approvals, validations, and audit trail",High,Security,"{""worker"": ""Jane Doe"", ""company"": ""Global Demo"", ""region"": ""US""}"
WD-REC-00343,Workday,RECRUITING,Candidate Pipeline,Public Sector,Budget -> Expense -> Journal -> Dashboard,Workflow,Update Public Sector Workday Candidate Pipeline,Workday access is provisioned and Public Sector test data exists,"1. Open Workday Candidate Pipeline.
2. Execute: Budget -> Expense -> Journal -> Dashboard.
3. Perform validation and confirm downstream impact.","Budget -> Expense -> Journal -> Dashboard completes successfully with approvals, validations, and audit trail",High,Accessibility,"{""worker"": ""Jane Doe"", ""company"": ""Global Demo"", ""region"": ""US""}"
WD-REC-00344,Workday,RECRUITING,Candidate Pipeline,Hospitality,Requisition -> Offer -> Hire -> Onboard -> Payroll,Data Migration,Import Hospitality Workday Candidate Pipeline,Workday access is provisioned and Hospitality test data exists,"1. Open Workday Candidate Pipeline.
2. Execute: Requisition -> Offer -> Hire -> Onboard -> Payroll.
3. Perform validation and confirm downstream impact.","Requisition -> Offer -> Hire -> Onboard -> Payroll completes successfully with approvals, validations, and audit trail",Medium,Data Migration,"{""worker"": ""Jane Doe"", ""company"": ""Global Demo"", ""region"": ""US""}"
WD-REC-00345,Workday,RECRUITING,Candidate Pipeline,Hospitality,Employee Life Event -> Benefits -> Payroll -> Reporting,Integration,Sync Hospitality Workday Candidate Pipeline,Workday access is provisioned and Hospitality test data exists,"1. Open Workday Candidate Pipeline.
2. Execute: Employee Life Event -> Benefits -> Payroll -> Reporting.
3. Perform validation and confirm downstream impact.","Employee Life Event -> Benefits -> Payroll -> Reporting completes successfully with approvals, validations, and audit trail",Medium,Performance,"{""worker"": ""Jane Doe"", ""company"": ""Global Demo"", ""region"": ""US""}"
WD-REC-00346,Workday,RECRUITING,Candidate Pipeline,Hospitality,Expense Submit -> Approval -> Accounting -> Reimbursement,Performance,Import Hospitality Workday Candidate Pipeline,Workday access is provisioned and Hospitality test data exists,"1. Open Workday Candidate Pipeline.
2. Execute: Expense Submit -> Approval -> Accounting -> Reimbursement.
3. Perform validation and confirm downstream impact.","Expense Submit -> Approval -> Accounting -> Reimbursement completes successfully with approvals, validations, and audit trail",Low,UI,"{""worker"": ""Jane Doe"", ""company"": ""Global Demo"", ""region"": ""US""}"
WD-REC-00347,Workday,RECRUITING,Candidate Pipeline,Hospitality,Supplier Invoice -> Matching -> Approval -> Payment,UI,Update Hospitality Workday Candidate Pipeline,Workday access is provisioned and Hospitality test data exists,"1. Open Workday Candidate Pipeline.
2. Execute: Supplier Invoice -> Matching -> Approval -> Payment.
3. Perform validation and confirm downstream impact.","Supplier Invoice -> Matching -> Approval -> Payment completes successfully with approvals, validations, and audit trail",Low,Mobile,"{""worker"": ""Jane Doe"", ""company"": ""Global Demo"", ""region"": ""US""}"
WD-REC-00348,Workday,RECRUITING,Candidate Pipeline,Hospitality,Integration Load -> Validate -> Error Handling -> Reprocess,Data Migration,Submit Hospitality Workday Candidate Pipeline,Workday access is provisioned and Hospitality test data exists,"1. Open Workday Candidate Pipeline.
2. Execute: Integration Load -> Validate -> Error Handling -> Reprocess.
3. Perform validation and confirm downstream impact.","Integration Load -> Validate -> Error Handling -> Reprocess completes successfully with approvals, validations, and audit trail",Medium,Security,"{""worker"": ""Jane Doe"", ""company"": ""Global Demo"", ""region"": ""US""}"
WD-REC-00349,Workday,RECRUITING,Candidate Pipeline,Hospitality,Recruiting -> Hire -> Onboard -> Time -> Payroll,Mobile,Validate Hospitality Workday Candidate Pipeline,Workday access is provisioned and Hospitality test data exists,"1. Open Workday Candidate Pipeline.
2. Execute: Recruiting -> Hire -> Onboard -> Time -> Payroll.
3. Perform validation and confirm downstream impact.","Recruiting -> Hire -> Onboard -> Time -> Payroll completes successfully with approvals, validations, and audit trail",Low,Accessibility,"{""worker"": ""Jane Doe"", ""company"": ""Global Demo"", ""region"": ""US""}"
WD-REC-00350,Workday,RECRUITING,Candidate Pipeline,Hospitality,Budget -> Expense -> Journal -> Dashboard,Integration,Reject Hospitality Workday Candidate Pipeline,Workday access is provisioned and Hospitality test data exists,"1. Open Workday Candidate Pipeline.
2. Execute: Budget -> Expense -> Journal -> Dashboard.
3. Perform validation and confirm downstream impact.","Budget -> Expense -> Journal -> Dashboard completes successfully with approvals, validations, and audit trail",Medium,Regression,"{""worker"": ""Jane Doe"", ""company"": ""Global Demo"", ""region"": ""US""}"
WD-REC-00351,Workday,RECRUITING,Background Check,Corporate,Requisition -> Offer -> Hire -> Onboard -> Payroll,Regression,Route Corporate Workday Background Check,Workday access is provisioned and Corporate test data exists,"1. Open Workday Background Check.
2. Execute: Requisition -> Offer -> Hire -> Onboard -> Payroll.
3. Perform validation and confirm downstream impact.","Requisition -> Offer -> Hire -> Onboard -> Payroll completes successfully with approvals, validations, and audit trail",Low,UI,"{""worker"": ""Jane Doe"", ""company"": ""Global Demo"", ""region"": ""US""}"
WD-REC-00352,Workday,RECRUITING,Background Check,Corporate,Employee Life Event -> Benefits -> Payroll -> Reporting,UI,Submit Corporate Workday Background Check,Workday access is provisioned and Corporate test data exists,"1. Open Workday Background Check.
2. Execute: Employee Life Event -> Benefits -> Payroll -> Reporting.
3. Perform validation and confirm downstream impact.","Employee Life Event -> Benefits -> Payroll -> Reporting completes successfully with approvals, validations, and audit trail",High,Regression,"{""worker"": ""Jane Doe"", ""company"": ""Global Demo"", ""region"": ""US""}"
WD-REC-00353,Workday,RECRUITING,Background Check,Corporate,Expense Submit -> Approval -> Accounting -> Reimbursement,Integration,Update Corporate Workday Background Check,Workday access is provisioned and Corporate test data exists,"1. Open Workday Background Check.
2. Execute: Expense Submit -> Approval -> Accounting -> Reimbursement.
3. Perform validation and confirm downstream impact.","Expense Submit -> Approval -> Accounting -> Reimbursement completes successfully with approvals, validations, and audit trail",Low,Functional,"{""worker"": ""Jane Doe"", ""company"": ""Global Demo"", ""region"": ""US""}"
WD-REC-00354,Workday,RECRUITING,Background Check,Corporate,Supplier Invoice -> Matching -> Approval -> Payment,Integration,Import Corporate Workday Background Check,Workday access is provisioned and Corporate test data exists,"1. Open Workday Background Check.
2. Execute: Supplier Invoice -> Matching -> Approval -> Payment.
3. Perform validation and confirm downstream impact.","Supplier Invoice -> Matching -> Approval -> Payment completes successfully with approvals, validations, and audit trail",Medium,Performance,"{""worker"": ""Jane Doe"", ""company"": ""Global Demo"", ""region"": ""US""}"
WD-REC-00355,Workday,RECRUITING,Background Check,Corporate,Integration Load -> Validate -> Error Handling -> Reprocess,Performance,Approve Corporate Workday Background Check,Workday access is provisioned and Corporate test data exists,"1. Open Workday Background Check.
2. Execute: Integration Load -> Validate -> Error Handling -> Reprocess.
3. Perform validation and confirm downstream impact.","Integration Load -> Validate -> Error Handling -> Reprocess completes successfully with approvals, validations, and audit trail",Low,Workflow,"{""worker"": ""Jane Doe"", ""company"": ""Global Demo"", ""region"": ""US""}"
WD-REC-00356,Workday,RECRUITING,Background Check,Corporate,Recruiting -> Hire -> Onboard -> Time -> Payroll,Performance,Validate Corporate Workday Background Check,Workday access is provisioned and Corporate test data exists,"1. Open Workday Background Check.
2. Execute: Recruiting -> Hire -> Onboard -> Time -> Payroll.
3. Perform validation and confirm downstream impact.","Recruiting -> Hire -> Onboard -> Time -> Payroll completes successfully with approvals, validations, and audit trail",Low,Data Migration,"{""worker"": ""Jane Doe"", ""company"": ""Global Demo"", ""region"": ""US""}"
WD-REC-00357,Workday,RECRUITING,Background Check,Corporate,Budget -> Expense -> Journal -> Dashboard,Integration,Close Corporate Workday Background Check,Workday access is provisioned and Corporate test data exists,"1. Open Workday Background Check.
2. Execute: Budget -> Expense -> Journal -> Dashboard.
3. Perform validation and confirm downstream impact.","Budget -> Expense -> Journal -> Dashboard completes successfully with approvals, validations, and audit trail",High,Integration,"{""worker"": ""Jane Doe"", ""company"": ""Global Demo"", ""region"": ""US""}"
WD-REC-00358,Workday,RECRUITING,Background Check,Retail,Requisition -> Offer -> Hire -> Onboard -> Payroll,Mobile,Route Retail Workday Background Check,Workday access is provisioned and Retail test data exists,"1. Open Workday Background Check.
2. Execute: Requisition -> Offer -> Hire -> Onboard -> Payroll.
3. Perform validation and confirm downstream impact.","Requisition -> Offer -> Hire -> Onboard -> Payroll completes successfully with approvals, validations, and audit trail",High,Regression,"{""worker"": ""Jane Doe"", ""company"": ""Global Demo"", ""region"": ""US""}"
WD-REC-00359,Workday,RECRUITING,Background Check,Retail,Employee Life Event -> Benefits -> Payroll -> Reporting,Integration,Route Retail Workday Background Check,Workday access is provisioned and Retail test data exists,"1. Open Workday Background Check.
2. Execute: Employee Life Event -> Benefits -> Payroll -> Reporting.
3. Perform validation and confirm downstream impact.","Employee Life Event -> Benefits -> Payroll -> Reporting completes successfully with approvals, validations, and audit trail",Low,Data Migration,"{""worker"": ""Jane Doe"", ""company"": ""Global Demo"", ""region"": ""US""}"
WD-REC-00360,Workday,RECRUITING,Background Check,Retail,Expense Submit -> Approval -> Accounting -> Reimbursement,Performance,Reject Retail Workday Background Check,Workday access is provisioned and Retail test data exists,"1. Open Workday Background Check.
2. Execute: Expense Submit -> Approval -> Accounting -> Reimbursement.
3. Perform validation and confirm downstream impact.","Expense Submit -> Approval -> Accounting -> Reimbursement completes successfully with approvals, validations, and audit trail",High,UI,"{""worker"": ""Jane Doe"", ""company"": ""Global Demo"", ""region"": ""US""}"
WD-REC-00361,Workday,RECRUITING,Background Check,Retail,Supplier Invoice -> Matching -> Approval -> Payment,Regression,Sync Retail Workday Background Check,Workday access is provisioned and Retail test data exists,"1. Open Workday Background Check.
2. Execute: Supplier Invoice -> Matching -> Approval -> Payment.
3. Perform validation and confirm downstream impact.","Supplier Invoice -> Matching -> Approval -> Payment completes successfully with approvals, validations, and audit trail",Low,Security,"{""worker"": ""Jane Doe"", ""company"": ""Global Demo"", ""region"": ""US""}"
WD-REC-00362,Workday,RECRUITING,Background Check,Retail,Integration Load -> Validate -> Error Handling -> Reprocess,Data Migration,Close Retail Workday Background Check,Workday access is provisioned and Retail test data exists,"1. Open Workday Background Check.
2. Execute: Integration Load -> Validate -> Error Handling -> Reprocess.
3. Perform validation and confirm downstream impact.","Integration Load -> Validate -> Error Handling -> Reprocess completes successfully with approvals, validations, and audit trail",Low,Data Migration,"{""worker"": ""Jane Doe"", ""company"": ""Global Demo"", ""region"": ""US""}"
WD-REC-00363,Workday,RECRUITING,Background Check,Retail,Recruiting -> Hire -> Onboard -> Time -> Payroll,Regression,Submit Retail Workday Background Check,Workday access is provisioned and Retail test data exists,"1. Open Workday Background Check.
2. Execute: Recruiting -> Hire -> Onboard -> Time -> Payroll.
3. Perform validation and confirm downstream impact.","Recruiting -> Hire -> Onboard -> Time -> Payroll completes successfully with approvals, validations, and audit trail",Medium,Security,"{""worker"": ""Jane Doe"", ""company"": ""Global Demo"", ""region"": ""US""}"
WD-REC-00364,Workday,RECRUITING,Background Check,Retail,Budget -> Expense -> Journal -> Dashboard,Performance,Validate Retail Workday Background Check,Workday access is provisioned and Retail test data exists,"1. Open Workday Background Check.
2. Execute: Budget -> Expense -> Journal -> Dashboard.
3. Perform validation and confirm downstream impact.","Budget -> Expense -> Journal -> Dashboard completes successfully with approvals, validations, and audit trail",Low,UI,"{""worker"": ""Jane Doe"", ""company"": ""Global Demo"", ""region"": ""US""}"
WD-REC-00365,Workday,RECRUITING,Background Check,Healthcare,Requisition -> Offer -> Hire -> Onboard -> Payroll,Functional,Approve Healthcare Workday Background Check,Workday access is provisioned and Healthcare test data exists,"1. Open Workday Background Check.
2. Execute: Requisition -> Offer -> Hire -> Onboard -> Payroll.
3. Perform validation and confirm downstream impact.","Requisition -> Offer -> Hire -> Onboard -> Payroll completes successfully with approvals, validations, and audit trail",High,Regression,"{""worker"": ""Jane Doe"", ""company"": ""Global Demo"", ""region"": ""US""}"
WD-REC-00366,Workday,RECRUITING,Background Check,Healthcare,Employee Life Event -> Benefits -> Payroll -> Reporting,Mobile,Edit Healthcare Workday Background Check,Workday access is provisioned and Healthcare test data exists,"1. Open Workday Background Check.
2. Execute: Employee Life Event -> Benefits -> Payroll -> Reporting.
3. Perform validation and confirm downstream impact.","Employee Life Event -> Benefits -> Payroll -> Reporting completes successfully with approvals, validations, and audit trail",Low,Mobile,"{""worker"": ""Jane Doe"", ""company"": ""Global Demo"", ""region"": ""US""}"
WD-REC-00367,Workday,RECRUITING,Background Check,Healthcare,Expense Submit -> Approval -> Accounting -> Reimbursement,UI,Submit Healthcare Workday Background Check,Workday access is provisioned and Healthcare test data exists,"1. Open Workday Background Check.
2. Execute: Expense Submit -> Approval -> Accounting -> Reimbursement.
3. Perform validation and confirm downstream impact.","Expense Submit -> Approval -> Accounting -> Reimbursement completes successfully with approvals, validations, and audit trail",High,Functional,"{""worker"": ""Jane Doe"", ""company"": ""Global Demo"", ""region"": ""US""}"
WD-REC-00368,Workday,RECRUITING,Background Check,Healthcare,Supplier Invoice -> Matching -> Approval -> Payment,Integration,Create Healthcare Workday Background Check,Workday access is provisioned and Healthcare test data exists,"1. Open Workday Background Check.
2. Execute: Supplier Invoice -> Matching -> Approval -> Payment.
3. Perform validation and confirm downstream impact.","Supplier Invoice -> Matching -> Approval -> Payment completes successfully with approvals, validations, and audit trail",High,Regression,"{""worker"": ""Jane Doe"", ""company"": ""Global Demo"", ""region"": ""US""}"
WD-REC-00369,Workday,RECRUITING,Background Check,Healthcare,Integration Load -> Validate -> Error Handling -> Reprocess,Accessibility,Approve Healthcare Workday Background Check,Workday access is provisioned and Healthcare test data exists,"1. Open Workday Background Check.
2. Execute: Integration Load -> Validate -> Error Handling -> Reprocess.
3. Perform validation and confirm downstream impact.","Integration Load -> Validate -> Error Handling -> Reprocess completes successfully with approvals, validations, and audit trail",Medium,Security,"{""worker"": ""Jane Doe"", ""company"": ""Global Demo"", ""region"": ""US""}"
WD-REC-00370,Workday,RECRUITING,Background Check,Healthcare,Recruiting -> Hire -> Onboard -> Time -> Payroll,Security,Update Healthcare Workday Background Check,Workday access is provisioned and Healthcare test data exists,"1. Open Workday Background Check.
2. Execute: Recruiting -> Hire -> Onboard -> Time -> Payroll.
3. Perform validation and confirm downstream impact.","Recruiting -> Hire -> Onboard -> Time -> Payroll completes successfully with approvals, validations, and audit trail",Low,Security,"{""worker"": ""Jane Doe"", ""company"": ""Global Demo"", ""region"": ""US""}"
WD-REC-00371,Workday,RECRUITING,Background Check,Healthcare,Budget -> Expense -> Journal -> Dashboard,Data Migration,Validate Healthcare Workday Background Check,Workday access is provisioned and Healthcare test data exists,"1. Open Workday Background Check.
2. Execute: Budget -> Expense -> Journal -> Dashboard.
3. Perform validation and confirm downstream impact.","Budget -> Expense -> Journal -> Dashboard completes successfully with approvals, validations, and audit trail",Medium,Security,"{""worker"": ""Jane Doe"", ""company"": ""Global Demo"", ""region"": ""US""}"
WD-REC-00372,Workday,RECRUITING,Background Check,Manufacturing,Requisition -> Offer -> Hire -> Onboard -> Payroll,Mobile,Route Manufacturing Workday Background Check,Workday access is provisioned and Manufacturing test data exists,"1. Open Workday Background Check.
2. Execute: Requisition -> Offer -> Hire -> Onboard -> Payroll.
3. Perform validation and confirm downstream impact.","Requisition -> Offer -> Hire -> Onboard -> Payroll completes successfully with approvals, validations, and audit trail",Medium,Performance,"{""worker"": ""Jane Doe"", ""company"": ""Global Demo"", ""region"": ""US""}"
WD-REC-00373,Workday,RECRUITING,Background Check,Manufacturing,Employee Life Event -> Benefits -> Payroll -> Reporting,Functional,Create Manufacturing Workday Background Check,Workday access is provisioned and Manufacturing test data exists,"1. Open Workday Background Check.
2. Execute: Employee Life Event -> Benefits -> Payroll -> Reporting.
3. Perform validation and confirm downstream impact.","Employee Life Event -> Benefits -> Payroll -> Reporting completes successfully with approvals, validations, and audit trail",High,Mobile,"{""worker"": ""Jane Doe"", ""company"": ""Global Demo"", ""region"": ""US""}"
WD-REC-00374,Workday,RECRUITING,Background Check,Manufacturing,Expense Submit -> Approval -> Accounting -> Reimbursement,Functional,Close Manufacturing Workday Background Check,Workday access is provisioned and Manufacturing test data exists,"1. Open Workday Background Check.
2. Execute: Expense Submit -> Approval -> Accounting -> Reimbursement.
3. Perform validation and confirm downstream impact.","Expense Submit -> Approval -> Accounting -> Reimbursement completes successfully with approvals, validations, and audit trail",Low,Security,"{""worker"": ""Jane Doe"", ""company"": ""Global Demo"", ""region"": ""US""}"
WD-REC-00375,Workday,RECRUITING,Background Check,Manufacturing,Supplier Invoice -> Matching -> Approval -> Payment,Performance,Reject Manufacturing Workday Background Check,Workday access is provisioned and Manufacturing test data exists,"1. Open Workday Background Check.
2. Execute: Supplier Invoice -> Matching -> Approval -> Payment.
3. Perform validation and confirm downstream impact.","Supplier Invoice -> Matching -> Approval -> Payment completes successfully with approvals, validations, and audit trail",High,Accessibility,"{""worker"": ""Jane Doe"", ""company"": ""Global Demo"", ""region"": ""US""}"
WD-REC-00376,Workday,RECRUITING,Background Check,Manufacturing,Integration Load -> Validate -> Error Handling -> Reprocess,Integration,Sync Manufacturing Workday Background Check,Workday access is provisioned and Manufacturing test data exists,"1. Open Workday Background Check.
2. Execute: Integration Load -> Validate -> Error Handling -> Reprocess.
3. Perform validation and confirm downstream impact.","Integration Load -> Validate -> Error Handling -> Reprocess completes successfully with approvals, validations, and audit trail",Medium,Mobile,"{""worker"": ""Jane Doe"", ""company"": ""Global Demo"", ""region"": ""US""}"
WD-REC-00377,Workday,RECRUITING,Background Check,Manufacturing,Recruiting -> Hire -> Onboard -> Time -> Payroll,Integration,Sync Manufacturing Workday Background Check,Workday access is provisioned and Manufacturing test data exists,"1. Open Workday Background Check.
2. Execute: Recruiting -> Hire -> Onboard -> Time -> Payroll.
3. Perform validation and confirm downstream impact.","Recruiting -> Hire -> Onboard -> Time -> Payroll completes successfully with approvals, validations, and audit trail",Medium,Accessibility,"{""worker"": ""Jane Doe"", ""company"": ""Global Demo"", ""region"": ""US""}"
WD-REC-00378,Workday,RECRUITING,Background Check,Manufacturing,Budget -> Expense -> Journal -> Dashboard,Mobile,Create Manufacturing Workday Background Check,Workday access is provisioned and Manufacturing test data exists,"1. Open Workday Background Check.
2. Execute: Budget -> Expense -> Journal -> Dashboard.
3. Perform validation and confirm downstream impact.","Budget -> Expense -> Journal -> Dashboard completes successfully with approvals, validations, and audit trail",Low,Regression,"{""worker"": ""Jane Doe"", ""company"": ""Global Demo"", ""region"": ""US""}"
WD-REC-00379,Workday,RECRUITING,Background Check,Education,Requisition -> Offer -> Hire -> Onboard -> Payroll,Integration,Submit Education Workday Background Check,Workday access is provisioned and Education test data exists,"1. Open Workday Background Check.
2. Execute: Requisition -> Offer -> Hire -> Onboard -> Payroll.
3. Perform validation and confirm downstream impact.","Requisition -> Offer -> Hire -> Onboard -> Payroll completes successfully with approvals, validations, and audit trail",Low,Mobile,"{""worker"": ""Jane Doe"", ""company"": ""Global Demo"", ""region"": ""US""}"
WD-REC-00380,Workday,RECRUITING,Background Check,Education,Employee Life Event -> Benefits -> Payroll -> Reporting,Security,Approve Education Workday Background Check,Workday access is provisioned and Education test data exists,"1. Open Workday Background Check.
2. Execute: Employee Life Event -> Benefits -> Payroll -> Reporting.
3. Perform validation and confirm downstream impact.","Employee Life Event -> Benefits -> Payroll -> Reporting completes successfully with approvals, validations, and audit trail",Medium,Regression,"{""worker"": ""Jane Doe"", ""company"": ""Global Demo"", ""region"": ""US""}"
WD-REC-00381,Workday,RECRUITING,Background Check,Education,Expense Submit -> Approval -> Accounting -> Reimbursement,Performance,Create Education Workday Background Check,Workday access is provisioned and Education test data exists,"1. Open Workday Background Check.
2. Execute: Expense Submit -> Approval -> Accounting -> Reimbursement.
3. Perform validation and confirm downstream impact.","Expense Submit -> Approval -> Accounting -> Reimbursement completes successfully with approvals, validations, and audit trail",Low,Regression,"{""worker"": ""Jane Doe"", ""company"": ""Global Demo"", ""region"": ""US""}"
WD-REC-00382,Workday,RECRUITING,Background Check,Education,Supplier Invoice -> Matching -> Approval -> Payment,Accessibility,Import Education Workday Background Check,Workday access is provisioned and Education test data exists,"1. Open Workday Background Check.
2. Execute: Supplier Invoice -> Matching -> Approval -> Payment.
3. Perform validation and confirm downstream impact.","Supplier Invoice -> Matching -> Approval -> Payment completes successfully with approvals, validations, and audit trail",Low,Regression,"{""worker"": ""Jane Doe"", ""company"": ""Global Demo"", ""region"": ""US""}"
WD-REC-00383,Workday,RECRUITING,Background Check,Education,Integration Load -> Validate -> Error Handling -> Reprocess,Performance,Sync Education Workday Background Check,Workday access is provisioned and Education test data exists,"1. Open Workday Background Check.
2. Execute: Integration Load -> Validate -> Error Handling -> Reprocess.
3. Perform validation and confirm downstream impact.","Integration Load -> Validate -> Error Handling -> Reprocess completes successfully with approvals, validations, and audit trail",Low,Performance,"{""worker"": ""Jane Doe"", ""company"": ""Global Demo"", ""region"": ""US""}"
WD-REC-00384,Workday,RECRUITING,Background Check,Education,Recruiting -> Hire -> Onboard -> Time -> Payroll,Regression,Submit Education Workday Background Check,Workday access is provisioned and Education test data exists,"1. Open Workday Background Check.
2. Execute: Recruiting -> Hire -> Onboard -> Time -> Payroll.
3. Perform validation and confirm downstream impact.","Recruiting -> Hire -> Onboard -> Time -> Payroll completes successfully with approvals, validations, and audit trail",Low,Regression,"{""worker"": ""Jane Doe"", ""company"": ""Global Demo"", ""region"": ""US""}"
WD-REC-00385,Workday,RECRUITING,Background Check,Education,Budget -> Expense -> Journal -> Dashboard,Workflow,Reject Education Workday Background Check,Workday access is provisioned and Education test data exists,"1. Open Workday Background Check.
2. Execute: Budget -> Expense -> Journal -> Dashboard.
3. Perform validation and confirm downstream impact.","Budget -> Expense -> Journal -> Dashboard completes successfully with approvals, validations, and audit trail",High,Workflow,"{""worker"": ""Jane Doe"", ""company"": ""Global Demo"", ""region"": ""US""}"
WD-REC-00386,Workday,RECRUITING,Background Check,Nonprofit,Requisition -> Offer -> Hire -> Onboard -> Payroll,Functional,Update Nonprofit Workday Background Check,Workday access is provisioned and Nonprofit test data exists,"1. Open Workday Background Check.
2. Execute: Requisition -> Offer -> Hire -> Onboard -> Payroll.
3. Perform validation and confirm downstream impact.","Requisition -> Offer -> Hire -> Onboard -> Payroll completes successfully with approvals, validations, and audit trail",Low,Functional,"{""worker"": ""Jane Doe"", ""company"": ""Global Demo"", ""region"": ""US""}"
WD-REC-00387,Workday,RECRUITING,Background Check,Nonprofit,Employee Life Event -> Benefits -> Payroll -> Reporting,Security,Approve Nonprofit Workday Background Check,Workday access is provisioned and Nonprofit test data exists,"1. Open Workday Background Check.
2. Execute: Employee Life Event -> Benefits -> Payroll -> Reporting.
3. Perform validation and confirm downstream impact.","Employee Life Event -> Benefits -> Payroll -> Reporting completes successfully with approvals, validations, and audit trail",Medium,Regression,"{""worker"": ""Jane Doe"", ""company"": ""Global Demo"", ""region"": ""US""}"
WD-REC-00388,Workday,RECRUITING,Background Check,Nonprofit,Expense Submit -> Approval -> Accounting -> Reimbursement,Integration,Close Nonprofit Workday Background Check,Workday access is provisioned and Nonprofit test data exists,"1. Open Workday Background Check.
2. Execute: Expense Submit -> Approval -> Accounting -> Reimbursement.
3. Perform validation and confirm downstream impact.","Expense Submit -> Approval -> Accounting -> Reimbursement completes successfully with approvals, validations, and audit trail",Medium,Integration,"{""worker"": ""Jane Doe"", ""company"": ""Global Demo"", ""region"": ""US""}"
WD-REC-00389,Workday,RECRUITING,Background Check,Nonprofit,Supplier Invoice -> Matching -> Approval -> Payment,Mobile,Submit Nonprofit Workday Background Check,Workday access is provisioned and Nonprofit test data exists,"1. Open Workday Background Check.
2. Execute: Supplier Invoice -> Matching -> Approval -> Payment.
3. Perform validation and confirm downstream impact.","Supplier Invoice -> Matching -> Approval -> Payment completes successfully with approvals, validations, and audit trail",High,Regression,"{""worker"": ""Jane Doe"", ""company"": ""Global Demo"", ""region"": ""US""}"
WD-REC-00390,Workday,RECRUITING,Background Check,Nonprofit,Integration Load -> Validate -> Error Handling -> Reprocess,Performance,Review Nonprofit Workday Background Check,Workday access is provisioned and Nonprofit test data exists,"1. Open Workday Background Check.
2. Execute: Integration Load -> Validate -> Error Handling -> Reprocess.
3. Perform validation and confirm downstream impact.","Integration Load -> Validate -> Error Handling -> Reprocess completes successfully with approvals, validations, and audit trail",Low,Workflow,"{""worker"": ""Jane Doe"", ""company"": ""Global Demo"", ""region"": ""US""}"
WD-REC-00391,Workday,RECRUITING,Background Check,Nonprofit,Recruiting -> Hire -> Onboard -> Time -> Payroll,Functional,Route Nonprofit Workday Background Check,Workday access is provisioned and Nonprofit test data exists,"1. Open Workday Background Check.
2. Execute: Recruiting -> Hire -> Onboard -> Time -> Payroll.
3. Perform validation and confirm downstream impact.","Recruiting -> Hire -> Onboard -> Time -> Payroll completes successfully with approvals, validations, and audit trail",High,Accessibility,"{""worker"": ""Jane Doe"", ""company"": ""Global Demo"", ""region"": ""US""}"
WD-REC-00392,Workday,RECRUITING,Background Check,Nonprofit,Budget -> Expense -> Journal -> Dashboard,Performance,Edit Nonprofit Workday Background Check,Workday access is provisioned and Nonprofit test data exists,"1. Open Workday Background Check.
2. Execute: Budget -> Expense -> Journal -> Dashboard.
3. Perform validation and confirm downstream impact.","Budget -> Expense -> Journal -> Dashboard completes successfully with approvals, validations, and audit trail",High,Mobile,"{""worker"": ""Jane Doe"", ""company"": ""Global Demo"", ""region"": ""US""}"
WD-REC-00393,Workday,RECRUITING,Background Check,Financial Services,Requisition -> Offer -> Hire -> Onboard -> Payroll,Mobile,Export Financial Services Workday Background Check,Workday access is provisioned and Financial Services test data exists,"1. Open Workday Background Check.
2. Execute: Requisition -> Offer -> Hire -> Onboard -> Payroll.
3. Perform validation and confirm downstream impact.","Requisition -> Offer -> Hire -> Onboard -> Payroll completes successfully with approvals, validations, and audit trail",Low,Workflow,"{""worker"": ""Jane Doe"", ""company"": ""Global Demo"", ""region"": ""US""}"
WD-REC-00394,Workday,RECRUITING,Background Check,Financial Services,Employee Life Event -> Benefits -> Payroll -> Reporting,Regression,Close Financial Services Workday Background Check,Workday access is provisioned and Financial Services test data exists,"1. Open Workday Background Check.
2. Execute: Employee Life Event -> Benefits -> Payroll -> Reporting.
3. Perform validation and confirm downstream impact.","Employee Life Event -> Benefits -> Payroll -> Reporting completes successfully with approvals, validations, and audit trail",High,Accessibility,"{""worker"": ""Jane Doe"", ""company"": ""Global Demo"", ""region"": ""US""}"
WD-REC-00395,Workday,RECRUITING,Background Check,Financial Services,Expense Submit -> Approval -> Accounting -> Reimbursement,Integration,Validate Financial Services Workday Background Check,Workday access is provisioned and Financial Services test data exists,"1. Open Workday Background Check.
2. Execute: Expense Submit -> Approval -> Accounting -> Reimbursement.
3. Perform validation and confirm downstream impact.","Expense Submit -> Approval -> Accounting -> Reimbursement completes successfully with approvals, validations, and audit trail",High,Data Migration,"{""worker"": ""Jane Doe"", ""company"": ""Global Demo"", ""region"": ""US""}"
WD-REC-00396,Workday,RECRUITING,Background Check,Financial Services,Supplier Invoice -> Matching -> Approval -> Payment,UI,Sync Financial Services Workday Background Check,Workday access is provisioned and Financial Services test data exists,"1. Open Workday Background Check.
2. Execute: Supplier Invoice -> Matching -> Approval -> Payment.
3. Perform validation and confirm downstream impact.","Supplier Invoice -> Matching -> Approval -> Payment completes successfully with approvals, validations, and audit trail",High,Data Migration,"{""worker"": ""Jane Doe"", ""company"": ""Global Demo"", ""region"": ""US""}"
WD-REC-00397,Workday,RECRUITING,Background Check,Financial Services,Integration Load -> Validate -> Error Handling -> Reprocess,Performance,Validate Financial Services Workday Background Check,Workday access is provisioned and Financial Services test data exists,"1. Open Workday Background Check.
2. Execute: Integration Load -> Validate -> Error Handling -> Reprocess.
3. Perform validation and confirm downstream impact.","Integration Load -> Validate -> Error Handling -> Reprocess completes successfully with approvals, validations, and audit trail",Medium,Accessibility,"{""worker"": ""Jane Doe"", ""company"": ""Global Demo"", ""region"": ""US""}"
WD-REC-00398,Workday,RECRUITING,Background Check,Financial Services,Recruiting -> Hire -> Onboard -> Time -> Payroll,Mobile,Edit Financial Services Workday Background Check,Workday access is provisioned and Financial Services test data exists,"1. Open Workday Background Check.
2. Execute: Recruiting -> Hire -> Onboard -> Time -> Payroll.
3. Perform validation and confirm downstream impact.","Recruiting -> Hire -> Onboard -> Time -> Payroll completes successfully with approvals, validations, and audit trail",Medium,Performance,"{""worker"": ""Jane Doe"", ""company"": ""Global Demo"", ""region"": ""US""}"
WD-REC-00399,Workday,RECRUITING,Background Check,Financial Services,Budget -> Expense -> Journal -> Dashboard,Accessibility,Validate Financial Services Workday Background Check,Workday access is provisioned and Financial Services test data exists,"1. Open Workday Background Check.
2. Execute: Budget -> Expense -> Journal -> Dashboard.
3. Perform validation and confirm downstream impact.","Budget -> Expense -> Journal -> Dashboard completes successfully with approvals, validations, and audit trail",High,Security,"{""worker"": ""Jane Doe"", ""company"": ""Global Demo"", ""region"": ""US""}"
WD-REC-00400,Workday,RECRUITING,Background Check,Technology,Requisition -> Offer -> Hire -> Onboard -> Payroll,Integration,Create Technology Workday Background Check,Workday access is provisioned and Technology test data exists,"1. Open Workday Background Check.
2. Execute: Requisition -> Offer -> Hire -> Onboard -> Payroll.
3. Perform validation and confirm downstream impact.","Requisition -> Offer -> Hire -> Onboard -> Payroll completes successfully with approvals, validations, and audit trail",Medium,Data Migration,"{""worker"": ""Jane Doe"", ""company"": ""Global Demo"", ""region"": ""US""}"
WD-REC-00401,Workday,RECRUITING,Background Check,Technology,Employee Life Event -> Benefits -> Payroll -> Reporting,Accessibility,Create Technology Workday Background Check,Workday access is provisioned and Technology test data exists,"1. Open Workday Background Check.
2. Execute: Employee Life Event -> Benefits -> Payroll -> Reporting.
3. Perform validation and confirm downstream impact.","Employee Life Event -> Benefits -> Payroll -> Reporting completes successfully with approvals, validations, and audit trail",Medium,UI,"{""worker"": ""Jane Doe"", ""company"": ""Global Demo"", ""region"": ""US""}"
WD-REC-00402,Workday,RECRUITING,Background Check,Technology,Expense Submit -> Approval -> Accounting -> Reimbursement,Mobile,Close Technology Workday Background Check,Workday access is provisioned and Technology test data exists,"1. Open Workday Background Check.
2. Execute: Expense Submit -> Approval -> Accounting -> Reimbursement.
3. Perform validation and confirm downstream impact.","Expense Submit -> Approval -> Accounting -> Reimbursement completes successfully with approvals, validations, and audit trail",Low,Functional,"{""worker"": ""Jane Doe"", ""company"": ""Global Demo"", ""region"": ""US""}"
WD-REC-00403,Workday,RECRUITING,Background Check,Technology,Supplier Invoice -> Matching -> Approval -> Payment,Functional,Edit Technology Workday Background Check,Workday access is provisioned and Technology test data exists,"1. Open Workday Background Check.
2. Execute: Supplier Invoice -> Matching -> Approval -> Payment.
3. Perform validation and confirm downstream impact.","Supplier Invoice -> Matching -> Approval -> Payment completes successfully with approvals, validations, and audit trail",Low,Integration,"{""worker"": ""Jane Doe"", ""company"": ""Global Demo"", ""region"": ""US""}"
WD-REC-00404,Workday,RECRUITING,Background Check,Technology,Integration Load -> Validate -> Error Handling -> Reprocess,Regression,Export Technology Workday Background Check,Workday access is provisioned and Technology test data exists,"1. Open Workday Background Check.
2. Execute: Integration Load -> Validate -> Error Handling -> Reprocess.
3. Perform validation and confirm downstream impact.","Integration Load -> Validate -> Error Handling -> Reprocess completes successfully with approvals, validations, and audit trail",Low,Mobile,"{""worker"": ""Jane Doe"", ""company"": ""Global Demo"", ""region"": ""US""}"
WD-REC-00405,Workday,RECRUITING,Background Check,Technology,Recruiting -> Hire -> Onboard -> Time -> Payroll,Data Migration,Reject Technology Workday Background Check,Workday access is provisioned and Technology test data exists,"1. Open Workday Background Check.
2. Execute: Recruiting -> Hire -> Onboard -> Time -> Payroll.
3. Perform validation and confirm downstream impact.","Recruiting -> Hire -> Onboard -> Time -> Payroll completes successfully with approvals, validations, and audit trail",Medium,Workflow,"{""worker"": ""Jane Doe"", ""company"": ""Global Demo"", ""region"": ""US""}"
WD-REC-00406,Workday,RECRUITING,Background Check,Technology,Budget -> Expense -> Journal -> Dashboard,Performance,Route Technology Workday Background Check,Workday access is provisioned and Technology test data exists,"1. Open Workday Background Check.
2. Execute: Budget -> Expense -> Journal -> Dashboard.
3. Perform validation and confirm downstream impact.","Budget -> Expense -> Journal -> Dashboard completes successfully with approvals, validations, and audit trail",High,Mobile,"{""worker"": ""Jane Doe"", ""company"": ""Global Demo"", ""region"": ""US""}"
WD-REC-00407,Workday,RECRUITING,Background Check,Public Sector,Requisition -> Offer -> Hire -> Onboard -> Payroll,Security,Create Public Sector Workday Background Check,Workday access is provisioned and Public Sector test data exists,"1. Open Workday Background Check.
2. Execute: Requisition -> Offer -> Hire -> Onboard -> Payroll.
3. Perform validation and confirm downstream impact.","Requisition -> Offer -> Hire -> Onboard -> Payroll completes successfully with approvals, validations, and audit trail",Low,Workflow,"{""worker"": ""Jane Doe"", ""company"": ""Global Demo"", ""region"": ""US""}"
WD-REC-00408,Workday,RECRUITING,Background Check,Public Sector,Employee Life Event -> Benefits -> Payroll -> Reporting,Workflow,Sync Public Sector Workday Background Check,Workday access is provisioned and Public Sector test data exists,"1. Open Workday Background Check.
2. Execute: Employee Life Event -> Benefits -> Payroll -> Reporting.
3. Perform validation and confirm downstream impact.","Employee Life Event -> Benefits -> Payroll -> Reporting completes successfully with approvals, validations, and audit trail",High,Functional,"{""worker"": ""Jane Doe"", ""company"": ""Global Demo"", ""region"": ""US""}"
WD-REC-00409,Workday,RECRUITING,Background Check,Public Sector,Expense Submit -> Approval -> Accounting -> Reimbursement,Functional,Import Public Sector Workday Background Check,Workday access is provisioned and Public Sector test data exists,"1. Open Workday Background Check.
2. Execute: Expense Submit -> Approval -> Accounting -> Reimbursement.
3. Perform validation and confirm downstream impact.","Expense Submit -> Approval -> Accounting -> Reimbursement completes successfully with approvals, validations, and audit trail",Low,Regression,"{""worker"": ""Jane Doe"", ""company"": ""Global Demo"", ""region"": ""US""}"
WD-REC-00410,Workday,RECRUITING,Background Check,Public Sector,Supplier Invoice -> Matching -> Approval -> Payment,Mobile,Submit Public Sector Workday Background Check,Workday access is provisioned and Public Sector test data exists,"1. Open Workday Background Check.
2. Execute: Supplier Invoice -> Matching -> Approval -> Payment.
3. Perform validation and confirm downstream impact.","Supplier Invoice -> Matching -> Approval -> Payment completes successfully with approvals, validations, and audit trail",Low,Mobile,"{""worker"": ""Jane Doe"", ""company"": ""Global Demo"", ""region"": ""US""}"
WD-REC-00411,Workday,RECRUITING,Background Check,Public Sector,Integration Load -> Validate -> Error Handling -> Reprocess,Accessibility,Close Public Sector Workday Background Check,Workday access is provisioned and Public Sector test data exists,"1. Open Workday Background Check.
2. Execute: Integration Load -> Validate -> Error Handling -> Reprocess.
3. Perform validation and confirm downstream impact.","Integration Load -> Validate -> Error Handling -> Reprocess completes successfully with approvals, validations, and audit trail",Low,Functional,"{""worker"": ""Jane Doe"", ""company"": ""Global Demo"", ""region"": ""US""}"
WD-REC-00412,Workday,RECRUITING,Background Check,Public Sector,Recruiting -> Hire -> Onboard -> Time -> Payroll,Security,Close Public Sector Workday Background Check,Workday access is provisioned and Public Sector test data exists,"1. Open Workday Background Check.
2. Execute: Recruiting -> Hire -> Onboard -> Time -> Payroll.
3. Perform validation and confirm downstream impact.","Recruiting -> Hire -> Onboard -> Time -> Payroll completes successfully with approvals, validations, and audit trail",Low,Security,"{""worker"": ""Jane Doe"", ""company"": ""Global Demo"", ""region"": ""US""}"
WD-REC-00413,Workday,RECRUITING,Background Check,Public Sector,Budget -> Expense -> Journal -> Dashboard,Workflow,Create Public Sector Workday Background Check,Workday access is provisioned and Public Sector test data exists,"1. Open Workday Background Check.
2. Execute: Budget -> Expense -> Journal -> Dashboard.
3. Perform validation and confirm downstream impact.","Budget -> Expense -> Journal -> Dashboard completes successfully with approvals, validations, and audit trail",High,Accessibility,"{""worker"": ""Jane Doe"", ""company"": ""Global Demo"", ""region"": ""US""}"
WD-REC-00414,Workday,RECRUITING,Background Check,Hospitality,Requisition -> Offer -> Hire -> Onboard -> Payroll,Functional,Export Hospitality Workday Background Check,Workday access is provisioned and Hospitality test data exists,"1. Open Workday Background Check.
2. Execute: Requisition -> Offer -> Hire -> Onboard -> Payroll.
3. Perform validation and confirm downstream impact.","Requisition -> Offer -> Hire -> Onboard -> Payroll completes successfully with approvals, validations, and audit trail",Low,Functional,"{""worker"": ""Jane Doe"", ""company"": ""Global Demo"", ""region"": ""US""}"
WD-REC-00415,Workday,RECRUITING,Background Check,Hospitality,Employee Life Event -> Benefits -> Payroll -> Reporting,Functional,Approve Hospitality Workday Background Check,Workday access is provisioned and Hospitality test data exists,"1. Open Workday Background Check.
2. Execute: Employee Life Event -> Benefits -> Payroll -> Reporting.
3. Perform validation and confirm downstream impact.","Employee Life Event -> Benefits -> Payroll -> Reporting completes successfully with approvals, validations, and audit trail",Medium,Security,"{""worker"": ""Jane Doe"", ""company"": ""Global Demo"", ""region"": ""US""}"
WD-REC-00416,Workday,RECRUITING,Background Check,Hospitality,Expense Submit -> Approval -> Accounting -> Reimbursement,Data Migration,Close Hospitality Workday Background Check,Workday access is provisioned and Hospitality test data exists,"1. Open Workday Background Check.
2. Execute: Expense Submit -> Approval -> Accounting -> Reimbursement.
3. Perform validation and confirm downstream impact.","Expense Submit -> Approval -> Accounting -> Reimbursement completes successfully with approvals, validations, and audit trail",Low,UI,"{""worker"": ""Jane Doe"", ""company"": ""Global Demo"", ""region"": ""US""}"
WD-REC-00417,Workday,RECRUITING,Background Check,Hospitality,Supplier Invoice -> Matching -> Approval -> Payment,Regression,Export Hospitality Workday Background Check,Workday access is provisioned and Hospitality test data exists,"1. Open Workday Background Check.
2. Execute: Supplier Invoice -> Matching -> Approval -> Payment.
3. Perform validation and confirm downstream impact.","Supplier Invoice -> Matching -> Approval -> Payment completes successfully with approvals, validations, and audit trail",Low,Mobile,"{""worker"": ""Jane Doe"", ""company"": ""Global Demo"", ""region"": ""US""}"
WD-REC-00418,Workday,RECRUITING,Background Check,Hospitality,Integration Load -> Validate -> Error Handling -> Reprocess,Performance,Review Hospitality Workday Background Check,Workday access is provisioned and Hospitality test data exists,"1. Open Workday Background Check.
2. Execute: Integration Load -> Validate -> Error Handling -> Reprocess.
3. Perform validation and confirm downstream impact.","Integration Load -> Validate -> Error Handling -> Reprocess completes successfully with approvals, validations, and audit trail",Low,Regression,"{""worker"": ""Jane Doe"", ""company"": ""Global Demo"", ""region"": ""US""}"
WD-REC-00419,Workday,RECRUITING,Background Check,Hospitality,Recruiting -> Hire -> Onboard -> Time -> Payroll,Performance,Sync Hospitality Workday Background Check,Workday access is provisioned and Hospitality test data exists,"1. Open Workday Background Check.
2. Execute: Recruiting -> Hire -> Onboard -> Time -> Payroll.
3. Perform validation and confirm downstream impact.","Recruiting -> Hire -> Onboard -> Time -> Payroll completes successfully with approvals, validations, and audit trail",Low,Integration,"{""worker"": ""Jane Doe"", ""company"": ""Global Demo"", ""region"": ""US""}"
WD-REC-00420,Workday,RECRUITING,Background Check,Hospitality,Budget -> Expense -> Journal -> Dashboard,Security,Validate Hospitality Workday Background Check,Workday access is provisioned and Hospitality test data exists,"1. Open Workday Background Check.
2. Execute: Budget -> Expense -> Journal -> Dashboard.
3. Perform validation and confirm downstream impact.","Budget -> Expense -> Journal -> Dashboard completes successfully with approvals, validations, and audit trail",Low,Performance,"{""worker"": ""Jane Doe"", ""company"": ""Global Demo"", ""region"": ""US""}"
WD-REC-00421,Workday,RECRUITING,Requisition,Corporate,Requisition -> Offer -> Hire -> Onboard -> Payroll,Functional,Submit Corporate Workday Requisition,Workday access is provisioned and Corporate test data exists,"1. Open Workday Requisition.
2. Execute: Requisition -> Offer -> Hire -> Onboard -> Payroll.
3. Perform validation and confirm downstream impact.","Requisition -> Offer -> Hire -> Onboard -> Payroll completes successfully with approvals, validations, and audit trail",High,Functional,"{""worker"": ""Jane Doe"", ""company"": ""Global Demo"", ""region"": ""US""}"
WD-REC-00422,Workday,RECRUITING,Requisition,Corporate,Employee Life Event -> Benefits -> Payroll -> Reporting,Functional,Update Corporate Workday Requisition,Workday access is provisioned and Corporate test data exists,"1. Open Workday Requisition.
2. Execute: Employee Life Event -> Benefits -> Payroll -> Reporting.
3. Perform validation and confirm downstream impact.","Employee Life Event -> Benefits -> Payroll -> Reporting completes successfully with approvals, validations, and audit trail",High,Accessibility,"{""worker"": ""Jane Doe"", ""company"": ""Global Demo"", ""region"": ""US""}"
WD-REC-00423,Workday,RECRUITING,Requisition,Corporate,Expense Submit -> Approval -> Accounting -> Reimbursement,Functional,Submit Corporate Workday Requisition,Workday access is provisioned and Corporate test data exists,"1. Open Workday Requisition.
2. Execute: Expense Submit -> Approval -> Accounting -> Reimbursement.
3. Perform validation and confirm downstream impact.","Expense Submit -> Approval -> Accounting -> Reimbursement completes successfully with approvals, validations, and audit trail",Medium,Regression,"{""worker"": ""Jane Doe"", ""company"": ""Global Demo"", ""region"": ""US""}"
WD-REC-00424,Workday,RECRUITING,Requisition,Corporate,Supplier Invoice -> Matching -> Approval -> Payment,Security,Close Corporate Workday Requisition,Workday access is provisioned and Corporate test data exists,"1. Open Workday Requisition.
2. Execute: Supplier Invoice -> Matching -> Approval -> Payment.
3. Perform validation and confirm downstream impact.","Supplier Invoice -> Matching -> Approval -> Payment completes successfully with approvals, validations, and audit trail",Low,Functional,"{""worker"": ""Jane Doe"", ""company"": ""Global Demo"", ""region"": ""US""}"
WD-REC-00425,Workday,RECRUITING,Requisition,Corporate,Integration Load -> Validate -> Error Handling -> Reprocess,Integration,Reject Corporate Workday Requisition,Workday access is provisioned and Corporate test data exists,"1. Open Workday Requisition.
2. Execute: Integration Load -> Validate -> Error Handling -> Reprocess.
3. Perform validation and confirm downstream impact.","Integration Load -> Validate -> Error Handling -> Reprocess completes successfully with approvals, validations, and audit trail",High,Performance,"{""worker"": ""Jane Doe"", ""company"": ""Global Demo"", ""region"": ""US""}"
WD-REC-00426,Workday,RECRUITING,Requisition,Corporate,Recruiting -> Hire -> Onboard -> Time -> Payroll,Accessibility,Edit Corporate Workday Requisition,Workday access is provisioned and Corporate test data exists,"1. Open Workday Requisition.
2. Execute: Recruiting -> Hire -> Onboard -> Time -> Payroll.
3. Perform validation and confirm downstream impact.","Recruiting -> Hire -> Onboard -> Time -> Payroll completes successfully with approvals, validations, and audit trail",Low,Functional,"{""worker"": ""Jane Doe"", ""company"": ""Global Demo"", ""region"": ""US""}"
WD-REC-00427,Workday,RECRUITING,Requisition,Corporate,Budget -> Expense -> Journal -> Dashboard,UI,Import Corporate Workday Requisition,Workday access is provisioned and Corporate test data exists,"1. Open Workday Requisition.
2. Execute: Budget -> Expense -> Journal -> Dashboard.
3. Perform validation and confirm downstream impact.","Budget -> Expense -> Journal -> Dashboard completes successfully with approvals, validations, and audit trail",High,Data Migration,"{""worker"": ""Jane Doe"", ""company"": ""Global Demo"", ""region"": ""US""}"
WD-REC-00428,Workday,RECRUITING,Requisition,Retail,Requisition -> Offer -> Hire -> Onboard -> Payroll,Functional,Submit Retail Workday Requisition,Workday access is provisioned and Retail test data exists,"1. Open Workday Requisition.
2. Execute: Requisition -> Offer -> Hire -> Onboard -> Payroll.
3. Perform validation and confirm downstream impact.","Requisition -> Offer -> Hire -> Onboard -> Payroll completes successfully with approvals, validations, and audit trail",Low,Integration,"{""worker"": ""Jane Doe"", ""company"": ""Global Demo"", ""region"": ""US""}"
WD-REC-00429,Workday,RECRUITING,Requisition,Retail,Employee Life Event -> Benefits -> Payroll -> Reporting,UI,Update Retail Workday Requisition,Workday access is provisioned and Retail test data exists,"1. Open Workday Requisition.
2. Execute: Employee Life Event -> Benefits -> Payroll -> Reporting.
3. Perform validation and confirm downstream impact.","Employee Life Event -> Benefits -> Payroll -> Reporting completes successfully with approvals, validations, and audit trail",Medium,Security,"{""worker"": ""Jane Doe"", ""company"": ""Global Demo"", ""region"": ""US""}"
WD-REC-00430,Workday,RECRUITING,Requisition,Retail,Expense Submit -> Approval -> Accounting -> Reimbursement,Workflow,Export Retail Workday Requisition,Workday access is provisioned and Retail test data exists,"1. Open Workday Requisition.
2. Execute: Expense Submit -> Approval -> Accounting -> Reimbursement.
3. Perform validation and confirm downstream impact.","Expense Submit -> Approval -> Accounting -> Reimbursement completes successfully with approvals, validations, and audit trail",Medium,Regression,"{""worker"": ""Jane Doe"", ""company"": ""Global Demo"", ""region"": ""US""}"
WD-REC-00431,Workday,RECRUITING,Requisition,Retail,Supplier Invoice -> Matching -> Approval -> Payment,Security,Sync Retail Workday Requisition,Workday access is provisioned and Retail test data exists,"1. Open Workday Requisition.
2. Execute: Supplier Invoice -> Matching -> Approval -> Payment.
3. Perform validation and confirm downstream impact.","Supplier Invoice -> Matching -> Approval -> Payment completes successfully with approvals, validations, and audit trail",High,Security,"{""worker"": ""Jane Doe"", ""company"": ""Global Demo"", ""region"": ""US""}"
WD-REC-00432,Workday,RECRUITING,Requisition,Retail,Integration Load -> Validate -> Error Handling -> Reprocess,UI,Close Retail Workday Requisition,Workday access is provisioned and Retail test data exists,"1. Open Workday Requisition.
2. Execute: Integration Load -> Validate -> Error Handling -> Reprocess.
3. Perform validation and confirm downstream impact.","Integration Load -> Validate -> Error Handling -> Reprocess completes successfully with approvals, validations, and audit trail",High,Workflow,"{""worker"": ""Jane Doe"", ""company"": ""Global Demo"", ""region"": ""US""}"
WD-REC-00433,Workday,RECRUITING,Requisition,Retail,Recruiting -> Hire -> Onboard -> Time -> Payroll,Regression,Submit Retail Workday Requisition,Workday access is provisioned and Retail test data exists,"1. Open Workday Requisition.
2. Execute: Recruiting -> Hire -> Onboard -> Time -> Payroll.
3. Perform validation and confirm downstream impact.","Recruiting -> Hire -> Onboard -> Time -> Payroll completes successfully with approvals, validations, and audit trail",Low,Performance,"{""worker"": ""Jane Doe"", ""company"": ""Global Demo"", ""region"": ""US""}"
WD-REC-00434,Workday,RECRUITING,Requisition,Retail,Budget -> Expense -> Journal -> Dashboard,Performance,Import Retail Workday Requisition,Workday access is provisioned and Retail test data exists,"1. Open Workday Requisition.
2. Execute: Budget -> Expense -> Journal -> Dashboard.
3. Perform validation and confirm downstream impact.","Budget -> Expense -> Journal -> Dashboard completes successfully with approvals, validations, and audit trail",Low,Functional,"{""worker"": ""Jane Doe"", ""company"": ""Global Demo"", ""region"": ""US""}"
WD-REC-00435,Workday,RECRUITING,Requisition,Healthcare,Requisition -> Offer -> Hire -> Onboard -> Payroll,Security,Route Healthcare Workday Requisition,Workday access is provisioned and Healthcare test data exists,"1. Open Workday Requisition.
2. Execute: Requisition -> Offer -> Hire -> Onboard -> Payroll.
3. Perform validation and confirm downstream impact.","Requisition -> Offer -> Hire -> Onboard -> Payroll completes successfully with approvals, validations, and audit trail",Medium,Mobile,"{""worker"": ""Jane Doe"", ""company"": ""Global Demo"", ""region"": ""US""}"
WD-REC-00436,Workday,RECRUITING,Requisition,Healthcare,Employee Life Event -> Benefits -> Payroll -> Reporting,UI,Reject Healthcare Workday Requisition,Workday access is provisioned and Healthcare test data exists,"1. Open Workday Requisition.
2. Execute: Employee Life Event -> Benefits -> Payroll -> Reporting.
3. Perform validation and confirm downstream impact.","Employee Life Event -> Benefits -> Payroll -> Reporting completes successfully with approvals, validations, and audit trail",Medium,Mobile,"{""worker"": ""Jane Doe"", ""company"": ""Global Demo"", ""region"": ""US""}"
WD-REC-00437,Workday,RECRUITING,Requisition,Healthcare,Expense Submit -> Approval -> Accounting -> Reimbursement,Accessibility,Sync Healthcare Workday Requisition,Workday access is provisioned and Healthcare test data exists,"1. Open Workday Requisition.
2. Execute: Expense Submit -> Approval -> Accounting -> Reimbursement.
3. Perform validation and confirm downstream impact.","Expense Submit -> Approval -> Accounting -> Reimbursement completes successfully with approvals, validations, and audit trail",High,Mobile,"{""worker"": ""Jane Doe"", ""company"": ""Global Demo"", ""region"": ""US""}"
WD-REC-00438,Workday,RECRUITING,Requisition,Healthcare,Supplier Invoice -> Matching -> Approval -> Payment,Integration,Approve Healthcare Workday Requisition,Workday access is provisioned and Healthcare test data exists,"1. Open Workday Requisition.
2. Execute: Supplier Invoice -> Matching -> Approval -> Payment.
3. Perform validation and confirm downstream impact.","Supplier Invoice -> Matching -> Approval -> Payment completes successfully with approvals, validations, and audit trail",Medium,Functional,"{""worker"": ""Jane Doe"", ""company"": ""Global Demo"", ""region"": ""US""}"
WD-REC-00439,Workday,RECRUITING,Requisition,Healthcare,Integration Load -> Validate -> Error Handling -> Reprocess,Integration,Reject Healthcare Workday Requisition,Workday access is provisioned and Healthcare test data exists,"1. Open Workday Requisition.
2. Execute: Integration Load -> Validate -> Error Handling -> Reprocess.
3. Perform validation and confirm downstream impact.","Integration Load -> Validate -> Error Handling -> Reprocess completes successfully with approvals, validations, and audit trail",Medium,UI,"{""worker"": ""Jane Doe"", ""company"": ""Global Demo"", ""region"": ""US""}"
WD-REC-00440,Workday,RECRUITING,Requisition,Healthcare,Recruiting -> Hire -> Onboard -> Time -> Payroll,Data Migration,Review Healthcare Workday Requisition,Workday access is provisioned and Healthcare test data exists,"1. Open Workday Requisition.
2. Execute: Recruiting -> Hire -> Onboard -> Time -> Payroll.
3. Perform validation and confirm downstream impact.","Recruiting -> Hire -> Onboard -> Time -> Payroll completes successfully with approvals, validations, and audit trail",High,Regression,"{""worker"": ""Jane Doe"", ""company"": ""Global Demo"", ""region"": ""US""}"
WD-REC-00441,Workday,RECRUITING,Requisition,Healthcare,Budget -> Expense -> Journal -> Dashboard,Mobile,Edit Healthcare Workday Requisition,Workday access is provisioned and Healthcare test data exists,"1. Open Workday Requisition.
2. Execute: Budget -> Expense -> Journal -> Dashboard.
3. Perform validation and confirm downstream impact.","Budget -> Expense -> Journal -> Dashboard completes successfully with approvals, validations, and audit trail",High,Regression,"{""worker"": ""Jane Doe"", ""company"": ""Global Demo"", ""region"": ""US""}"
WD-REC-00442,Workday,RECRUITING,Requisition,Manufacturing,Requisition -> Offer -> Hire -> Onboard -> Payroll,Integration,Route Manufacturing Workday Requisition,Workday access is provisioned and Manufacturing test data exists,"1. Open Workday Requisition.
2. Execute: Requisition -> Offer -> Hire -> Onboard -> Payroll.
3. Perform validation and confirm downstream impact.","Requisition -> Offer -> Hire -> Onboard -> Payroll completes successfully with approvals, validations, and audit trail",Low,Performance,"{""worker"": ""Jane Doe"", ""company"": ""Global Demo"", ""region"": ""US""}"
WD-REC-00443,Workday,RECRUITING,Requisition,Manufacturing,Employee Life Event -> Benefits -> Payroll -> Reporting,UI,Reject Manufacturing Workday Requisition,Workday access is provisioned and Manufacturing test data exists,"1. Open Workday Requisition.
2. Execute: Employee Life Event -> Benefits -> Payroll -> Reporting.
3. Perform validation and confirm downstream impact.","Employee Life Event -> Benefits -> Payroll -> Reporting completes successfully with approvals, validations, and audit trail",Medium,Accessibility,"{""worker"": ""Jane Doe"", ""company"": ""Global Demo"", ""region"": ""US""}"
WD-REC-00444,Workday,RECRUITING,Requisition,Manufacturing,Expense Submit -> Approval -> Accounting -> Reimbursement,Functional,Import Manufacturing Workday Requisition,Workday access is provisioned and Manufacturing test data exists,"1. Open Workday Requisition.
2. Execute: Expense Submit -> Approval -> Accounting -> Reimbursement.
3. Perform validation and confirm downstream impact.","Expense Submit -> Approval -> Accounting -> Reimbursement completes successfully with approvals, validations, and audit trail",High,Regression,"{""worker"": ""Jane Doe"", ""company"": ""Global Demo"", ""region"": ""US""}"
WD-REC-00445,Workday,RECRUITING,Requisition,Manufacturing,Supplier Invoice -> Matching -> Approval -> Payment,Regression,Export Manufacturing Workday Requisition,Workday access is provisioned and Manufacturing test data exists,"1. Open Workday Requisition.
2. Execute: Supplier Invoice -> Matching -> Approval -> Payment.
3. Perform validation and confirm downstream impact.","Supplier Invoice -> Matching -> Approval -> Payment completes successfully with approvals, validations, and audit trail",Medium,Security,"{""worker"": ""Jane Doe"", ""company"": ""Global Demo"", ""region"": ""US""}"
WD-REC-00446,Workday,RECRUITING,Requisition,Manufacturing,Integration Load -> Validate -> Error Handling -> Reprocess,UI,Approve Manufacturing Workday Requisition,Workday access is provisioned and Manufacturing test data exists,"1. Open Workday Requisition.
2. Execute: Integration Load -> Validate -> Error Handling -> Reprocess.
3. Perform validation and confirm downstream impact.","Integration Load -> Validate -> Error Handling -> Reprocess completes successfully with approvals, validations, and audit trail",Medium,Regression,"{""worker"": ""Jane Doe"", ""company"": ""Global Demo"", ""region"": ""US""}"
WD-REC-00447,Workday,RECRUITING,Requisition,Manufacturing,Recruiting -> Hire -> Onboard -> Time -> Payroll,Workflow,Sync Manufacturing Workday Requisition,Workday access is provisioned and Manufacturing test data exists,"1. Open Workday Requisition.
2. Execute: Recruiting -> Hire -> Onboard -> Time -> Payroll.
3. Perform validation and confirm downstream impact.","Recruiting -> Hire -> Onboard -> Time -> Payroll completes successfully with approvals, validations, and audit trail",Medium,Accessibility,"{""worker"": ""Jane Doe"", ""company"": ""Global Demo"", ""region"": ""US""}"
WD-REC-00448,Workday,RECRUITING,Requisition,Manufacturing,Budget -> Expense -> Journal -> Dashboard,Performance,Update Manufacturing Workday Requisition,Workday access is provisioned and Manufacturing test data exists,"1. Open Workday Requisition.
2. Execute: Budget -> Expense -> Journal -> Dashboard.
3. Perform validation and confirm downstream impact.","Budget -> Expense -> Journal -> Dashboard completes successfully with approvals, validations, and audit trail",Low,Functional,"{""worker"": ""Jane Doe"", ""company"": ""Global Demo"", ""region"": ""US""}"
WD-REC-00449,Workday,RECRUITING,Requisition,Education,Requisition -> Offer -> Hire -> Onboard -> Payroll,Functional,Sync Education Workday Requisition,Workday access is provisioned and Education test data exists,"1. Open Workday Requisition.
2. Execute: Requisition -> Offer -> Hire -> Onboard -> Payroll.
3. Perform validation and confirm downstream impact.","Requisition -> Offer -> Hire -> Onboard -> Payroll completes successfully with approvals, validations, and audit trail",Medium,UI,"{""worker"": ""Jane Doe"", ""company"": ""Global Demo"", ""region"": ""US""}"
WD-REC-00450,Workday,RECRUITING,Requisition,Education,Employee Life Event -> Benefits -> Payroll -> Reporting,Functional,Import Education Workday Requisition,Workday access is provisioned and Education test data exists,"1. Open Workday Requisition.
2. Execute: Employee Life Event -> Benefits -> Payroll -> Reporting.
3. Perform validation and confirm downstream impact.","Employee Life Event -> Benefits -> Payroll -> Reporting completes successfully with approvals, validations, and audit trail",High,Data Migration,"{""worker"": ""Jane Doe"", ""company"": ""Global Demo"", ""region"": ""US""}"
WD-REC-00451,Workday,RECRUITING,Requisition,Education,Expense Submit -> Approval -> Accounting -> Reimbursement,Functional,Export Education Workday Requisition,Workday access is provisioned and Education test data exists,"1. Open Workday Requisition.
2. Execute: Expense Submit -> Approval -> Accounting -> Reimbursement.
3. Perform validation and confirm downstream impact.","Expense Submit -> Approval -> Accounting -> Reimbursement completes successfully with approvals, validations, and audit trail",Medium,Functional,"{""worker"": ""Jane Doe"", ""company"": ""Global Demo"", ""region"": ""US""}"
WD-REC-00452,Workday,RECRUITING,Requisition,Education,Supplier Invoice -> Matching -> Approval -> Payment,Performance,Submit Education Workday Requisition,Workday access is provisioned and Education test data exists,"1. Open Workday Requisition.
2. Execute: Supplier Invoice -> Matching -> Approval -> Payment.
3. Perform validation and confirm downstream impact.","Supplier Invoice -> Matching -> Approval -> Payment completes successfully with approvals, validations, and audit trail",Medium,Security,"{""worker"": ""Jane Doe"", ""company"": ""Global Demo"", ""region"": ""US""}"
WD-REC-00453,Workday,RECRUITING,Requisition,Education,Integration Load -> Validate -> Error Handling -> Reprocess,Mobile,Submit Education Workday Requisition,Workday access is provisioned and Education test data exists,"1. Open Workday Requisition.
2. Execute: Integration Load -> Validate -> Error Handling -> Reprocess.
3. Perform validation and confirm downstream impact.","Integration Load -> Validate -> Error Handling -> Reprocess completes successfully with approvals, validations, and audit trail",Medium,Regression,"{""worker"": ""Jane Doe"", ""company"": ""Global Demo"", ""region"": ""US""}"
WD-REC-00454,Workday,RECRUITING,Requisition,Education,Recruiting -> Hire -> Onboard -> Time -> Payroll,Security,Create Education Workday Requisition,Workday access is provisioned and Education test data exists,"1. Open Workday Requisition.
2. Execute: Recruiting -> Hire -> Onboard -> Time -> Payroll.
3. Perform validation and confirm downstream impact.","Recruiting -> Hire -> Onboard -> Time -> Payroll completes successfully with approvals, validations, and audit trail",Medium,UI,"{""worker"": ""Jane Doe"", ""company"": ""Global Demo"", ""region"": ""US""}"
WD-REC-00455,Workday,RECRUITING,Requisition,Education,Budget -> Expense -> Journal -> Dashboard,Security,Approve Education Workday Requisition,Workday access is provisioned and Education test data exists,"1. Open Workday Requisition.
2. Execute: Budget -> Expense -> Journal -> Dashboard.
3. Perform validation and confirm downstream impact.","Budget -> Expense -> Journal -> Dashboard completes successfully with approvals, validations, and audit trail",Low,Accessibility,"{""worker"": ""Jane Doe"", ""company"": ""Global Demo"", ""region"": ""US""}"
WD-REC-00456,Workday,RECRUITING,Requisition,Nonprofit,Requisition -> Offer -> Hire -> Onboard -> Payroll,Integration,Route Nonprofit Workday Requisition,Workday access is provisioned and Nonprofit test data exists,"1. Open Workday Requisition.
2. Execute: Requisition -> Offer -> Hire -> Onboard -> Payroll.
3. Perform validation and confirm downstream impact.","Requisition -> Offer -> Hire -> Onboard -> Payroll completes successfully with approvals, validations, and audit trail",Low,Accessibility,"{""worker"": ""Jane Doe"", ""company"": ""Global Demo"", ""region"": ""US""}"
WD-REC-00457,Workday,RECRUITING,Requisition,Nonprofit,Employee Life Event -> Benefits -> Payroll -> Reporting,Security,Create Nonprofit Workday Requisition,Workday access is provisioned and Nonprofit test data exists,"1. Open Workday Requisition.
2. Execute: Employee Life Event -> Benefits -> Payroll -> Reporting.
3. Perform validation and confirm downstream impact.","Employee Life Event -> Benefits -> Payroll -> Reporting completes successfully with approvals, validations, and audit trail",Medium,Security,"{""worker"": ""Jane Doe"", ""company"": ""Global Demo"", ""region"": ""US""}"
WD-REC-00458,Workday,RECRUITING,Requisition,Nonprofit,Expense Submit -> Approval -> Accounting -> Reimbursement,Mobile,Review Nonprofit Workday Requisition,Workday access is provisioned and Nonprofit test data exists,"1. Open Workday Requisition.
2. Execute: Expense Submit -> Approval -> Accounting -> Reimbursement.
3. Perform validation and confirm downstream impact.","Expense Submit -> Approval -> Accounting -> Reimbursement completes successfully with approvals, validations, and audit trail",Low,Regression,"{""worker"": ""Jane Doe"", ""company"": ""Global Demo"", ""region"": ""US""}"
WD-REC-00459,Workday,RECRUITING,Requisition,Nonprofit,Supplier Invoice -> Matching -> Approval -> Payment,Regression,Update Nonprofit Workday Requisition,Workday access is provisioned and Nonprofit test data exists,"1. Open Workday Requisition.
2. Execute: Supplier Invoice -> Matching -> Approval -> Payment.
3. Perform validation and confirm downstream impact.","Supplier Invoice -> Matching -> Approval -> Payment completes successfully with approvals, validations, and audit trail",High,Accessibility,"{""worker"": ""Jane Doe"", ""company"": ""Global Demo"", ""region"": ""US""}"
WD-REC-00460,Workday,RECRUITING,Requisition,Nonprofit,Integration Load -> Validate -> Error Handling -> Reprocess,Performance,Submit Nonprofit Workday Requisition,Workday access is provisioned and Nonprofit test data exists,"1. Open Workday Requisition.
2. Execute: Integration Load -> Validate -> Error Handling -> Reprocess.
3. Perform validation and confirm downstream impact.","Integration Load -> Validate -> Error Handling -> Reprocess completes successfully with approvals, validations, and audit trail",Low,Security,"{""worker"": ""Jane Doe"", ""company"": ""Global Demo"", ""region"": ""US""}"
WD-REC-00461,Workday,RECRUITING,Requisition,Nonprofit,Recruiting -> Hire -> Onboard -> Time -> Payroll,Performance,Export Nonprofit Workday Requisition,Workday access is provisioned and Nonprofit test data exists,"1. Open Workday Requisition.
2. Execute: Recruiting -> Hire -> Onboard -> Time -> Payroll.
3. Perform validation and confirm downstream impact.","Recruiting -> Hire -> Onboard -> Time -> Payroll completes successfully with approvals, validations, and audit trail",Medium,Regression,"{""worker"": ""Jane Doe"", ""company"": ""Global Demo"", ""region"": ""US""}"
WD-REC-00462,Workday,RECRUITING,Requisition,Nonprofit,Budget -> Expense -> Journal -> Dashboard,Performance,Sync Nonprofit Workday Requisition,Workday access is provisioned and Nonprofit test data exists,"1. Open Workday Requisition.
2. Execute: Budget -> Expense -> Journal -> Dashboard.
3. Perform validation and confirm downstream impact.","Budget -> Expense -> Journal -> Dashboard completes successfully with approvals, validations, and audit trail",High,UI,"{""worker"": ""Jane Doe"", ""company"": ""Global Demo"", ""region"": ""US""}"
WD-REC-00463,Workday,RECRUITING,Requisition,Financial Services,Requisition -> Offer -> Hire -> Onboard -> Payroll,Functional,Sync Financial Services Workday Requisition,Workday access is provisioned and Financial Services test data exists,"1. Open Workday Requisition.
2. Execute: Requisition -> Offer -> Hire -> Onboard -> Payroll.
3. Perform validation and confirm downstream impact.","Requisition -> Offer -> Hire -> Onboard -> Payroll completes successfully with approvals, validations, and audit trail",High,Security,"{""worker"": ""Jane Doe"", ""company"": ""Global Demo"", ""region"": ""US""}"
WD-REC-00464,Workday,RECRUITING,Requisition,Financial Services,Employee Life Event -> Benefits -> Payroll -> Reporting,Regression,Create Financial Services Workday Requisition,Workday access is provisioned and Financial Services test data exists,"1. Open Workday Requisition.
2. Execute: Employee Life Event -> Benefits -> Payroll -> Reporting.
3. Perform validation and confirm downstream impact.","Employee Life Event -> Benefits -> Payroll -> Reporting completes successfully with approvals, validations, and audit trail",High,Performance,"{""worker"": ""Jane Doe"", ""company"": ""Global Demo"", ""region"": ""US""}"
WD-REC-00465,Workday,RECRUITING,Requisition,Financial Services,Expense Submit -> Approval -> Accounting -> Reimbursement,Accessibility,Update Financial Services Workday Requisition,Workday access is provisioned and Financial Services test data exists,"1. Open Workday Requisition.
2. Execute: Expense Submit -> Approval -> Accounting -> Reimbursement.
3. Perform validation and confirm downstream impact.","Expense Submit -> Approval -> Accounting -> Reimbursement completes successfully with approvals, validations, and audit trail",Low,Workflow,"{""worker"": ""Jane Doe"", ""company"": ""Global Demo"", ""region"": ""US""}"
WD-REC-00466,Workday,RECRUITING,Requisition,Financial Services,Supplier Invoice -> Matching -> Approval -> Payment,Data Migration,Sync Financial Services Workday Requisition,Workday access is provisioned and Financial Services test data exists,"1. Open Workday Requisition.
2. Execute: Supplier Invoice -> Matching -> Approval -> Payment.
3. Perform validation and confirm downstream impact.","Supplier Invoice -> Matching -> Approval -> Payment completes successfully with approvals, validations, and audit trail",Medium,Functional,"{""worker"": ""Jane Doe"", ""company"": ""Global Demo"", ""region"": ""US""}"
WD-REC-00467,Workday,RECRUITING,Requisition,Financial Services,Integration Load -> Validate -> Error Handling -> Reprocess,UI,Submit Financial Services Workday Requisition,Workday access is provisioned and Financial Services test data exists,"1. Open Workday Requisition.
2. Execute: Integration Load -> Validate -> Error Handling -> Reprocess.
3. Perform validation and confirm downstream impact.","Integration Load -> Validate -> Error Handling -> Reprocess completes successfully with approvals, validations, and audit trail",High,Performance,"{""worker"": ""Jane Doe"", ""company"": ""Global Demo"", ""region"": ""US""}"
WD-REC-00468,Workday,RECRUITING,Requisition,Financial Services,Recruiting -> Hire -> Onboard -> Time -> Payroll,Data Migration,Update Financial Services Workday Requisition,Workday access is provisioned and Financial Services test data exists,"1. Open Workday Requisition.
2. Execute: Recruiting -> Hire -> Onboard -> Time -> Payroll.
3. Perform validation and confirm downstream impact.","Recruiting -> Hire -> Onboard -> Time -> Payroll completes successfully with approvals, validations, and audit trail",Low,Accessibility,"{""worker"": ""Jane Doe"", ""company"": ""Global Demo"", ""region"": ""US""}"
WD-REC-00469,Workday,RECRUITING,Requisition,Financial Services,Budget -> Expense -> Journal -> Dashboard,UI,Edit Financial Services Workday Requisition,Workday access is provisioned and Financial Services test data exists,"1. Open Workday Requisition.
2. Execute: Budget -> Expense -> Journal -> Dashboard.
3. Perform validation and confirm downstream impact.","Budget -> Expense -> Journal -> Dashboard completes successfully with approvals, validations, and audit trail",High,Data Migration,"{""worker"": ""Jane Doe"", ""company"": ""Global Demo"", ""region"": ""US""}"
WD-REC-00470,Workday,RECRUITING,Requisition,Technology,Requisition -> Offer -> Hire -> Onboard -> Payroll,Regression,Approve Technology Workday Requisition,Workday access is provisioned and Technology test data exists,"1. Open Workday Requisition.
2. Execute: Requisition -> Offer -> Hire -> Onboard -> Payroll.
3. Perform validation and confirm downstream impact.","Requisition -> Offer -> Hire -> Onboard -> Payroll completes successfully with approvals, validations, and audit trail",Medium,Functional,"{""worker"": ""Jane Doe"", ""company"": ""Global Demo"", ""region"": ""US""}"
WD-REC-00471,Workday,RECRUITING,Requisition,Technology,Employee Life Event -> Benefits -> Payroll -> Reporting,Data Migration,Approve Technology Workday Requisition,Workday access is provisioned and Technology test data exists,"1. Open Workday Requisition.
2. Execute: Employee Life Event -> Benefits -> Payroll -> Reporting.
3. Perform validation and confirm downstream impact.","Employee Life Event -> Benefits -> Payroll -> Reporting completes successfully with approvals, validations, and audit trail",Low,Regression,"{""worker"": ""Jane Doe"", ""company"": ""Global Demo"", ""region"": ""US""}"
WD-REC-00472,Workday,RECRUITING,Requisition,Technology,Expense Submit -> Approval -> Accounting -> Reimbursement,Workflow,Submit Technology Workday Requisition,Workday access is provisioned and Technology test data exists,"1. Open Workday Requisition.
2. Execute: Expense Submit -> Approval -> Accounting -> Reimbursement.
3. Perform validation and confirm downstream impact.","Expense Submit -> Approval -> Accounting -> Reimbursement completes successfully with approvals, validations, and audit trail",High,Mobile,"{""worker"": ""Jane Doe"", ""company"": ""Global Demo"", ""region"": ""US""}"
WD-REC-00473,Workday,RECRUITING,Requisition,Technology,Supplier Invoice -> Matching -> Approval -> Payment,Functional,Edit Technology Workday Requisition,Workday access is provisioned and Technology test data exists,"1. Open Workday Requisition.
2. Execute: Supplier Invoice -> Matching -> Approval -> Payment.
3. Perform validation and confirm downstream impact.","Supplier Invoice -> Matching -> Approval -> Payment completes successfully with approvals, validations, and audit trail",High,Workflow,"{""worker"": ""Jane Doe"", ""company"": ""Global Demo"", ""region"": ""US""}"
WD-REC-00474,Workday,RECRUITING,Requisition,Technology,Integration Load -> Validate -> Error Handling -> Reprocess,Performance,Approve Technology Workday Requisition,Workday access is provisioned and Technology test data exists,"1. Open Workday Requisition.
2. Execute: Integration Load -> Validate -> Error Handling -> Reprocess.
3. Perform validation and confirm downstream impact.","Integration Load -> Validate -> Error Handling -> Reprocess completes successfully with approvals, validations, and audit trail",Low,Security,"{""worker"": ""Jane Doe"", ""company"": ""Global Demo"", ""region"": ""US""}"
WD-REC-00475,Workday,RECRUITING,Requisition,Technology,Recruiting -> Hire -> Onboard -> Time -> Payroll,Performance,Route Technology Workday Requisition,Workday access is provisioned and Technology test data exists,"1. Open Workday Requisition.
2. Execute: Recruiting -> Hire -> Onboard -> Time -> Payroll.
3. Perform validation and confirm downstream impact.","Recruiting -> Hire -> Onboard -> Time -> Payroll completes successfully with approvals, validations, and audit trail",High,Mobile,"{""worker"": ""Jane Doe"", ""company"": ""Global Demo"", ""region"": ""US""}"
WD-REC-00476,Workday,RECRUITING,Requisition,Technology,Budget -> Expense -> Journal -> Dashboard,Mobile,Approve Technology Workday Requisition,Workday access is provisioned and Technology test data exists,"1. Open Workday Requisition.
2. Execute: Budget -> Expense -> Journal -> Dashboard.
3. Perform validation and confirm downstream impact.","Budget -> Expense -> Journal -> Dashboard completes successfully with approvals, validations, and audit trail",Medium,Integration,"{""worker"": ""Jane Doe"", ""company"": ""Global Demo"", ""region"": ""US""}"
WD-REC-00477,Workday,RECRUITING,Requisition,Public Sector,Requisition -> Offer -> Hire -> Onboard -> Payroll,Performance,Submit Public Sector Workday Requisition,Workday access is provisioned and Public Sector test data exists,"1. Open Workday Requisition.
2. Execute: Requisition -> Offer -> Hire -> Onboard -> Payroll.
3. Perform validation and confirm downstream impact.","Requisition -> Offer -> Hire -> Onboard -> Payroll completes successfully with approvals, validations, and audit trail",Medium,Functional,"{""worker"": ""Jane Doe"", ""company"": ""Global Demo"", ""region"": ""US""}"
WD-REC-00478,Workday,RECRUITING,Requisition,Public Sector,Employee Life Event -> Benefits -> Payroll -> Reporting,Workflow,Validate Public Sector Workday Requisition,Workday access is provisioned and Public Sector test data exists,"1. Open Workday Requisition.
2. Execute: Employee Life Event -> Benefits -> Payroll -> Reporting.
3. Perform validation and confirm downstream impact.","Employee Life Event -> Benefits -> Payroll -> Reporting completes successfully with approvals, validations, and audit trail",Low,Mobile,"{""worker"": ""Jane Doe"", ""company"": ""Global Demo"", ""region"": ""US""}"
WD-REC-00479,Workday,RECRUITING,Requisition,Public Sector,Expense Submit -> Approval -> Accounting -> Reimbursement,Accessibility,Submit Public Sector Workday Requisition,Workday access is provisioned and Public Sector test data exists,"1. Open Workday Requisition.
2. Execute: Expense Submit -> Approval -> Accounting -> Reimbursement.
3. Perform validation and confirm downstream impact.","Expense Submit -> Approval -> Accounting -> Reimbursement completes successfully with approvals, validations, and audit trail",Low,Mobile,"{""worker"": ""Jane Doe"", ""company"": ""Global Demo"", ""region"": ""US""}"
WD-REC-00480,Workday,RECRUITING,Requisition,Public Sector,Supplier Invoice -> Matching -> Approval -> Payment,Regression,Update Public Sector Workday Requisition,Workday access is provisioned and Public Sector test data exists,"1. Open Workday Requisition.
2. Execute: Supplier Invoice -> Matching -> Approval -> Payment.
3. Perform validation and confirm downstream impact.","Supplier Invoice -> Matching -> Approval -> Payment completes successfully with approvals, validations, and audit trail",Medium,Regression,"{""worker"": ""Jane Doe"", ""company"": ""Global Demo"", ""region"": ""US""}"
WD-REC-00481,Workday,RECRUITING,Requisition,Public Sector,Integration Load -> Validate -> Error Handling -> Reprocess,Data Migration,Reject Public Sector Workday Requisition,Workday access is provisioned and Public Sector test data exists,"1. Open Workday Requisition.
2. Execute: Integration Load -> Validate -> Error Handling -> Reprocess.
3. Perform validation and confirm downstream impact.","Integration Load -> Validate -> Error Handling -> Reprocess completes successfully with approvals, validations, and audit trail",Medium,Performance,"{""worker"": ""Jane Doe"", ""company"": ""Global Demo"", ""region"": ""US""}"
WD-REC-00482,Workday,RECRUITING,Requisition,Public Sector,Recruiting -> Hire -> Onboard -> Time -> Payroll,Workflow,Update Public Sector Workday Requisition,Workday access is provisioned and Public Sector test data exists,"1. Open Workday Requisition.
2. Execute: Recruiting -> Hire -> Onboard -> Time -> Payroll.
3. Perform validation and confirm downstream impact.","Recruiting -> Hire -> Onboard -> Time -> Payroll completes successfully with approvals, validations, and audit trail",Medium,Security,"{""worker"": ""Jane Doe"", ""company"": ""Global Demo"", ""region"": ""US""}"
WD-REC-00483,Workday,RECRUITING,Requisition,Public Sector,Budget -> Expense -> Journal -> Dashboard,Workflow,Reject Public Sector Workday Requisition,Workday access is provisioned and Public Sector test data exists,"1. Open Workday Requisition.
2. Execute: Budget -> Expense -> Journal -> Dashboard.
3. Perform validation and confirm downstream impact.","Budget -> Expense -> Journal -> Dashboard completes successfully with approvals, validations, and audit trail",Low,Data Migration,"{""worker"": ""Jane Doe"", ""company"": ""Global Demo"", ""region"": ""US""}"
WD-REC-00484,Workday,RECRUITING,Requisition,Hospitality,Requisition -> Offer -> Hire -> Onboard -> Payroll,Accessibility,Approve Hospitality Workday Requisition,Workday access is provisioned and Hospitality test data exists,"1. Open Workday Requisition.
2. Execute: Requisition -> Offer -> Hire -> Onboard -> Payroll.
3. Perform validation and confirm downstream impact.","Requisition -> Offer -> Hire -> Onboard -> Payroll completes successfully with approvals, validations, and audit trail",Medium,Workflow,"{""worker"": ""Jane Doe"", ""company"": ""Global Demo"", ""region"": ""US""}"
WD-REC-00485,Workday,RECRUITING,Requisition,Hospitality,Employee Life Event -> Benefits -> Payroll -> Reporting,Integration,Validate Hospitality Workday Requisition,Workday access is provisioned and Hospitality test data exists,"1. Open Workday Requisition.
2. Execute: Employee Life Event -> Benefits -> Payroll -> Reporting.
3. Perform validation and confirm downstream impact.","Employee Life Event -> Benefits -> Payroll -> Reporting completes successfully with approvals, validations, and audit trail",Low,UI,"{""worker"": ""Jane Doe"", ""company"": ""Global Demo"", ""region"": ""US""}"
WD-REC-00486,Workday,RECRUITING,Requisition,Hospitality,Expense Submit -> Approval -> Accounting -> Reimbursement,Mobile,Update Hospitality Workday Requisition,Workday access is provisioned and Hospitality test data exists,"1. Open Workday Requisition.
2. Execute: Expense Submit -> Approval -> Accounting -> Reimbursement.
3. Perform validation and confirm downstream impact.","Expense Submit -> Approval -> Accounting -> Reimbursement completes successfully with approvals, validations, and audit trail",High,Data Migration,"{""worker"": ""Jane Doe"", ""company"": ""Global Demo"", ""region"": ""US""}"
WD-REC-00487,Workday,RECRUITING,Requisition,Hospitality,Supplier Invoice -> Matching -> Approval -> Payment,Regression,Approve Hospitality Workday Requisition,Workday access is provisioned and Hospitality test data exists,"1. Open Workday Requisition.
2. Execute: Supplier Invoice -> Matching -> Approval -> Payment.
3. Perform validation and confirm downstream impact.","Supplier Invoice -> Matching -> Approval -> Payment completes successfully with approvals, validations, and audit trail",Low,Data Migration,"{""worker"": ""Jane Doe"", ""company"": ""Global Demo"", ""region"": ""US""}"
WD-REC-00488,Workday,RECRUITING,Requisition,Hospitality,Integration Load -> Validate -> Error Handling -> Reprocess,Mobile,Submit Hospitality Workday Requisition,Workday access is provisioned and Hospitality test data exists,"1. Open Workday Requisition.
2. Execute: Integration Load -> Validate -> Error Handling -> Reprocess.
3. Perform validation and confirm downstream impact.","Integration Load -> Validate -> Error Handling -> Reprocess completes successfully with approvals, validations, and audit trail",Low,Integration,"{""worker"": ""Jane Doe"", ""company"": ""Global Demo"", ""region"": ""US""}"
WD-REC-00489,Workday,RECRUITING,Requisition,Hospitality,Recruiting -> Hire -> Onboard -> Time -> Payroll,Data Migration,Export Hospitality Workday Requisition,Workday access is provisioned and Hospitality test data exists,"1. Open Workday Requisition.
2. Execute: Recruiting -> Hire -> Onboard -> Time -> Payroll.
3. Perform validation and confirm downstream impact.","Recruiting -> Hire -> Onboard -> Time -> Payroll completes successfully with approvals, validations, and audit trail",High,Regression,"{""worker"": ""Jane Doe"", ""company"": ""Global Demo"", ""region"": ""US""}"
WD-REC-00490,Workday,RECRUITING,Requisition,Hospitality,Budget -> Expense -> Journal -> Dashboard,Data Migration,Import Hospitality Workday Requisition,Workday access is provisioned and Hospitality test data exists,"1. Open Workday Requisition.
2. Execute: Budget -> Expense -> Journal -> Dashboard.
3. Perform validation and confirm downstream impact.","Budget -> Expense -> Journal -> Dashboard completes successfully with approvals, validations, and audit trail",High,Mobile,"{""worker"": ""Jane Doe"", ""company"": ""Global Demo"", ""region"": ""US""}"
WD-REC-00491,Workday,RECRUITING,Sourcing,Corporate,Requisition -> Offer -> Hire -> Onboard -> Payroll,Performance,Update Corporate Workday Sourcing,Workday access is provisioned and Corporate test data exists,"1. Open Workday Sourcing.
2. Execute: Requisition -> Offer -> Hire -> Onboard -> Payroll.
3. Perform validation and confirm downstream impact.","Requisition -> Offer -> Hire -> Onboard -> Payroll completes successfully with approvals, validations, and audit trail",High,Mobile,"{""worker"": ""Jane Doe"", ""company"": ""Global Demo"", ""region"": ""US""}"
WD-REC-00492,Workday,RECRUITING,Sourcing,Corporate,Employee Life Event -> Benefits -> Payroll -> Reporting,UI,Import Corporate Workday Sourcing,Workday access is provisioned and Corporate test data exists,"1. Open Workday Sourcing.
2. Execute: Employee Life Event -> Benefits -> Payroll -> Reporting.
3. Perform validation and confirm downstream impact.","Employee Life Event -> Benefits -> Payroll -> Reporting completes successfully with approvals, validations, and audit trail",Medium,Mobile,"{""worker"": ""Jane Doe"", ""company"": ""Global Demo"", ""region"": ""US""}"
WD-REC-00493,Workday,RECRUITING,Sourcing,Corporate,Expense Submit -> Approval -> Accounting -> Reimbursement,Functional,Review Corporate Workday Sourcing,Workday access is provisioned and Corporate test data exists,"1. Open Workday Sourcing.
2. Execute: Expense Submit -> Approval -> Accounting -> Reimbursement.
3. Perform validation and confirm downstream impact.","Expense Submit -> Approval -> Accounting -> Reimbursement completes successfully with approvals, validations, and audit trail",Low,Functional,"{""worker"": ""Jane Doe"", ""company"": ""Global Demo"", ""region"": ""US""}"
WD-REC-00494,Workday,RECRUITING,Sourcing,Corporate,Supplier Invoice -> Matching -> Approval -> Payment,Functional,Sync Corporate Workday Sourcing,Workday access is provisioned and Corporate test data exists,"1. Open Workday Sourcing.
2. Execute: Supplier Invoice -> Matching -> Approval -> Payment.
3. Perform validation and confirm downstream impact.","Supplier Invoice -> Matching -> Approval -> Payment completes successfully with approvals, validations, and audit trail",High,Mobile,"{""worker"": ""Jane Doe"", ""company"": ""Global Demo"", ""region"": ""US""}"
WD-REC-00495,Workday,RECRUITING,Sourcing,Corporate,Integration Load -> Validate -> Error Handling -> Reprocess,Security,Create Corporate Workday Sourcing,Workday access is provisioned and Corporate test data exists,"1. Open Workday Sourcing.
2. Execute: Integration Load -> Validate -> Error Handling -> Reprocess.
3. Perform validation and confirm downstream impact.","Integration Load -> Validate -> Error Handling -> Reprocess completes successfully with approvals, validations, and audit trail",Medium,Data Migration,"{""worker"": ""Jane Doe"", ""company"": ""Global Demo"", ""region"": ""US""}"
WD-REC-00496,Workday,RECRUITING,Sourcing,Corporate,Recruiting -> Hire -> Onboard -> Time -> Payroll,Mobile,Review Corporate Workday Sourcing,Workday access is provisioned and Corporate test data exists,"1. Open Workday Sourcing.
2. Execute: Recruiting -> Hire -> Onboard -> Time -> Payroll.
3. Perform validation and confirm downstream impact.","Recruiting -> Hire -> Onboard -> Time -> Payroll completes successfully with approvals, validations, and audit trail",Low,Accessibility,"{""worker"": ""Jane Doe"", ""company"": ""Global Demo"", ""region"": ""US""}"
WD-REC-00497,Workday,RECRUITING,Sourcing,Corporate,Budget -> Expense -> Journal -> Dashboard,Accessibility,Validate Corporate Workday Sourcing,Workday access is provisioned and Corporate test data exists,"1. Open Workday Sourcing.
2. Execute: Budget -> Expense -> Journal -> Dashboard.
3. Perform validation and confirm downstream impact.","Budget -> Expense -> Journal -> Dashboard completes successfully with approvals, validations, and audit trail",Medium,Workflow,"{""worker"": ""Jane Doe"", ""company"": ""Global Demo"", ""region"": ""US""}"
WD-REC-00498,Workday,RECRUITING,Sourcing,Retail,Requisition -> Offer -> Hire -> Onboard -> Payroll,Integration,Update Retail Workday Sourcing,Workday access is provisioned and Retail test data exists,"1. Open Workday Sourcing.
2. Execute: Requisition -> Offer -> Hire -> Onboard -> Payroll.
3. Perform validation and confirm downstream impact.","Requisition -> Offer -> Hire -> Onboard -> Payroll completes successfully with approvals, validations, and audit trail",Low,Regression,"{""worker"": ""Jane Doe"", ""company"": ""Global Demo"", ""region"": ""US""}"
WD-REC-00499,Workday,RECRUITING,Sourcing,Retail,Employee Life Event -> Benefits -> Payroll -> Reporting,Regression,Edit Retail Workday Sourcing,Workday access is provisioned and Retail test data exists,"1. Open Workday Sourcing.
2. Execute: Employee Life Event -> Benefits -> Payroll -> Reporting.
3. Perform validation and confirm downstream impact.","Employee Life Event -> Benefits -> Payroll -> Reporting completes successfully with approvals, validations, and audit trail",Medium,Data Migration,"{""worker"": ""Jane Doe"", ""company"": ""Global Demo"", ""region"": ""US""}"
WD-REC-00500,Workday,RECRUITING,Sourcing,Retail,Expense Submit -> Approval -> Accounting -> Reimbursement,Regression,Create Retail Workday Sourcing,Workday access is provisioned and Retail test data exists,"1. Open Workday Sourcing.
2. Execute: Expense Submit -> Approval -> Accounting -> Reimbursement.
3. Perform validation and confirm downstream impact.","Expense Submit -> Approval -> Accounting -> Reimbursement completes successfully with approvals, validations, and audit trail",Medium,UI,"{""worker"": ""Jane Doe"", ""company"": ""Global Demo"", ""region"": ""US""}"
WD-REC-00501,Workday,RECRUITING,Sourcing,Retail,Supplier Invoice -> Matching -> Approval -> Payment,Workflow,Validate Retail Workday Sourcing,Workday access is provisioned and Retail test data exists,"1. Open Workday Sourcing.
2. Execute: Supplier Invoice -> Matching -> Approval -> Payment.
3. Perform validation and confirm downstream impact.","Supplier Invoice -> Matching -> Approval -> Payment completes successfully with approvals, validations, and audit trail",Medium,Integration,"{""worker"": ""Jane Doe"", ""company"": ""Global Demo"", ""region"": ""US""}"
WD-REC-00502,Workday,RECRUITING,Sourcing,Retail,Integration Load -> Validate -> Error Handling -> Reprocess,Security,Reject Retail Workday Sourcing,Workday access is provisioned and Retail test data exists,"1. Open Workday Sourcing.
2. Execute: Integration Load -> Validate -> Error Handling -> Reprocess.
3. Perform validation and confirm downstream impact.","Integration Load -> Validate -> Error Handling -> Reprocess completes successfully with approvals, validations, and audit trail",Medium,Data Migration,"{""worker"": ""Jane Doe"", ""company"": ""Global Demo"", ""region"": ""US""}"
WD-REC-00503,Workday,RECRUITING,Sourcing,Retail,Recruiting -> Hire -> Onboard -> Time -> Payroll,Mobile,Sync Retail Workday Sourcing,Workday access is provisioned and Retail test data exists,"1. Open Workday Sourcing.
2. Execute: Recruiting -> Hire -> Onboard -> Time -> Payroll.
3. Perform validation and confirm downstream impact.","Recruiting -> Hire -> Onboard -> Time -> Payroll completes successfully with approvals, validations, and audit trail",High,Mobile,"{""worker"": ""Jane Doe"", ""company"": ""Global Demo"", ""region"": ""US""}"
WD-REC-00504,Workday,RECRUITING,Sourcing,Retail,Budget -> Expense -> Journal -> Dashboard,Performance,Validate Retail Workday Sourcing,Workday access is provisioned and Retail test data exists,"1. Open Workday Sourcing.
2. Execute: Budget -> Expense -> Journal -> Dashboard.
3. Perform validation and confirm downstream impact.","Budget -> Expense -> Journal -> Dashboard completes successfully with approvals, validations, and audit trail",Medium,Integration,"{""worker"": ""Jane Doe"", ""company"": ""Global Demo"", ""region"": ""US""}"
WD-REC-00505,Workday,RECRUITING,Sourcing,Healthcare,Requisition -> Offer -> Hire -> Onboard -> Payroll,Mobile,Create Healthcare Workday Sourcing,Workday access is provisioned and Healthcare test data exists,"1. Open Workday Sourcing.
2. Execute: Requisition -> Offer -> Hire -> Onboard -> Payroll.
3. Perform validation and confirm downstream impact.","Requisition -> Offer -> Hire -> Onboard -> Payroll completes successfully with approvals, validations, and audit trail",Low,Data Migration,"{""worker"": ""Jane Doe"", ""company"": ""Global Demo"", ""region"": ""US""}"
WD-REC-00506,Workday,RECRUITING,Sourcing,Healthcare,Employee Life Event -> Benefits -> Payroll -> Reporting,Accessibility,Review Healthcare Workday Sourcing,Workday access is provisioned and Healthcare test data exists,"1. Open Workday Sourcing.
2. Execute: Employee Life Event -> Benefits -> Payroll -> Reporting.
3. Perform validation and confirm downstream impact.","Employee Life Event -> Benefits -> Payroll -> Reporting completes successfully with approvals, validations, and audit trail",Low,Regression,"{""worker"": ""Jane Doe"", ""company"": ""Global Demo"", ""region"": ""US""}"
WD-REC-00507,Workday,RECRUITING,Sourcing,Healthcare,Expense Submit -> Approval -> Accounting -> Reimbursement,Integration,Edit Healthcare Workday Sourcing,Workday access is provisioned and Healthcare test data exists,"1. Open Workday Sourcing.
2. Execute: Expense Submit -> Approval -> Accounting -> Reimbursement.
3. Perform validation and confirm downstream impact.","Expense Submit -> Approval -> Accounting -> Reimbursement completes successfully with approvals, validations, and audit trail",High,Data Migration,"{""worker"": ""Jane Doe"", ""company"": ""Global Demo"", ""region"": ""US""}"
WD-REC-00508,Workday,RECRUITING,Sourcing,Healthcare,Supplier Invoice -> Matching -> Approval -> Payment,Data Migration,Create Healthcare Workday Sourcing,Workday access is provisioned and Healthcare test data exists,"1. Open Workday Sourcing.
2. Execute: Supplier Invoice -> Matching -> Approval -> Payment.
3. Perform validation and confirm downstream impact.","Supplier Invoice -> Matching -> Approval -> Payment completes successfully with approvals, validations, and audit trail",High,Security,"{""worker"": ""Jane Doe"", ""company"": ""Global Demo"", ""region"": ""US""}"
WD-REC-00509,Workday,RECRUITING,Sourcing,Healthcare,Integration Load -> Validate -> Error Handling -> Reprocess,UI,Create Healthcare Workday Sourcing,Workday access is provisioned and Healthcare test data exists,"1. Open Workday Sourcing.
2. Execute: Integration Load -> Validate -> Error Handling -> Reprocess.
3. Perform validation and confirm downstream impact.","Integration Load -> Validate -> Error Handling -> Reprocess completes successfully with approvals, validations, and audit trail",High,Regression,"{""worker"": ""Jane Doe"", ""company"": ""Global Demo"", ""region"": ""US""}"
WD-REC-00510,Workday,RECRUITING,Sourcing,Healthcare,Recruiting -> Hire -> Onboard -> Time -> Payroll,Mobile,Validate Healthcare Workday Sourcing,Workday access is provisioned and Healthcare test data exists,"1. Open Workday Sourcing.
2. Execute: Recruiting -> Hire -> Onboard -> Time -> Payroll.
3. Perform validation and confirm downstream impact.","Recruiting -> Hire -> Onboard -> Time -> Payroll completes successfully with approvals, validations, and audit trail",High,Functional,"{""worker"": ""Jane Doe"", ""company"": ""Global Demo"", ""region"": ""US""}"
WD-REC-00511,Workday,RECRUITING,Sourcing,Healthcare,Budget -> Expense -> Journal -> Dashboard,Accessibility,Export Healthcare Workday Sourcing,Workday access is provisioned and Healthcare test data exists,"1. Open Workday Sourcing.
2. Execute: Budget -> Expense -> Journal -> Dashboard.
3. Perform validation and confirm downstream impact.","Budget -> Expense -> Journal -> Dashboard completes successfully with approvals, validations, and audit trail",Medium,Accessibility,"{""worker"": ""Jane Doe"", ""company"": ""Global Demo"", ""region"": ""US""}"
WD-REC-00512,Workday,RECRUITING,Sourcing,Manufacturing,Requisition -> Offer -> Hire -> Onboard -> Payroll,Security,Create Manufacturing Workday Sourcing,Workday access is provisioned and Manufacturing test data exists,"1. Open Workday Sourcing.
2. Execute: Requisition -> Offer -> Hire -> Onboard -> Payroll.
3. Perform validation and confirm downstream impact.","Requisition -> Offer -> Hire -> Onboard -> Payroll completes successfully with approvals, validations, and audit trail",High,Integration,"{""worker"": ""Jane Doe"", ""company"": ""Global Demo"", ""region"": ""US""}"
WD-REC-00513,Workday,RECRUITING,Sourcing,Manufacturing,Employee Life Event -> Benefits -> Payroll -> Reporting,Mobile,Sync Manufacturing Workday Sourcing,Workday access is provisioned and Manufacturing test data exists,"1. Open Workday Sourcing.
2. Execute: Employee Life Event -> Benefits -> Payroll -> Reporting.
3. Perform validation and confirm downstream impact.","Employee Life Event -> Benefits -> Payroll -> Reporting completes successfully with approvals, validations, and audit trail",High,Functional,"{""worker"": ""Jane Doe"", ""company"": ""Global Demo"", ""region"": ""US""}"
WD-REC-00514,Workday,RECRUITING,Sourcing,Manufacturing,Expense Submit -> Approval -> Accounting -> Reimbursement,Integration,Sync Manufacturing Workday Sourcing,Workday access is provisioned and Manufacturing test data exists,"1. Open Workday Sourcing.
2. Execute: Expense Submit -> Approval -> Accounting -> Reimbursement.
3. Perform validation and confirm downstream impact.","Expense Submit -> Approval -> Accounting -> Reimbursement completes successfully with approvals, validations, and audit trail",Low,Workflow,"{""worker"": ""Jane Doe"", ""company"": ""Global Demo"", ""region"": ""US""}"
WD-REC-00515,Workday,RECRUITING,Sourcing,Manufacturing,Supplier Invoice -> Matching -> Approval -> Payment,Integration,Update Manufacturing Workday Sourcing,Workday access is provisioned and Manufacturing test data exists,"1. Open Workday Sourcing.
2. Execute: Supplier Invoice -> Matching -> Approval -> Payment.
3. Perform validation and confirm downstream impact.","Supplier Invoice -> Matching -> Approval -> Payment completes successfully with approvals, validations, and audit trail",High,Workflow,"{""worker"": ""Jane Doe"", ""company"": ""Global Demo"", ""region"": ""US""}"
WD-REC-00516,Workday,RECRUITING,Sourcing,Manufacturing,Integration Load -> Validate -> Error Handling -> Reprocess,Data Migration,Approve Manufacturing Workday Sourcing,Workday access is provisioned and Manufacturing test data exists,"1. Open Workday Sourcing.
2. Execute: Integration Load -> Validate -> Error Handling -> Reprocess.
3. Perform validation and confirm downstream impact.","Integration Load -> Validate -> Error Handling -> Reprocess completes successfully with approvals, validations, and audit trail",Low,Mobile,"{""worker"": ""Jane Doe"", ""company"": ""Global Demo"", ""region"": ""US""}"
WD-REC-00517,Workday,RECRUITING,Sourcing,Manufacturing,Recruiting -> Hire -> Onboard -> Time -> Payroll,Integration,Submit Manufacturing Workday Sourcing,Workday access is provisioned and Manufacturing test data exists,"1. Open Workday Sourcing.
2. Execute: Recruiting -> Hire -> Onboard -> Time -> Payroll.
3. Perform validation and confirm downstream impact.","Recruiting -> Hire -> Onboard -> Time -> Payroll completes successfully with approvals, validations, and audit trail",High,Data Migration,"{""worker"": ""Jane Doe"", ""company"": ""Global Demo"", ""region"": ""US""}"
WD-REC-00518,Workday,RECRUITING,Sourcing,Manufacturing,Budget -> Expense -> Journal -> Dashboard,Accessibility,Import Manufacturing Workday Sourcing,Workday access is provisioned and Manufacturing test data exists,"1. Open Workday Sourcing.
2. Execute: Budget -> Expense -> Journal -> Dashboard.
3. Perform validation and confirm downstream impact.","Budget -> Expense -> Journal -> Dashboard completes successfully with approvals, validations, and audit trail",Low,Security,"{""worker"": ""Jane Doe"", ""company"": ""Global Demo"", ""region"": ""US""}"
WD-REC-00519,Workday,RECRUITING,Sourcing,Education,Requisition -> Offer -> Hire -> Onboard -> Payroll,Performance,Create Education Workday Sourcing,Workday access is provisioned and Education test data exists,"1. Open Workday Sourcing.
2. Execute: Requisition -> Offer -> Hire -> Onboard -> Payroll.
3. Perform validation and confirm downstream impact.","Requisition -> Offer -> Hire -> Onboard -> Payroll completes successfully with approvals, validations, and audit trail",High,Functional,"{""worker"": ""Jane Doe"", ""company"": ""Global Demo"", ""region"": ""US""}"
WD-REC-00520,Workday,RECRUITING,Sourcing,Education,Employee Life Event -> Benefits -> Payroll -> Reporting,Workflow,Import Education Workday Sourcing,Workday access is provisioned and Education test data exists,"1. Open Workday Sourcing.
2. Execute: Employee Life Event -> Benefits -> Payroll -> Reporting.
3. Perform validation and confirm downstream impact.","Employee Life Event -> Benefits -> Payroll -> Reporting completes successfully with approvals, validations, and audit trail",Medium,Regression,"{""worker"": ""Jane Doe"", ""company"": ""Global Demo"", ""region"": ""US""}"
WD-REC-00521,Workday,RECRUITING,Sourcing,Education,Expense Submit -> Approval -> Accounting -> Reimbursement,Functional,Submit Education Workday Sourcing,Workday access is provisioned and Education test data exists,"1. Open Workday Sourcing.
2. Execute: Expense Submit -> Approval -> Accounting -> Reimbursement.
3. Perform validation and confirm downstream impact.","Expense Submit -> Approval -> Accounting -> Reimbursement completes successfully with approvals, validations, and audit trail",Medium,Security,"{""worker"": ""Jane Doe"", ""company"": ""Global Demo"", ""region"": ""US""}"
WD-REC-00522,Workday,RECRUITING,Sourcing,Education,Supplier Invoice -> Matching -> Approval -> Payment,Regression,Approve Education Workday Sourcing,Workday access is provisioned and Education test data exists,"1. Open Workday Sourcing.
2. Execute: Supplier Invoice -> Matching -> Approval -> Payment.
3. Perform validation and confirm downstream impact.","Supplier Invoice -> Matching -> Approval -> Payment completes successfully with approvals, validations, and audit trail",Medium,Accessibility,"{""worker"": ""Jane Doe"", ""company"": ""Global Demo"", ""region"": ""US""}"
WD-REC-00523,Workday,RECRUITING,Sourcing,Education,Integration Load -> Validate -> Error Handling -> Reprocess,Security,Review Education Workday Sourcing,Workday access is provisioned and Education test data exists,"1. Open Workday Sourcing.
2. Execute: Integration Load -> Validate -> Error Handling -> Reprocess.
3. Perform validation and confirm downstream impact.","Integration Load -> Validate -> Error Handling -> Reprocess completes successfully with approvals, validations, and audit trail",Low,Security,"{""worker"": ""Jane Doe"", ""company"": ""Global Demo"", ""region"": ""US""}"
WD-REC-00524,Workday,RECRUITING,Sourcing,Education,Recruiting -> Hire -> Onboard -> Time -> Payroll,Integration,Validate Education Workday Sourcing,Workday access is provisioned and Education test data exists,"1. Open Workday Sourcing.
2. Execute: Recruiting -> Hire -> Onboard -> Time -> Payroll.
3. Perform validation and confirm downstream impact.","Recruiting -> Hire -> Onboard -> Time -> Payroll completes successfully with approvals, validations, and audit trail",High,Workflow,"{""worker"": ""Jane Doe"", ""company"": ""Global Demo"", ""region"": ""US""}"
WD-REC-00525,Workday,RECRUITING,Sourcing,Education,Budget -> Expense -> Journal -> Dashboard,Integration,Review Education Workday Sourcing,Workday access is provisioned and Education test data exists,"1. Open Workday Sourcing.
2. Execute: Budget -> Expense -> Journal -> Dashboard.
3. Perform validation and confirm downstream impact.","Budget -> Expense -> Journal -> Dashboard completes successfully with approvals, validations, and audit trail",Low,Regression,"{""worker"": ""Jane Doe"", ""company"": ""Global Demo"", ""region"": ""US""}"
WD-REC-00526,Workday,RECRUITING,Sourcing,Nonprofit,Requisition -> Offer -> Hire -> Onboard -> Payroll,Accessibility,Reject Nonprofit Workday Sourcing,Workday access is provisioned and Nonprofit test data exists,"1. Open Workday Sourcing.
2. Execute: Requisition -> Offer -> Hire -> Onboard -> Payroll.
3. Perform validation and confirm downstream impact.","Requisition -> Offer -> Hire -> Onboard -> Payroll completes successfully with approvals, validations, and audit trail",Low,Regression,"{""worker"": ""Jane Doe"", ""company"": ""Global Demo"", ""region"": ""US""}"
WD-REC-00527,Workday,RECRUITING,Sourcing,Nonprofit,Employee Life Event -> Benefits -> Payroll -> Reporting,Performance,Update Nonprofit Workday Sourcing,Workday access is provisioned and Nonprofit test data exists,"1. Open Workday Sourcing.
2. Execute: Employee Life Event -> Benefits -> Payroll -> Reporting.
3. Perform validation and confirm downstream impact.","Employee Life Event -> Benefits -> Payroll -> Reporting completes successfully with approvals, validations, and audit trail",Low,Security,"{""worker"": ""Jane Doe"", ""company"": ""Global Demo"", ""region"": ""US""}"
WD-REC-00528,Workday,RECRUITING,Sourcing,Nonprofit,Expense Submit -> Approval -> Accounting -> Reimbursement,Regression,Edit Nonprofit Workday Sourcing,Workday access is provisioned and Nonprofit test data exists,"1. Open Workday Sourcing.
2. Execute: Expense Submit -> Approval -> Accounting -> Reimbursement.
3. Perform validation and confirm downstream impact.","Expense Submit -> Approval -> Accounting -> Reimbursement completes successfully with approvals, validations, and audit trail",Medium,UI,"{""worker"": ""Jane Doe"", ""company"": ""Global Demo"", ""region"": ""US""}"
WD-REC-00529,Workday,RECRUITING,Sourcing,Nonprofit,Supplier Invoice -> Matching -> Approval -> Payment,Performance,Create Nonprofit Workday Sourcing,Workday access is provisioned and Nonprofit test data exists,"1. Open Workday Sourcing.
2. Execute: Supplier Invoice -> Matching -> Approval -> Payment.
3. Perform validation and confirm downstream impact.","Supplier Invoice -> Matching -> Approval -> Payment completes successfully with approvals, validations, and audit trail",High,Workflow,"{""worker"": ""Jane Doe"", ""company"": ""Global Demo"", ""region"": ""US""}"
WD-REC-00530,Workday,RECRUITING,Sourcing,Nonprofit,Integration Load -> Validate -> Error Handling -> Reprocess,Accessibility,Review Nonprofit Workday Sourcing,Workday access is provisioned and Nonprofit test data exists,"1. Open Workday Sourcing.
2. Execute: Integration Load -> Validate -> Error Handling -> Reprocess.
3. Perform validation and confirm downstream impact.","Integration Load -> Validate -> Error Handling -> Reprocess completes successfully with approvals, validations, and audit trail",Medium,Workflow,"{""worker"": ""Jane Doe"", ""company"": ""Global Demo"", ""region"": ""US""}"
WD-REC-00531,Workday,RECRUITING,Sourcing,Nonprofit,Recruiting -> Hire -> Onboard -> Time -> Payroll,Regression,Review Nonprofit Workday Sourcing,Workday access is provisioned and Nonprofit test data exists,"1. Open Workday Sourcing.
2. Execute: Recruiting -> Hire -> Onboard -> Time -> Payroll.
3. Perform validation and confirm downstream impact.","Recruiting -> Hire -> Onboard -> Time -> Payroll completes successfully with approvals, validations, and audit trail",High,Data Migration,"{""worker"": ""Jane Doe"", ""company"": ""Global Demo"", ""region"": ""US""}"
WD-REC-00532,Workday,RECRUITING,Sourcing,Nonprofit,Budget -> Expense -> Journal -> Dashboard,UI,Close Nonprofit Workday Sourcing,Workday access is provisioned and Nonprofit test data exists,"1. Open Workday Sourcing.
2. Execute: Budget -> Expense -> Journal -> Dashboard.
3. Perform validation and confirm downstream impact.","Budget -> Expense -> Journal -> Dashboard completes successfully with approvals, validations, and audit trail",Low,Performance,"{""worker"": ""Jane Doe"", ""company"": ""Global Demo"", ""region"": ""US""}"
WD-REC-00533,Workday,RECRUITING,Sourcing,Financial Services,Requisition -> Offer -> Hire -> Onboard -> Payroll,UI,Validate Financial Services Workday Sourcing,Workday access is provisioned and Financial Services test data exists,"1. Open Workday Sourcing.
2. Execute: Requisition -> Offer -> Hire -> Onboard -> Payroll.
3. Perform validation and confirm downstream impact.","Requisition -> Offer -> Hire -> Onboard -> Payroll completes successfully with approvals, validations, and audit trail",High,Mobile,"{""worker"": ""Jane Doe"", ""company"": ""Global Demo"", ""region"": ""US""}"
WD-REC-00534,Workday,RECRUITING,Sourcing,Financial Services,Employee Life Event -> Benefits -> Payroll -> Reporting,Workflow,Close Financial Services Workday Sourcing,Workday access is provisioned and Financial Services test data exists,"1. Open Workday Sourcing.
2. Execute: Employee Life Event -> Benefits -> Payroll -> Reporting.
3. Perform validation and confirm downstream impact.","Employee Life Event -> Benefits -> Payroll -> Reporting completes successfully with approvals, validations, and audit trail",Low,Data Migration,"{""worker"": ""Jane Doe"", ""company"": ""Global Demo"", ""region"": ""US""}"
WD-REC-00535,Workday,RECRUITING,Sourcing,Financial Services,Expense Submit -> Approval -> Accounting -> Reimbursement,Data Migration,Review Financial Services Workday Sourcing,Workday access is provisioned and Financial Services test data exists,"1. Open Workday Sourcing.
2. Execute: Expense Submit -> Approval -> Accounting -> Reimbursement.
3. Perform validation and confirm downstream impact.","Expense Submit -> Approval -> Accounting -> Reimbursement completes successfully with approvals, validations, and audit trail",Low,Regression,"{""worker"": ""Jane Doe"", ""company"": ""Global Demo"", ""region"": ""US""}"
WD-REC-00536,Workday,RECRUITING,Sourcing,Financial Services,Supplier Invoice -> Matching -> Approval -> Payment,Data Migration,Approve Financial Services Workday Sourcing,Workday access is provisioned and Financial Services test data exists,"1. Open Workday Sourcing.
2. Execute: Supplier Invoice -> Matching -> Approval -> Payment.
3. Perform validation and confirm downstream impact.","Supplier Invoice -> Matching -> Approval -> Payment completes successfully with approvals, validations, and audit trail",Medium,Performance,"{""worker"": ""Jane Doe"", ""company"": ""Global Demo"", ""region"": ""US""}"
WD-REC-00537,Workday,RECRUITING,Sourcing,Financial Services,Integration Load -> Validate -> Error Handling -> Reprocess,Data Migration,Import Financial Services Workday Sourcing,Workday access is provisioned and Financial Services test data exists,"1. Open Workday Sourcing.
2. Execute: Integration Load -> Validate -> Error Handling -> Reprocess.
3. Perform validation and confirm downstream impact.","Integration Load -> Validate -> Error Handling -> Reprocess completes successfully with approvals, validations, and audit trail",Medium,Accessibility,"{""worker"": ""Jane Doe"", ""company"": ""Global Demo"", ""region"": ""US""}"
WD-REC-00538,Workday,RECRUITING,Sourcing,Financial Services,Recruiting -> Hire -> Onboard -> Time -> Payroll,Security,Update Financial Services Workday Sourcing,Workday access is provisioned and Financial Services test data exists,"1. Open Workday Sourcing.
2. Execute: Recruiting -> Hire -> Onboard -> Time -> Payroll.
3. Perform validation and confirm downstream impact.","Recruiting -> Hire -> Onboard -> Time -> Payroll completes successfully with approvals, validations, and audit trail",High,Security,"{""worker"": ""Jane Doe"", ""company"": ""Global Demo"", ""region"": ""US""}"
WD-REC-00539,Workday,RECRUITING,Sourcing,Financial Services,Budget -> Expense -> Journal -> Dashboard,UI,Export Financial Services Workday Sourcing,Workday access is provisioned and Financial Services test data exists,"1. Open Workday Sourcing.
2. Execute: Budget -> Expense -> Journal -> Dashboard.
3. Perform validation and confirm downstream impact.","Budget -> Expense -> Journal -> Dashboard completes successfully with approvals, validations, and audit trail",Medium,Performance,"{""worker"": ""Jane Doe"", ""company"": ""Global Demo"", ""region"": ""US""}"
WD-REC-00540,Workday,RECRUITING,Sourcing,Technology,Requisition -> Offer -> Hire -> Onboard -> Payroll,UI,Export Technology Workday Sourcing,Workday access is provisioned and Technology test data exists,"1. Open Workday Sourcing.
2. Execute: Requisition -> Offer -> Hire -> Onboard -> Payroll.
3. Perform validation and confirm downstream impact.","Requisition -> Offer -> Hire -> Onboard -> Payroll completes successfully with approvals, validations, and audit trail",High,UI,"{""worker"": ""Jane Doe"", ""company"": ""Global Demo"", ""region"": ""US""}"
WD-REC-00541,Workday,RECRUITING,Sourcing,Technology,Employee Life Event -> Benefits -> Payroll -> Reporting,Regression,Validate Technology Workday Sourcing,Workday access is provisioned and Technology test data exists,"1. Open Workday Sourcing.
2. Execute: Employee Life Event -> Benefits -> Payroll -> Reporting.
3. Perform validation and confirm downstream impact.","Employee Life Event -> Benefits -> Payroll -> Reporting completes successfully with approvals, validations, and audit trail",Low,Performance,"{""worker"": ""Jane Doe"", ""company"": ""Global Demo"", ""region"": ""US""}"
WD-REC-00542,Workday,RECRUITING,Sourcing,Technology,Expense Submit -> Approval -> Accounting -> Reimbursement,Regression,Edit Technology Workday Sourcing,Workday access is provisioned and Technology test data exists,"1. Open Workday Sourcing.
2. Execute: Expense Submit -> Approval -> Accounting -> Reimbursement.
3. Perform validation and confirm downstream impact.","Expense Submit -> Approval -> Accounting -> Reimbursement completes successfully with approvals, validations, and audit trail",High,Integration,"{""worker"": ""Jane Doe"", ""company"": ""Global Demo"", ""region"": ""US""}"
WD-REC-00543,Workday,RECRUITING,Sourcing,Technology,Supplier Invoice -> Matching -> Approval -> Payment,Security,Sync Technology Workday Sourcing,Workday access is provisioned and Technology test data exists,"1. Open Workday Sourcing.
2. Execute: Supplier Invoice -> Matching -> Approval -> Payment.
3. Perform validation and confirm downstream impact.","Supplier Invoice -> Matching -> Approval -> Payment completes successfully with approvals, validations, and audit trail",High,Security,"{""worker"": ""Jane Doe"", ""company"": ""Global Demo"", ""region"": ""US""}"
WD-REC-00544,Workday,RECRUITING,Sourcing,Technology,Integration Load -> Validate -> Error Handling -> Reprocess,Mobile,Update Technology Workday Sourcing,Workday access is provisioned and Technology test data exists,"1. Open Workday Sourcing.
2. Execute: Integration Load -> Validate -> Error Handling -> Reprocess.
3. Perform validation and confirm downstream impact.","Integration Load -> Validate -> Error Handling -> Reprocess completes successfully with approvals, validations, and audit trail",Low,Accessibility,"{""worker"": ""Jane Doe"", ""company"": ""Global Demo"", ""region"": ""US""}"
WD-REC-00545,Workday,RECRUITING,Sourcing,Technology,Recruiting -> Hire -> Onboard -> Time -> Payroll,Integration,Approve Technology Workday Sourcing,Workday access is provisioned and Technology test data exists,"1. Open Workday Sourcing.
2. Execute: Recruiting -> Hire -> Onboard -> Time -> Payroll.
3. Perform validation and confirm downstream impact.","Recruiting -> Hire -> Onboard -> Time -> Payroll completes successfully with approvals, validations, and audit trail",Low,Workflow,"{""worker"": ""Jane Doe"", ""company"": ""Global Demo"", ""region"": ""US""}"
WD-REC-00546,Workday,RECRUITING,Sourcing,Technology,Budget -> Expense -> Journal -> Dashboard,Accessibility,Reject Technology Workday Sourcing,Workday access is provisioned and Technology test data exists,"1. Open Workday Sourcing.
2. Execute: Budget -> Expense -> Journal -> Dashboard.
3. Perform validation and confirm downstream impact.","Budget -> Expense -> Journal -> Dashboard completes successfully with approvals, validations, and audit trail",Medium,Accessibility,"{""worker"": ""Jane Doe"", ""company"": ""Global Demo"", ""region"": ""US""}"
WD-REC-00547,Workday,RECRUITING,Sourcing,Public Sector,Requisition -> Offer -> Hire -> Onboard -> Payroll,Functional,Review Public Sector Workday Sourcing,Workday access is provisioned and Public Sector test data exists,"1. Open Workday Sourcing.
2. Execute: Requisition -> Offer -> Hire -> Onboard -> Payroll.
3. Perform validation and confirm downstream impact.","Requisition -> Offer -> Hire -> Onboard -> Payroll completes successfully with approvals, validations, and audit trail",High,Workflow,"{""worker"": ""Jane Doe"", ""company"": ""Global Demo"", ""region"": ""US""}"
WD-REC-00548,Workday,RECRUITING,Sourcing,Public Sector,Employee Life Event -> Benefits -> Payroll -> Reporting,Mobile,Import Public Sector Workday Sourcing,Workday access is provisioned and Public Sector test data exists,"1. Open Workday Sourcing.
2. Execute: Employee Life Event -> Benefits -> Payroll -> Reporting.
3. Perform validation and confirm downstream impact.","Employee Life Event -> Benefits -> Payroll -> Reporting completes successfully with approvals, validations, and audit trail",Low,Performance,"{""worker"": ""Jane Doe"", ""company"": ""Global Demo"", ""region"": ""US""}"
WD-REC-00549,Workday,RECRUITING,Sourcing,Public Sector,Expense Submit -> Approval -> Accounting -> Reimbursement,Accessibility,Review Public Sector Workday Sourcing,Workday access is provisioned and Public Sector test data exists,"1. Open Workday Sourcing.
2. Execute: Expense Submit -> Approval -> Accounting -> Reimbursement.
3. Perform validation and confirm downstream impact.","Expense Submit -> Approval -> Accounting -> Reimbursement completes successfully with approvals, validations, and audit trail",Medium,Mobile,"{""worker"": ""Jane Doe"", ""company"": ""Global Demo"", ""region"": ""US""}"
WD-REC-00550,Workday,RECRUITING,Sourcing,Public Sector,Supplier Invoice -> Matching -> Approval -> Payment,UI,Approve Public Sector Workday Sourcing,Workday access is provisioned and Public Sector test data exists,"1. Open Workday Sourcing.
2. Execute: Supplier Invoice -> Matching -> Approval -> Payment.
3. Perform validation and confirm downstream impact.","Supplier Invoice -> Matching -> Approval -> Payment completes successfully with approvals, validations, and audit trail",Low,Data Migration,"{""worker"": ""Jane Doe"", ""company"": ""Global Demo"", ""region"": ""US""}"
WD-REC-00551,Workday,RECRUITING,Sourcing,Public Sector,Integration Load -> Validate -> Error Handling -> Reprocess,Integration,Import Public Sector Workday Sourcing,Workday access is provisioned and Public Sector test data exists,"1. Open Workday Sourcing.
2. Execute: Integration Load -> Validate -> Error Handling -> Reprocess.
3. Perform validation and confirm downstream impact.","Integration Load -> Validate -> Error Handling -> Reprocess completes successfully with approvals, validations, and audit trail",Low,Workflow,"{""worker"": ""Jane Doe"", ""company"": ""Global Demo"", ""region"": ""US""}"
WD-REC-00552,Workday,RECRUITING,Sourcing,Public Sector,Recruiting -> Hire -> Onboard -> Time -> Payroll,Regression,Close Public Sector Workday Sourcing,Workday access is provisioned and Public Sector test data exists,"1. Open Workday Sourcing.
2. Execute: Recruiting -> Hire -> Onboard -> Time -> Payroll.
3. Perform validation and confirm downstream impact.","Recruiting -> Hire -> Onboard -> Time -> Payroll completes successfully with approvals, validations, and audit trail",Low,Mobile,"{""worker"": ""Jane Doe"", ""company"": ""Global Demo"", ""region"": ""US""}"
WD-REC-00553,Workday,RECRUITING,Sourcing,Public Sector,Budget -> Expense -> Journal -> Dashboard,Security,Sync Public Sector Workday Sourcing,Workday access is provisioned and Public Sector test data exists,"1. Open Workday Sourcing.
2. Execute: Budget -> Expense -> Journal -> Dashboard.
3. Perform validation and confirm downstream impact.","Budget -> Expense -> Journal -> Dashboard completes successfully with approvals, validations, and audit trail",Low,Security,"{""worker"": ""Jane Doe"", ""company"": ""Global Demo"", ""region"": ""US""}"
WD-REC-00554,Workday,RECRUITING,Sourcing,Hospitality,Requisition -> Offer -> Hire -> Onboard -> Payroll,Security,Review Hospitality Workday Sourcing,Workday access is provisioned and Hospitality test data exists,"1. Open Workday Sourcing.
2. Execute: Requisition -> Offer -> Hire -> Onboard -> Payroll.
3. Perform validation and confirm downstream impact.","Requisition -> Offer -> Hire -> Onboard -> Payroll completes successfully with approvals, validations, and audit trail",Medium,Mobile,"{""worker"": ""Jane Doe"", ""company"": ""Global Demo"", ""region"": ""US""}"
WD-REC-00555,Workday,RECRUITING,Sourcing,Hospitality,Employee Life Event -> Benefits -> Payroll -> Reporting,Regression,Close Hospitality Workday Sourcing,Workday access is provisioned and Hospitality test data exists,"1. Open Workday Sourcing.
2. Execute: Employee Life Event -> Benefits -> Payroll -> Reporting.
3. Perform validation and confirm downstream impact.","Employee Life Event -> Benefits -> Payroll -> Reporting completes successfully with approvals, validations, and audit trail",High,Security,"{""worker"": ""Jane Doe"", ""company"": ""Global Demo"", ""region"": ""US""}"
WD-REC-00556,Workday,RECRUITING,Sourcing,Hospitality,Expense Submit -> Approval -> Accounting -> Reimbursement,Workflow,Reject Hospitality Workday Sourcing,Workday access is provisioned and Hospitality test data exists,"1. Open Workday Sourcing.
2. Execute: Expense Submit -> Approval -> Accounting -> Reimbursement.
3. Perform validation and confirm downstream impact.","Expense Submit -> Approval -> Accounting -> Reimbursement completes successfully with approvals, validations, and audit trail",High,Performance,"{""worker"": ""Jane Doe"", ""company"": ""Global Demo"", ""region"": ""US""}"
WD-REC-00557,Workday,RECRUITING,Sourcing,Hospitality,Supplier Invoice -> Matching -> Approval -> Payment,Functional,Route Hospitality Workday Sourcing,Workday access is provisioned and Hospitality test data exists,"1. Open Workday Sourcing.
2. Execute: Supplier Invoice -> Matching -> Approval -> Payment.
3. Perform validation and confirm downstream impact.","Supplier Invoice -> Matching -> Approval -> Payment completes successfully with approvals, validations, and audit trail",Medium,Regression,"{""worker"": ""Jane Doe"", ""company"": ""Global Demo"", ""region"": ""US""}"
WD-REC-00558,Workday,RECRUITING,Sourcing,Hospitality,Integration Load -> Validate -> Error Handling -> Reprocess,Data Migration,Route Hospitality Workday Sourcing,Workday access is provisioned and Hospitality test data exists,"1. Open Workday Sourcing.
2. Execute: Integration Load -> Validate -> Error Handling -> Reprocess.
3. Perform validation and confirm downstream impact.","Integration Load -> Validate -> Error Handling -> Reprocess completes successfully with approvals, validations, and audit trail",Low,Data Migration,"{""worker"": ""Jane Doe"", ""company"": ""Global Demo"", ""region"": ""US""}"
WD-REC-00559,Workday,RECRUITING,Sourcing,Hospitality,Recruiting -> Hire -> Onboard -> Time -> Payroll,Performance,Import Hospitality Workday Sourcing,Workday access is provisioned and Hospitality test data exists,"1. Open Workday Sourcing.
2. Execute: Recruiting -> Hire -> Onboard -> Time -> Payroll.
3. Perform validation and confirm downstream impact.","Recruiting -> Hire -> Onboard -> Time -> Payroll completes successfully with approvals, validations, and audit trail",Medium,Workflow,"{""worker"": ""Jane Doe"", ""company"": ""Global Demo"", ""region"": ""US""}"
WD-REC-00560,Workday,RECRUITING,Sourcing,Hospitality,Budget -> Expense -> Journal -> Dashboard,Integration,Import Hospitality Workday Sourcing,Workday access is provisioned and Hospitality test data exists,"1. Open Workday Sourcing.
2. Execute: Budget -> Expense -> Journal -> Dashboard.
3. Perform validation and confirm downstream impact.","Budget -> Expense -> Journal -> Dashboard completes successfully with approvals, validations, and audit trail",Low,Security,"{""worker"": ""Jane Doe"", ""company"": ""Global Demo"", ""region"": ""US""}"
WD-REC-00561,Workday,RECRUITING,Interview,Corporate,Requisition -> Offer -> Hire -> Onboard -> Payroll,Mobile,Review Corporate Workday Interview,Workday access is provisioned and Corporate test data exists,"1. Open Workday Interview.
2. Execute: Requisition -> Offer -> Hire -> Onboard -> Payroll.
3. Perform validation and confirm downstream impact.","Requisition -> Offer -> Hire -> Onboard -> Payroll completes successfully with approvals, validations, and audit trail",Medium,Regression,"{""worker"": ""Jane Doe"", ""company"": ""Global Demo"", ""region"": ""US""}"
WD-REC-00562,Workday,RECRUITING,Interview,Corporate,Employee Life Event -> Benefits -> Payroll -> Reporting,UI,Close Corporate Workday Interview,Workday access is provisioned and Corporate test data exists,"1. Open Workday Interview.
2. Execute: Employee Life Event -> Benefits -> Payroll -> Reporting.
3. Perform validation and confirm downstream impact.","Employee Life Event -> Benefits -> Payroll -> Reporting completes successfully with approvals, validations, and audit trail",High,Workflow,"{""worker"": ""Jane Doe"", ""company"": ""Global Demo"", ""region"": ""US""}"
WD-REC-00563,Workday,RECRUITING,Interview,Corporate,Expense Submit -> Approval -> Accounting -> Reimbursement,UI,Export Corporate Workday Interview,Workday access is provisioned and Corporate test data exists,"1. Open Workday Interview.
2. Execute: Expense Submit -> Approval -> Accounting -> Reimbursement.
3. Perform validation and confirm downstream impact.","Expense Submit -> Approval -> Accounting -> Reimbursement completes successfully with approvals, validations, and audit trail",Medium,Accessibility,"{""worker"": ""Jane Doe"", ""company"": ""Global Demo"", ""region"": ""US""}"
WD-REC-00564,Workday,RECRUITING,Interview,Corporate,Supplier Invoice -> Matching -> Approval -> Payment,Security,Submit Corporate Workday Interview,Workday access is provisioned and Corporate test data exists,"1. Open Workday Interview.
2. Execute: Supplier Invoice -> Matching -> Approval -> Payment.
3. Perform validation and confirm downstream impact.","Supplier Invoice -> Matching -> Approval -> Payment completes successfully with approvals, validations, and audit trail",Low,Accessibility,"{""worker"": ""Jane Doe"", ""company"": ""Global Demo"", ""region"": ""US""}"
WD-REC-00565,Workday,RECRUITING,Interview,Corporate,Integration Load -> Validate -> Error Handling -> Reprocess,Accessibility,Review Corporate Workday Interview,Workday access is provisioned and Corporate test data exists,"1. Open Workday Interview.
2. Execute: Integration Load -> Validate -> Error Handling -> Reprocess.
3. Perform validation and confirm downstream impact.","Integration Load -> Validate -> Error Handling -> Reprocess completes successfully with approvals, validations, and audit trail",Low,Regression,"{""worker"": ""Jane Doe"", ""company"": ""Global Demo"", ""region"": ""US""}"
WD-REC-00566,Workday,RECRUITING,Interview,Corporate,Recruiting -> Hire -> Onboard -> Time -> Payroll,Accessibility,Route Corporate Workday Interview,Workday access is provisioned and Corporate test data exists,"1. Open Workday Interview.
2. Execute: Recruiting -> Hire -> Onboard -> Time -> Payroll.
3. Perform validation and confirm downstream impact.","Recruiting -> Hire -> Onboard -> Time -> Payroll completes successfully with approvals, validations, and audit trail",Low,Data Migration,"{""worker"": ""Jane Doe"", ""company"": ""Global Demo"", ""region"": ""US""}"
WD-REC-00567,Workday,RECRUITING,Interview,Corporate,Budget -> Expense -> Journal -> Dashboard,Workflow,Edit Corporate Workday Interview,Workday access is provisioned and Corporate test data exists,"1. Open Workday Interview.
2. Execute: Budget -> Expense -> Journal -> Dashboard.
3. Perform validation and confirm downstream impact.","Budget -> Expense -> Journal -> Dashboard completes successfully with approvals, validations, and audit trail",High,Mobile,"{""worker"": ""Jane Doe"", ""company"": ""Global Demo"", ""region"": ""US""}"
WD-REC-00568,Workday,RECRUITING,Interview,Retail,Requisition -> Offer -> Hire -> Onboard -> Payroll,Security,Route Retail Workday Interview,Workday access is provisioned and Retail test data exists,"1. Open Workday Interview.
2. Execute: Requisition -> Offer -> Hire -> Onboard -> Payroll.
3. Perform validation and confirm downstream impact.","Requisition -> Offer -> Hire -> Onboard -> Payroll completes successfully with approvals, validations, and audit trail",Medium,UI,"{""worker"": ""Jane Doe"", ""company"": ""Global Demo"", ""region"": ""US""}"
WD-REC-00569,Workday,RECRUITING,Interview,Retail,Employee Life Event -> Benefits -> Payroll -> Reporting,Mobile,Review Retail Workday Interview,Workday access is provisioned and Retail test data exists,"1. Open Workday Interview.
2. Execute: Employee Life Event -> Benefits -> Payroll -> Reporting.
3. Perform validation and confirm downstream impact.","Employee Life Event -> Benefits -> Payroll -> Reporting completes successfully with approvals, validations, and audit trail",Medium,Performance,"{""worker"": ""Jane Doe"", ""company"": ""Global Demo"", ""region"": ""US""}"
WD-REC-00570,Workday,RECRUITING,Interview,Retail,Expense Submit -> Approval -> Accounting -> Reimbursement,UI,Edit Retail Workday Interview,Workday access is provisioned and Retail test data exists,"1. Open Workday Interview.
2. Execute: Expense Submit -> Approval -> Accounting -> Reimbursement.
3. Perform validation and confirm downstream impact.","Expense Submit -> Approval -> Accounting -> Reimbursement completes successfully with approvals, validations, and audit trail",Low,Performance,"{""worker"": ""Jane Doe"", ""company"": ""Global Demo"", ""region"": ""US""}"
WD-REC-00571,Workday,RECRUITING,Interview,Retail,Supplier Invoice -> Matching -> Approval -> Payment,UI,Route Retail Workday Interview,Workday access is provisioned and Retail test data exists,"1. Open Workday Interview.
2. Execute: Supplier Invoice -> Matching -> Approval -> Payment.
3. Perform validation and confirm downstream impact.","Supplier Invoice -> Matching -> Approval -> Payment completes successfully with approvals, validations, and audit trail",Low,Workflow,"{""worker"": ""Jane Doe"", ""company"": ""Global Demo"", ""region"": ""US""}"
WD-REC-00572,Workday,RECRUITING,Interview,Retail,Integration Load -> Validate -> Error Handling -> Reprocess,Accessibility,Reject Retail Workday Interview,Workday access is provisioned and Retail test data exists,"1. Open Workday Interview.
2. Execute: Integration Load -> Validate -> Error Handling -> Reprocess.
3. Perform validation and confirm downstream impact.","Integration Load -> Validate -> Error Handling -> Reprocess completes successfully with approvals, validations, and audit trail",High,Data Migration,"{""worker"": ""Jane Doe"", ""company"": ""Global Demo"", ""region"": ""US""}"
WD-REC-00573,Workday,RECRUITING,Interview,Retail,Recruiting -> Hire -> Onboard -> Time -> Payroll,Data Migration,Export Retail Workday Interview,Workday access is provisioned and Retail test data exists,"1. Open Workday Interview.
2. Execute: Recruiting -> Hire -> Onboard -> Time -> Payroll.
3. Perform validation and confirm downstream impact.","Recruiting -> Hire -> Onboard -> Time -> Payroll completes successfully with approvals, validations, and audit trail",Low,UI,"{""worker"": ""Jane Doe"", ""company"": ""Global Demo"", ""region"": ""US""}"
WD-REC-00574,Workday,RECRUITING,Interview,Retail,Budget -> Expense -> Journal -> Dashboard,Security,Close Retail Workday Interview,Workday access is provisioned and Retail test data exists,"1. Open Workday Interview.
2. Execute: Budget -> Expense -> Journal -> Dashboard.
3. Perform validation and confirm downstream impact.","Budget -> Expense -> Journal -> Dashboard completes successfully with approvals, validations, and audit trail",High,Data Migration,"{""worker"": ""Jane Doe"", ""company"": ""Global Demo"", ""region"": ""US""}"
WD-REC-00575,Workday,RECRUITING,Interview,Healthcare,Requisition -> Offer -> Hire -> Onboard -> Payroll,UI,Create Healthcare Workday Interview,Workday access is provisioned and Healthcare test data exists,"1. Open Workday Interview.
2. Execute: Requisition -> Offer -> Hire -> Onboard -> Payroll.
3. Perform validation and confirm downstream impact.","Requisition -> Offer -> Hire -> Onboard -> Payroll completes successfully with approvals, validations, and audit trail",Low,Performance,"{""worker"": ""Jane Doe"", ""company"": ""Global Demo"", ""region"": ""US""}"
WD-REC-00576,Workday,RECRUITING,Interview,Healthcare,Employee Life Event -> Benefits -> Payroll -> Reporting,Regression,Submit Healthcare Workday Interview,Workday access is provisioned and Healthcare test data exists,"1. Open Workday Interview.
2. Execute: Employee Life Event -> Benefits -> Payroll -> Reporting.
3. Perform validation and confirm downstream impact.","Employee Life Event -> Benefits -> Payroll -> Reporting completes successfully with approvals, validations, and audit trail",High,Functional,"{""worker"": ""Jane Doe"", ""company"": ""Global Demo"", ""region"": ""US""}"
WD-REC-00577,Workday,RECRUITING,Interview,Healthcare,Expense Submit -> Approval -> Accounting -> Reimbursement,Performance,Submit Healthcare Workday Interview,Workday access is provisioned and Healthcare test data exists,"1. Open Workday Interview.
2. Execute: Expense Submit -> Approval -> Accounting -> Reimbursement.
3. Perform validation and confirm downstream impact.","Expense Submit -> Approval -> Accounting -> Reimbursement completes successfully with approvals, validations, and audit trail",Low,Mobile,"{""worker"": ""Jane Doe"", ""company"": ""Global Demo"", ""region"": ""US""}"
WD-REC-00578,Workday,RECRUITING,Interview,Healthcare,Supplier Invoice -> Matching -> Approval -> Payment,Regression,Approve Healthcare Workday Interview,Workday access is provisioned and Healthcare test data exists,"1. Open Workday Interview.
2. Execute: Supplier Invoice -> Matching -> Approval -> Payment.
3. Perform validation and confirm downstream impact.","Supplier Invoice -> Matching -> Approval -> Payment completes successfully with approvals, validations, and audit trail",Medium,Integration,"{""worker"": ""Jane Doe"", ""company"": ""Global Demo"", ""region"": ""US""}"
WD-REC-00579,Workday,RECRUITING,Interview,Healthcare,Integration Load -> Validate -> Error Handling -> Reprocess,Security,Reject Healthcare Workday Interview,Workday access is provisioned and Healthcare test data exists,"1. Open Workday Interview.
2. Execute: Integration Load -> Validate -> Error Handling -> Reprocess.
3. Perform validation and confirm downstream impact.","Integration Load -> Validate -> Error Handling -> Reprocess completes successfully with approvals, validations, and audit trail",High,Performance,"{""worker"": ""Jane Doe"", ""company"": ""Global Demo"", ""region"": ""US""}"
WD-REC-00580,Workday,RECRUITING,Interview,Healthcare,Recruiting -> Hire -> Onboard -> Time -> Payroll,Accessibility,Sync Healthcare Workday Interview,Workday access is provisioned and Healthcare test data exists,"1. Open Workday Interview.
2. Execute: Recruiting -> Hire -> Onboard -> Time -> Payroll.
3. Perform validation and confirm downstream impact.","Recruiting -> Hire -> Onboard -> Time -> Payroll completes successfully with approvals, validations, and audit trail",High,Performance,"{""worker"": ""Jane Doe"", ""company"": ""Global Demo"", ""region"": ""US""}"
WD-REC-00581,Workday,RECRUITING,Interview,Healthcare,Budget -> Expense -> Journal -> Dashboard,Integration,Create Healthcare Workday Interview,Workday access is provisioned and Healthcare test data exists,"1. Open Workday Interview.
2. Execute: Budget -> Expense -> Journal -> Dashboard.
3. Perform validation and confirm downstream impact.","Budget -> Expense -> Journal -> Dashboard completes successfully with approvals, validations, and audit trail",Low,Integration,"{""worker"": ""Jane Doe"", ""company"": ""Global Demo"", ""region"": ""US""}"
WD-REC-00582,Workday,RECRUITING,Interview,Manufacturing,Requisition -> Offer -> Hire -> Onboard -> Payroll,Security,Submit Manufacturing Workday Interview,Workday access is provisioned and Manufacturing test data exists,"1. Open Workday Interview.
2. Execute: Requisition -> Offer -> Hire -> Onboard -> Payroll.
3. Perform validation and confirm downstream impact.","Requisition -> Offer -> Hire -> Onboard -> Payroll completes successfully with approvals, validations, and audit trail",High,Integration,"{""worker"": ""Jane Doe"", ""company"": ""Global Demo"", ""region"": ""US""}"
WD-REC-00583,Workday,RECRUITING,Interview,Manufacturing,Employee Life Event -> Benefits -> Payroll -> Reporting,UI,Edit Manufacturing Workday Interview,Workday access is provisioned and Manufacturing test data exists,"1. Open Workday Interview.
2. Execute: Employee Life Event -> Benefits -> Payroll -> Reporting.
3. Perform validation and confirm downstream impact.","Employee Life Event -> Benefits -> Payroll -> Reporting completes successfully with approvals, validations, and audit trail",High,Accessibility,"{""worker"": ""Jane Doe"", ""company"": ""Global Demo"", ""region"": ""US""}"
WD-REC-00584,Workday,RECRUITING,Interview,Manufacturing,Expense Submit -> Approval -> Accounting -> Reimbursement,Functional,Reject Manufacturing Workday Interview,Workday access is provisioned and Manufacturing test data exists,"1. Open Workday Interview.
2. Execute: Expense Submit -> Approval -> Accounting -> Reimbursement.
3. Perform validation and confirm downstream impact.","Expense Submit -> Approval -> Accounting -> Reimbursement completes successfully with approvals, validations, and audit trail",Low,Accessibility,"{""worker"": ""Jane Doe"", ""company"": ""Global Demo"", ""region"": ""US""}"
WD-REC-00585,Workday,RECRUITING,Interview,Manufacturing,Supplier Invoice -> Matching -> Approval -> Payment,Integration,Reject Manufacturing Workday Interview,Workday access is provisioned and Manufacturing test data exists,"1. Open Workday Interview.
2. Execute: Supplier Invoice -> Matching -> Approval -> Payment.
3. Perform validation and confirm downstream impact.","Supplier Invoice -> Matching -> Approval -> Payment completes successfully with approvals, validations, and audit trail",Medium,Performance,"{""worker"": ""Jane Doe"", ""company"": ""Global Demo"", ""region"": ""US""}"
WD-REC-00586,Workday,RECRUITING,Interview,Manufacturing,Integration Load -> Validate -> Error Handling -> Reprocess,Functional,Sync Manufacturing Workday Interview,Workday access is provisioned and Manufacturing test data exists,"1. Open Workday Interview.
2. Execute: Integration Load -> Validate -> Error Handling -> Reprocess.
3. Perform validation and confirm downstream impact.","Integration Load -> Validate -> Error Handling -> Reprocess completes successfully with approvals, validations, and audit trail",Medium,Accessibility,"{""worker"": ""Jane Doe"", ""company"": ""Global Demo"", ""region"": ""US""}"
WD-REC-00587,Workday,RECRUITING,Interview,Manufacturing,Recruiting -> Hire -> Onboard -> Time -> Payroll,Workflow,Edit Manufacturing Workday Interview,Workday access is provisioned and Manufacturing test data exists,"1. Open Workday Interview.
2. Execute: Recruiting -> Hire -> Onboard -> Time -> Payroll.
3. Perform validation and confirm downstream impact.","Recruiting -> Hire -> Onboard -> Time -> Payroll completes successfully with approvals, validations, and audit trail",High,UI,"{""worker"": ""Jane Doe"", ""company"": ""Global Demo"", ""region"": ""US""}"
WD-REC-00588,Workday,RECRUITING,Interview,Manufacturing,Budget -> Expense -> Journal -> Dashboard,Mobile,Review Manufacturing Workday Interview,Workday access is provisioned and Manufacturing test data exists,"1. Open Workday Interview.
2. Execute: Budget -> Expense -> Journal -> Dashboard.
3. Perform validation and confirm downstream impact.","Budget -> Expense -> Journal -> Dashboard completes successfully with approvals, validations, and audit trail",Medium,Performance,"{""worker"": ""Jane Doe"", ""company"": ""Global Demo"", ""region"": ""US""}"
WD-REC-00589,Workday,RECRUITING,Interview,Education,Requisition -> Offer -> Hire -> Onboard -> Payroll,Security,Close Education Workday Interview,Workday access is provisioned and Education test data exists,"1. Open Workday Interview.
2. Execute: Requisition -> Offer -> Hire -> Onboard -> Payroll.
3. Perform validation and confirm downstream impact.","Requisition -> Offer -> Hire -> Onboard -> Payroll completes successfully with approvals, validations, and audit trail",High,Regression,"{""worker"": ""Jane Doe"", ""company"": ""Global Demo"", ""region"": ""US""}"
WD-REC-00590,Workday,RECRUITING,Interview,Education,Employee Life Event -> Benefits -> Payroll -> Reporting,Security,Close Education Workday Interview,Workday access is provisioned and Education test data exists,"1. Open Workday Interview.
2. Execute: Employee Life Event -> Benefits -> Payroll -> Reporting.
3. Perform validation and confirm downstream impact.","Employee Life Event -> Benefits -> Payroll -> Reporting completes successfully with approvals, validations, and audit trail",Medium,Functional,"{""worker"": ""Jane Doe"", ""company"": ""Global Demo"", ""region"": ""US""}"
WD-REC-00591,Workday,RECRUITING,Interview,Education,Expense Submit -> Approval -> Accounting -> Reimbursement,Workflow,Close Education Workday Interview,Workday access is provisioned and Education test data exists,"1. Open Workday Interview.
2. Execute: Expense Submit -> Approval -> Accounting -> Reimbursement.
3. Perform validation and confirm downstream impact.","Expense Submit -> Approval -> Accounting -> Reimbursement completes successfully with approvals, validations, and audit trail",High,Workflow,"{""worker"": ""Jane Doe"", ""company"": ""Global Demo"", ""region"": ""US""}"
WD-REC-00592,Workday,RECRUITING,Interview,Education,Supplier Invoice -> Matching -> Approval -> Payment,Integration,Edit Education Workday Interview,Workday access is provisioned and Education test data exists,"1. Open Workday Interview.
2. Execute: Supplier Invoice -> Matching -> Approval -> Payment.
3. Perform validation and confirm downstream impact.","Supplier Invoice -> Matching -> Approval -> Payment completes successfully with approvals, validations, and audit trail",Low,UI,"{""worker"": ""Jane Doe"", ""company"": ""Global Demo"", ""region"": ""US""}"
WD-REC-00593,Workday,RECRUITING,Interview,Education,Integration Load -> Validate -> Error Handling -> Reprocess,Functional,Sync Education Workday Interview,Workday access is provisioned and Education test data exists,"1. Open Workday Interview.
2. Execute: Integration Load -> Validate -> Error Handling -> Reprocess.
3. Perform validation and confirm downstream impact.","Integration Load -> Validate -> Error Handling -> Reprocess completes successfully with approvals, validations, and audit trail",Low,UI,"{""worker"": ""Jane Doe"", ""company"": ""Global Demo"", ""region"": ""US""}"
WD-REC-00594,Workday,RECRUITING,Interview,Education,Recruiting -> Hire -> Onboard -> Time -> Payroll,UI,Submit Education Workday Interview,Workday access is provisioned and Education test data exists,"1. Open Workday Interview.
2. Execute: Recruiting -> Hire -> Onboard -> Time -> Payroll.
3. Perform validation and confirm downstream impact.","Recruiting -> Hire -> Onboard -> Time -> Payroll completes successfully with approvals, validations, and audit trail",High,Accessibility,"{""worker"": ""Jane Doe"", ""company"": ""Global Demo"", ""region"": ""US""}"
WD-REC-00595,Workday,RECRUITING,Interview,Education,Budget -> Expense -> Journal -> Dashboard,Integration,Export Education Workday Interview,Workday access is provisioned and Education test data exists,"1. Open Workday Interview.
2. Execute: Budget -> Expense -> Journal -> Dashboard.
3. Perform validation and confirm downstream impact.","Budget -> Expense -> Journal -> Dashboard completes successfully with approvals, validations, and audit trail",Low,Regression,"{""worker"": ""Jane Doe"", ""company"": ""Global Demo"", ""region"": ""US""}"
WD-REC-00596,Workday,RECRUITING,Interview,Nonprofit,Requisition -> Offer -> Hire -> Onboard -> Payroll,Security,Sync Nonprofit Workday Interview,Workday access is provisioned and Nonprofit test data exists,"1. Open Workday Interview.
2. Execute: Requisition -> Offer -> Hire -> Onboard -> Payroll.
3. Perform validation and confirm downstream impact.","Requisition -> Offer -> Hire -> Onboard -> Payroll completes successfully with approvals, validations, and audit trail",Low,Integration,"{""worker"": ""Jane Doe"", ""company"": ""Global Demo"", ""region"": ""US""}"
WD-REC-00597,Workday,RECRUITING,Interview,Nonprofit,Employee Life Event -> Benefits -> Payroll -> Reporting,Mobile,Edit Nonprofit Workday Interview,Workday access is provisioned and Nonprofit test data exists,"1. Open Workday Interview.
2. Execute: Employee Life Event -> Benefits -> Payroll -> Reporting.
3. Perform validation and confirm downstream impact.","Employee Life Event -> Benefits -> Payroll -> Reporting completes successfully with approvals, validations, and audit trail",Low,Data Migration,"{""worker"": ""Jane Doe"", ""company"": ""Global Demo"", ""region"": ""US""}"
WD-REC-00598,Workday,RECRUITING,Interview,Nonprofit,Expense Submit -> Approval -> Accounting -> Reimbursement,Accessibility,Sync Nonprofit Workday Interview,Workday access is provisioned and Nonprofit test data exists,"1. Open Workday Interview.
2. Execute: Expense Submit -> Approval -> Accounting -> Reimbursement.
3. Perform validation and confirm downstream impact.","Expense Submit -> Approval -> Accounting -> Reimbursement completes successfully with approvals, validations, and audit trail",High,Workflow,"{""worker"": ""Jane Doe"", ""company"": ""Global Demo"", ""region"": ""US""}"
WD-REC-00599,Workday,RECRUITING,Interview,Nonprofit,Supplier Invoice -> Matching -> Approval -> Payment,Mobile,Create Nonprofit Workday Interview,Workday access is provisioned and Nonprofit test data exists,"1. Open Workday Interview.
2. Execute: Supplier Invoice -> Matching -> Approval -> Payment.
3. Perform validation and confirm downstream impact.","Supplier Invoice -> Matching -> Approval -> Payment completes successfully with approvals, validations, and audit trail",High,Accessibility,"{""worker"": ""Jane Doe"", ""company"": ""Global Demo"", ""region"": ""US""}"
WD-REC-00600,Workday,RECRUITING,Interview,Nonprofit,Integration Load -> Validate -> Error Handling -> Reprocess,Regression,Review Nonprofit Workday Interview,Workday access is provisioned and Nonprofit test data exists,"1. Open Workday Interview.
2. Execute: Integration Load -> Validate -> Error Handling -> Reprocess.
3. Perform validation and confirm downstream impact.","Integration Load -> Validate -> Error Handling -> Reprocess completes successfully with approvals, validations, and audit trail",Medium,Mobile,"{""worker"": ""Jane Doe"", ""company"": ""Global Demo"", ""region"": ""US""}"
WD-REC-00601,Workday,RECRUITING,Interview,Nonprofit,Recruiting -> Hire -> Onboard -> Time -> Payroll,Functional,Approve Nonprofit Workday Interview,Workday access is provisioned and Nonprofit test data exists,"1. Open Workday Interview.
2. Execute: Recruiting -> Hire -> Onboard -> Time -> Payroll.
3. Perform validation and confirm downstream impact.","Recruiting -> Hire -> Onboard -> Time -> Payroll completes successfully with approvals, validations, and audit trail",Medium,Workflow,"{""worker"": ""Jane Doe"", ""company"": ""Global Demo"", ""region"": ""US""}"
WD-REC-00602,Workday,RECRUITING,Interview,Nonprofit,Budget -> Expense -> Journal -> Dashboard,Mobile,Submit Nonprofit Workday Interview,Workday access is provisioned and Nonprofit test data exists,"1. Open Workday Interview.
2. Execute: Budget -> Expense -> Journal -> Dashboard.
3. Perform validation and confirm downstream impact.","Budget -> Expense -> Journal -> Dashboard completes successfully with approvals, validations, and audit trail",High,Mobile,"{""worker"": ""Jane Doe"", ""company"": ""Global Demo"", ""region"": ""US""}"
WD-REC-00603,Workday,RECRUITING,Interview,Financial Services,Requisition -> Offer -> Hire -> Onboard -> Payroll,Accessibility,Export Financial Services Workday Interview,Workday access is provisioned and Financial Services test data exists,"1. Open Workday Interview.
2. Execute: Requisition -> Offer -> Hire -> Onboard -> Payroll.
3. Perform validation and confirm downstream impact.","Requisition -> Offer -> Hire -> Onboard -> Payroll completes successfully with approvals, validations, and audit trail",Medium,Functional,"{""worker"": ""Jane Doe"", ""company"": ""Global Demo"", ""region"": ""US""}"
WD-REC-00604,Workday,RECRUITING,Interview,Financial Services,Employee Life Event -> Benefits -> Payroll -> Reporting,Security,Create Financial Services Workday Interview,Workday access is provisioned and Financial Services test data exists,"1. Open Workday Interview.
2. Execute: Employee Life Event -> Benefits -> Payroll -> Reporting.
3. Perform validation and confirm downstream impact.","Employee Life Event -> Benefits -> Payroll -> Reporting completes successfully with approvals, validations, and audit trail",Medium,Accessibility,"{""worker"": ""Jane Doe"", ""company"": ""Global Demo"", ""region"": ""US""}"
WD-REC-00605,Workday,RECRUITING,Interview,Financial Services,Expense Submit -> Approval -> Accounting -> Reimbursement,Workflow,Create Financial Services Workday Interview,Workday access is provisioned and Financial Services test data exists,"1. Open Workday Interview.
2. Execute: Expense Submit -> Approval -> Accounting -> Reimbursement.
3. Perform validation and confirm downstream impact.","Expense Submit -> Approval -> Accounting -> Reimbursement completes successfully with approvals, validations, and audit trail",Medium,Regression,"{""worker"": ""Jane Doe"", ""company"": ""Global Demo"", ""region"": ""US""}"
WD-REC-00606,Workday,RECRUITING,Interview,Financial Services,Supplier Invoice -> Matching -> Approval -> Payment,Mobile,Create Financial Services Workday Interview,Workday access is provisioned and Financial Services test data exists,"1. Open Workday Interview.
2. Execute: Supplier Invoice -> Matching -> Approval -> Payment.
3. Perform validation and confirm downstream impact.","Supplier Invoice -> Matching -> Approval -> Payment completes successfully with approvals, validations, and audit trail",Low,Security,"{""worker"": ""Jane Doe"", ""company"": ""Global Demo"", ""region"": ""US""}"
WD-REC-00607,Workday,RECRUITING,Interview,Financial Services,Integration Load -> Validate -> Error Handling -> Reprocess,Regression,Reject Financial Services Workday Interview,Workday access is provisioned and Financial Services test data exists,"1. Open Workday Interview.
2. Execute: Integration Load -> Validate -> Error Handling -> Reprocess.
3. Perform validation and confirm downstream impact.","Integration Load -> Validate -> Error Handling -> Reprocess completes successfully with approvals, validations, and audit trail",Low,Mobile,"{""worker"": ""Jane Doe"", ""company"": ""Global Demo"", ""region"": ""US""}"
WD-REC-00608,Workday,RECRUITING,Interview,Financial Services,Recruiting -> Hire -> Onboard -> Time -> Payroll,Data Migration,Create Financial Services Workday Interview,Workday access is provisioned and Financial Services test data exists,"1. Open Workday Interview.
2. Execute: Recruiting -> Hire -> Onboard -> Time -> Payroll.
3. Perform validation and confirm downstream impact.","Recruiting -> Hire -> Onboard -> Time -> Payroll completes successfully with approvals, validations, and audit trail",Low,Integration,"{""worker"": ""Jane Doe"", ""company"": ""Global Demo"", ""region"": ""US""}"
WD-REC-00609,Workday,RECRUITING,Interview,Financial Services,Budget -> Expense -> Journal -> Dashboard,Integration,Submit Financial Services Workday Interview,Workday access is provisioned and Financial Services test data exists,"1. Open Workday Interview.
2. Execute: Budget -> Expense -> Journal -> Dashboard.
3. Perform validation and confirm downstream impact.","Budget -> Expense -> Journal -> Dashboard completes successfully with approvals, validations, and audit trail",Low,Data Migration,"{""worker"": ""Jane Doe"", ""company"": ""Global Demo"", ""region"": ""US""}"
WD-REC-00610,Workday,RECRUITING,Interview,Technology,Requisition -> Offer -> Hire -> Onboard -> Payroll,Data Migration,Review Technology Workday Interview,Workday access is provisioned and Technology test data exists,"1. Open Workday Interview.
2. Execute: Requisition -> Offer -> Hire -> Onboard -> Payroll.
3. Perform validation and confirm downstream impact.","Requisition -> Offer -> Hire -> Onboard -> Payroll completes successfully with approvals, validations, and audit trail",Low,Regression,"{""worker"": ""Jane Doe"", ""company"": ""Global Demo"", ""region"": ""US""}"
WD-REC-00611,Workday,RECRUITING,Interview,Technology,Employee Life Event -> Benefits -> Payroll -> Reporting,Regression,Validate Technology Workday Interview,Workday access is provisioned and Technology test data exists,"1. Open Workday Interview.
2. Execute: Employee Life Event -> Benefits -> Payroll -> Reporting.
3. Perform validation and confirm downstream impact.","Employee Life Event -> Benefits -> Payroll -> Reporting completes successfully with approvals, validations, and audit trail",Medium,Integration,"{""worker"": ""Jane Doe"", ""company"": ""Global Demo"", ""region"": ""US""}"
WD-REC-00612,Workday,RECRUITING,Interview,Technology,Expense Submit -> Approval -> Accounting -> Reimbursement,Accessibility,Review Technology Workday Interview,Workday access is provisioned and Technology test data exists,"1. Open Workday Interview.
2. Execute: Expense Submit -> Approval -> Accounting -> Reimbursement.
3. Perform validation and confirm downstream impact.","Expense Submit -> Approval -> Accounting -> Reimbursement completes successfully with approvals, validations, and audit trail",Medium,Regression,"{""worker"": ""Jane Doe"", ""company"": ""Global Demo"", ""region"": ""US""}"
WD-REC-00613,Workday,RECRUITING,Interview,Technology,Supplier Invoice -> Matching -> Approval -> Payment,Security,Update Technology Workday Interview,Workday access is provisioned and Technology test data exists,"1. Open Workday Interview.
2. Execute: Supplier Invoice -> Matching -> Approval -> Payment.
3. Perform validation and confirm downstream impact.","Supplier Invoice -> Matching -> Approval -> Payment completes successfully with approvals, validations, and audit trail",Low,Functional,"{""worker"": ""Jane Doe"", ""company"": ""Global Demo"", ""region"": ""US""}"
WD-REC-00614,Workday,RECRUITING,Interview,Technology,Integration Load -> Validate -> Error Handling -> Reprocess,Integration,Submit Technology Workday Interview,Workday access is provisioned and Technology test data exists,"1. Open Workday Interview.
2. Execute: Integration Load -> Validate -> Error Handling -> Reprocess.
3. Perform validation and confirm downstream impact.","Integration Load -> Validate -> Error Handling -> Reprocess completes successfully with approvals, validations, and audit trail",Low,Accessibility,"{""worker"": ""Jane Doe"", ""company"": ""Global Demo"", ""region"": ""US""}"
WD-REC-00615,Workday,RECRUITING,Interview,Technology,Recruiting -> Hire -> Onboard -> Time -> Payroll,Integration,Route Technology Workday Interview,Workday access is provisioned and Technology test data exists,"1. Open Workday Interview.
2. Execute: Recruiting -> Hire -> Onboard -> Time -> Payroll.
3. Perform validation and confirm downstream impact.","Recruiting -> Hire -> Onboard -> Time -> Payroll completes successfully with approvals, validations, and audit trail",High,Integration,"{""worker"": ""Jane Doe"", ""company"": ""Global Demo"", ""region"": ""US""}"
WD-REC-00616,Workday,RECRUITING,Interview,Technology,Budget -> Expense -> Journal -> Dashboard,Workflow,Close Technology Workday Interview,Workday access is provisioned and Technology test data exists,"1. Open Workday Interview.
2. Execute: Budget -> Expense -> Journal -> Dashboard.
3. Perform validation and confirm downstream impact.","Budget -> Expense -> Journal -> Dashboard completes successfully with approvals, validations, and audit trail",Medium,Accessibility,"{""worker"": ""Jane Doe"", ""company"": ""Global Demo"", ""region"": ""US""}"
WD-REC-00617,Workday,RECRUITING,Interview,Public Sector,Requisition -> Offer -> Hire -> Onboard -> Payroll,Security,Route Public Sector Workday Interview,Workday access is provisioned and Public Sector test data exists,"1. Open Workday Interview.
2. Execute: Requisition -> Offer -> Hire -> Onboard -> Payroll.
3. Perform validation and confirm downstream impact.","Requisition -> Offer -> Hire -> Onboard -> Payroll completes successfully with approvals, validations, and audit trail",Medium,Regression,"{""worker"": ""Jane Doe"", ""company"": ""Global Demo"", ""region"": ""US""}"
WD-REC-00618,Workday,RECRUITING,Interview,Public Sector,Employee Life Event -> Benefits -> Payroll -> Reporting,Data Migration,Close Public Sector Workday Interview,Workday access is provisioned and Public Sector test data exists,"1. Open Workday Interview.
2. Execute: Employee Life Event -> Benefits -> Payroll -> Reporting.
3. Perform validation and confirm downstream impact.","Employee Life Event -> Benefits -> Payroll -> Reporting completes successfully with approvals, validations, and audit trail",Medium,Functional,"{""worker"": ""Jane Doe"", ""company"": ""Global Demo"", ""region"": ""US""}"
WD-REC-00619,Workday,RECRUITING,Interview,Public Sector,Expense Submit -> Approval -> Accounting -> Reimbursement,Mobile,Close Public Sector Workday Interview,Workday access is provisioned and Public Sector test data exists,"1. Open Workday Interview.
2. Execute: Expense Submit -> Approval -> Accounting -> Reimbursement.
3. Perform validation and confirm downstream impact.","Expense Submit -> Approval -> Accounting -> Reimbursement completes successfully with approvals, validations, and audit trail",High,Data Migration,"{""worker"": ""Jane Doe"", ""company"": ""Global Demo"", ""region"": ""US""}"
WD-REC-00620,Workday,RECRUITING,Interview,Public Sector,Supplier Invoice -> Matching -> Approval -> Payment,Security,Update Public Sector Workday Interview,Workday access is provisioned and Public Sector test data exists,"1. Open Workday Interview.
2. Execute: Supplier Invoice -> Matching -> Approval -> Payment.
3. Perform validation and confirm downstream impact.","Supplier Invoice -> Matching -> Approval -> Payment completes successfully with approvals, validations, and audit trail",High,Functional,"{""worker"": ""Jane Doe"", ""company"": ""Global Demo"", ""region"": ""US""}"
WD-REC-00621,Workday,RECRUITING,Interview,Public Sector,Integration Load -> Validate -> Error Handling -> Reprocess,Regression,Edit Public Sector Workday Interview,Workday access is provisioned and Public Sector test data exists,"1. Open Workday Interview.
2. Execute: Integration Load -> Validate -> Error Handling -> Reprocess.
3. Perform validation and confirm downstream impact.","Integration Load -> Validate -> Error Handling -> Reprocess completes successfully with approvals, validations, and audit trail",High,UI,"{""worker"": ""Jane Doe"", ""company"": ""Global Demo"", ""region"": ""US""}"
WD-REC-00622,Workday,RECRUITING,Interview,Public Sector,Recruiting -> Hire -> Onboard -> Time -> Payroll,Performance,Validate Public Sector Workday Interview,Workday access is provisioned and Public Sector test data exists,"1. Open Workday Interview.
2. Execute: Recruiting -> Hire -> Onboard -> Time -> Payroll.
3. Perform validation and confirm downstream impact.","Recruiting -> Hire -> Onboard -> Time -> Payroll completes successfully with approvals, validations, and audit trail",Low,Accessibility,"{""worker"": ""Jane Doe"", ""company"": ""Global Demo"", ""region"": ""US""}"
WD-REC-00623,Workday,RECRUITING,Interview,Public Sector,Budget -> Expense -> Journal -> Dashboard,Performance,Validate Public Sector Workday Interview,Workday access is provisioned and Public Sector test data exists,"1. Open Workday Interview.
2. Execute: Budget -> Expense -> Journal -> Dashboard.
3. Perform validation and confirm downstream impact.","Budget -> Expense -> Journal -> Dashboard completes successfully with approvals, validations, and audit trail",Low,Regression,"{""worker"": ""Jane Doe"", ""company"": ""Global Demo"", ""region"": ""US""}"
WD-REC-00624,Workday,RECRUITING,Interview,Hospitality,Requisition -> Offer -> Hire -> Onboard -> Payroll,Data Migration,Update Hospitality Workday Interview,Workday access is provisioned and Hospitality test data exists,"1. Open Workday Interview.
2. Execute: Requisition -> Offer -> Hire -> Onboard -> Payroll.
3. Perform validation and confirm downstream impact.","Requisition -> Offer -> Hire -> Onboard -> Payroll completes successfully with approvals, validations, and audit trail",High,Performance,"{""worker"": ""Jane Doe"", ""company"": ""Global Demo"", ""region"": ""US""}"
WD-REC-00625,Workday,RECRUITING,Interview,Hospitality,Employee Life Event -> Benefits -> Payroll -> Reporting,Mobile,Validate Hospitality Workday Interview,Workday access is provisioned and Hospitality test data exists,"1. Open Workday Interview.
2. Execute: Employee Life Event -> Benefits -> Payroll -> Reporting.
3. Perform validation and confirm downstream impact.","Employee Life Event -> Benefits -> Payroll -> Reporting completes successfully with approvals, validations, and audit trail",Medium,Integration,"{""worker"": ""Jane Doe"", ""company"": ""Global Demo"", ""region"": ""US""}"
WD-REC-00626,Workday,RECRUITING,Interview,Hospitality,Expense Submit -> Approval -> Accounting -> Reimbursement,Mobile,Review Hospitality Workday Interview,Workday access is provisioned and Hospitality test data exists,"1. Open Workday Interview.
2. Execute: Expense Submit -> Approval -> Accounting -> Reimbursement.
3. Perform validation and confirm downstream impact.","Expense Submit -> Approval -> Accounting -> Reimbursement completes successfully with approvals, validations, and audit trail",Medium,Functional,"{""worker"": ""Jane Doe"", ""company"": ""Global Demo"", ""region"": ""US""}"
WD-REC-00627,Workday,RECRUITING,Interview,Hospitality,Supplier Invoice -> Matching -> Approval -> Payment,Regression,Approve Hospitality Workday Interview,Workday access is provisioned and Hospitality test data exists,"1. Open Workday Interview.
2. Execute: Supplier Invoice -> Matching -> Approval -> Payment.
3. Perform validation and confirm downstream impact.","Supplier Invoice -> Matching -> Approval -> Payment completes successfully with approvals, validations, and audit trail",Medium,Accessibility,"{""worker"": ""Jane Doe"", ""company"": ""Global Demo"", ""region"": ""US""}"
WD-REC-00628,Workday,RECRUITING,Interview,Hospitality,Integration Load -> Validate -> Error Handling -> Reprocess,Mobile,Reject Hospitality Workday Interview,Workday access is provisioned and Hospitality test data exists,"1. Open Workday Interview.
2. Execute: Integration Load -> Validate -> Error Handling -> Reprocess.
3. Perform validation and confirm downstream impact.","Integration Load -> Validate -> Error Handling -> Reprocess completes successfully with approvals, validations, and audit trail",Medium,Integration,"{""worker"": ""Jane Doe"", ""company"": ""Global Demo"", ""region"": ""US""}"
WD-REC-00629,Workday,RECRUITING,Interview,Hospitality,Recruiting -> Hire -> Onboard -> Time -> Payroll,Functional,Review Hospitality Workday Interview,Workday access is provisioned and Hospitality test data exists,"1. Open Workday Interview.
2. Execute: Recruiting -> Hire -> Onboard -> Time -> Payroll.
3. Perform validation and confirm downstream impact.","Recruiting -> Hire -> Onboard -> Time -> Payroll completes successfully with approvals, validations, and audit trail",High,Workflow,"{""worker"": ""Jane Doe"", ""company"": ""Global Demo"", ""region"": ""US""}"
WD-REC-00630,Workday,RECRUITING,Interview,Hospitality,Budget -> Expense -> Journal -> Dashboard,Functional,Import Hospitality Workday Interview,Workday access is provisioned and Hospitality test data exists,"1. Open Workday Interview.
2. Execute: Budget -> Expense -> Journal -> Dashboard.
3. Perform validation and confirm downstream impact.","Budget -> Expense -> Journal -> Dashboard completes successfully with approvals, validations, and audit trail",Medium,Security,"{""worker"": ""Jane Doe"", ""company"": ""Global Demo"", ""region"": ""US""}"
WD-REC-00631,Workday,RECRUITING,Offer,Corporate,Requisition -> Offer -> Hire -> Onboard -> Payroll,Functional,Route Corporate Workday Offer,Workday access is provisioned and Corporate test data exists,"1. Open Workday Offer.
2. Execute: Requisition -> Offer -> Hire -> Onboard -> Payroll.
3. Perform validation and confirm downstream impact.","Requisition -> Offer -> Hire -> Onboard -> Payroll completes successfully with approvals, validations, and audit trail",Medium,Security,"{""worker"": ""Jane Doe"", ""company"": ""Global Demo"", ""region"": ""US""}"
WD-REC-00632,Workday,RECRUITING,Offer,Corporate,Employee Life Event -> Benefits -> Payroll -> Reporting,Regression,Review Corporate Workday Offer,Workday access is provisioned and Corporate test data exists,"1. Open Workday Offer.
2. Execute: Employee Life Event -> Benefits -> Payroll -> Reporting.
3. Perform validation and confirm downstream impact.","Employee Life Event -> Benefits -> Payroll -> Reporting completes successfully with approvals, validations, and audit trail",High,Performance,"{""worker"": ""Jane Doe"", ""company"": ""Global Demo"", ""region"": ""US""}"
WD-REC-00633,Workday,RECRUITING,Offer,Corporate,Expense Submit -> Approval -> Accounting -> Reimbursement,Regression,Export Corporate Workday Offer,Workday access is provisioned and Corporate test data exists,"1. Open Workday Offer.
2. Execute: Expense Submit -> Approval -> Accounting -> Reimbursement.
3. Perform validation and confirm downstream impact.","Expense Submit -> Approval -> Accounting -> Reimbursement completes successfully with approvals, validations, and audit trail",Low,Accessibility,"{""worker"": ""Jane Doe"", ""company"": ""Global Demo"", ""region"": ""US""}"
WD-REC-00634,Workday,RECRUITING,Offer,Corporate,Supplier Invoice -> Matching -> Approval -> Payment,Integration,Validate Corporate Workday Offer,Workday access is provisioned and Corporate test data exists,"1. Open Workday Offer.
2. Execute: Supplier Invoice -> Matching -> Approval -> Payment.
3. Perform validation and confirm downstream impact.","Supplier Invoice -> Matching -> Approval -> Payment completes successfully with approvals, validations, and audit trail",Low,Accessibility,"{""worker"": ""Jane Doe"", ""company"": ""Global Demo"", ""region"": ""US""}"
WD-REC-00635,Workday,RECRUITING,Offer,Corporate,Integration Load -> Validate -> Error Handling -> Reprocess,UI,Submit Corporate Workday Offer,Workday access is provisioned and Corporate test data exists,"1. Open Workday Offer.
2. Execute: Integration Load -> Validate -> Error Handling -> Reprocess.
3. Perform validation and confirm downstream impact.","Integration Load -> Validate -> Error Handling -> Reprocess completes successfully with approvals, validations, and audit trail",Low,Regression,"{""worker"": ""Jane Doe"", ""company"": ""Global Demo"", ""region"": ""US""}"
WD-REC-00636,Workday,RECRUITING,Offer,Corporate,Recruiting -> Hire -> Onboard -> Time -> Payroll,Security,Route Corporate Workday Offer,Workday access is provisioned and Corporate test data exists,"1. Open Workday Offer.
2. Execute: Recruiting -> Hire -> Onboard -> Time -> Payroll.
3. Perform validation and confirm downstream impact.","Recruiting -> Hire -> Onboard -> Time -> Payroll completes successfully with approvals, validations, and audit trail",Low,Performance,"{""worker"": ""Jane Doe"", ""company"": ""Global Demo"", ""region"": ""US""}"
WD-REC-00637,Workday,RECRUITING,Offer,Corporate,Budget -> Expense -> Journal -> Dashboard,UI,Sync Corporate Workday Offer,Workday access is provisioned and Corporate test data exists,"1. Open Workday Offer.
2. Execute: Budget -> Expense -> Journal -> Dashboard.
3. Perform validation and confirm downstream impact.","Budget -> Expense -> Journal -> Dashboard completes successfully with approvals, validations, and audit trail",High,Workflow,"{""worker"": ""Jane Doe"", ""company"": ""Global Demo"", ""region"": ""US""}"
WD-REC-00638,Workday,RECRUITING,Offer,Retail,Requisition -> Offer -> Hire -> Onboard -> Payroll,Functional,Route Retail Workday Offer,Workday access is provisioned and Retail test data exists,"1. Open Workday Offer.
2. Execute: Requisition -> Offer -> Hire -> Onboard -> Payroll.
3. Perform validation and confirm downstream impact.","Requisition -> Offer -> Hire -> Onboard -> Payroll completes successfully with approvals, validations, and audit trail",High,Accessibility,"{""worker"": ""Jane Doe"", ""company"": ""Global Demo"", ""region"": ""US""}"
WD-REC-00639,Workday,RECRUITING,Offer,Retail,Employee Life Event -> Benefits -> Payroll -> Reporting,Functional,Validate Retail Workday Offer,Workday access is provisioned and Retail test data exists,"1. Open Workday Offer.
2. Execute: Employee Life Event -> Benefits -> Payroll -> Reporting.
3. Perform validation and confirm downstream impact.","Employee Life Event -> Benefits -> Payroll -> Reporting completes successfully with approvals, validations, and audit trail",Low,Regression,"{""worker"": ""Jane Doe"", ""company"": ""Global Demo"", ""region"": ""US""}"
WD-REC-00640,Workday,RECRUITING,Offer,Retail,Expense Submit -> Approval -> Accounting -> Reimbursement,Data Migration,Close Retail Workday Offer,Workday access is provisioned and Retail test data exists,"1. Open Workday Offer.
2. Execute: Expense Submit -> Approval -> Accounting -> Reimbursement.
3. Perform validation and confirm downstream impact.","Expense Submit -> Approval -> Accounting -> Reimbursement completes successfully with approvals, validations, and audit trail",High,Performance,"{""worker"": ""Jane Doe"", ""company"": ""Global Demo"", ""region"": ""US""}"
WD-REC-00641,Workday,RECRUITING,Offer,Retail,Supplier Invoice -> Matching -> Approval -> Payment,UI,Reject Retail Workday Offer,Workday access is provisioned and Retail test data exists,"1. Open Workday Offer.
2. Execute: Supplier Invoice -> Matching -> Approval -> Payment.
3. Perform validation and confirm downstream impact.","Supplier Invoice -> Matching -> Approval -> Payment completes successfully with approvals, validations, and audit trail",Medium,Security,"{""worker"": ""Jane Doe"", ""company"": ""Global Demo"", ""region"": ""US""}"
WD-REC-00642,Workday,RECRUITING,Offer,Retail,Integration Load -> Validate -> Error Handling -> Reprocess,Data Migration,Update Retail Workday Offer,Workday access is provisioned and Retail test data exists,"1. Open Workday Offer.
2. Execute: Integration Load -> Validate -> Error Handling -> Reprocess.
3. Perform validation and confirm downstream impact.","Integration Load -> Validate -> Error Handling -> Reprocess completes successfully with approvals, validations, and audit trail",Low,Regression,"{""worker"": ""Jane Doe"", ""company"": ""Global Demo"", ""region"": ""US""}"
WD-REC-00643,Workday,RECRUITING,Offer,Retail,Recruiting -> Hire -> Onboard -> Time -> Payroll,Regression,Reject Retail Workday Offer,Workday access is provisioned and Retail test data exists,"1. Open Workday Offer.
2. Execute: Recruiting -> Hire -> Onboard -> Time -> Payroll.
3. Perform validation and confirm downstream impact.","Recruiting -> Hire -> Onboard -> Time -> Payroll completes successfully with approvals, validations, and audit trail",High,UI,"{""worker"": ""Jane Doe"", ""company"": ""Global Demo"", ""region"": ""US""}"
WD-REC-00644,Workday,RECRUITING,Offer,Retail,Budget -> Expense -> Journal -> Dashboard,Workflow,Review Retail Workday Offer,Workday access is provisioned and Retail test data exists,"1. Open Workday Offer.
2. Execute: Budget -> Expense -> Journal -> Dashboard.
3. Perform validation and confirm downstream impact.","Budget -> Expense -> Journal -> Dashboard completes successfully with approvals, validations, and audit trail",High,Integration,"{""worker"": ""Jane Doe"", ""company"": ""Global Demo"", ""region"": ""US""}"
WD-REC-00645,Workday,RECRUITING,Offer,Healthcare,Requisition -> Offer -> Hire -> Onboard -> Payroll,Integration,Create Healthcare Workday Offer,Workday access is provisioned and Healthcare test data exists,"1. Open Workday Offer.
2. Execute: Requisition -> Offer -> Hire -> Onboard -> Payroll.
3. Perform validation and confirm downstream impact.","Requisition -> Offer -> Hire -> Onboard -> Payroll completes successfully with approvals, validations, and audit trail",High,Performance,"{""worker"": ""Jane Doe"", ""company"": ""Global Demo"", ""region"": ""US""}"
WD-REC-00646,Workday,RECRUITING,Offer,Healthcare,Employee Life Event -> Benefits -> Payroll -> Reporting,Mobile,Route Healthcare Workday Offer,Workday access is provisioned and Healthcare test data exists,"1. Open Workday Offer.
2. Execute: Employee Life Event -> Benefits -> Payroll -> Reporting.
3. Perform validation and confirm downstream impact.","Employee Life Event -> Benefits -> Payroll -> Reporting completes successfully with approvals, validations, and audit trail",High,Accessibility,"{""worker"": ""Jane Doe"", ""company"": ""Global Demo"", ""region"": ""US""}"
WD-REC-00647,Workday,RECRUITING,Offer,Healthcare,Expense Submit -> Approval -> Accounting -> Reimbursement,Performance,Update Healthcare Workday Offer,Workday access is provisioned and Healthcare test data exists,"1. Open Workday Offer.
2. Execute: Expense Submit -> Approval -> Accounting -> Reimbursement.
3. Perform validation and confirm downstream impact.","Expense Submit -> Approval -> Accounting -> Reimbursement completes successfully with approvals, validations, and audit trail",Medium,Functional,"{""worker"": ""Jane Doe"", ""company"": ""Global Demo"", ""region"": ""US""}"
WD-REC-00648,Workday,RECRUITING,Offer,Healthcare,Supplier Invoice -> Matching -> Approval -> Payment,Security,Approve Healthcare Workday Offer,Workday access is provisioned and Healthcare test data exists,"1. Open Workday Offer.
2. Execute: Supplier Invoice -> Matching -> Approval -> Payment.
3. Perform validation and confirm downstream impact.","Supplier Invoice -> Matching -> Approval -> Payment completes successfully with approvals, validations, and audit trail",High,Performance,"{""worker"": ""Jane Doe"", ""company"": ""Global Demo"", ""region"": ""US""}"
WD-REC-00649,Workday,RECRUITING,Offer,Healthcare,Integration Load -> Validate -> Error Handling -> Reprocess,UI,Reject Healthcare Workday Offer,Workday access is provisioned and Healthcare test data exists,"1. Open Workday Offer.
2. Execute: Integration Load -> Validate -> Error Handling -> Reprocess.
3. Perform validation and confirm downstream impact.","Integration Load -> Validate -> Error Handling -> Reprocess completes successfully with approvals, validations, and audit trail",Medium,Functional,"{""worker"": ""Jane Doe"", ""company"": ""Global Demo"", ""region"": ""US""}"
WD-REC-00650,Workday,RECRUITING,Offer,Healthcare,Recruiting -> Hire -> Onboard -> Time -> Payroll,Accessibility,Reject Healthcare Workday Offer,Workday access is provisioned and Healthcare test data exists,"1. Open Workday Offer.
2. Execute: Recruiting -> Hire -> Onboard -> Time -> Payroll.
3. Perform validation and confirm downstream impact.","Recruiting -> Hire -> Onboard -> Time -> Payroll completes successfully with approvals, validations, and audit trail",Medium,Integration,"{""worker"": ""Jane Doe"", ""company"": ""Global Demo"", ""region"": ""US""}"
WD-REC-00651,Workday,RECRUITING,Offer,Healthcare,Budget -> Expense -> Journal -> Dashboard,Data Migration,Sync Healthcare Workday Offer,Workday access is provisioned and Healthcare test data exists,"1. Open Workday Offer.
2. Execute: Budget -> Expense -> Journal -> Dashboard.
3. Perform validation and confirm downstream impact.","Budget -> Expense -> Journal -> Dashboard completes successfully with approvals, validations, and audit trail",Medium,UI,"{""worker"": ""Jane Doe"", ""company"": ""Global Demo"", ""region"": ""US""}"
WD-REC-00652,Workday,RECRUITING,Offer,Manufacturing,Requisition -> Offer -> Hire -> Onboard -> Payroll,Accessibility,Submit Manufacturing Workday Offer,Workday access is provisioned and Manufacturing test data exists,"1. Open Workday Offer.
2. Execute: Requisition -> Offer -> Hire -> Onboard -> Payroll.
3. Perform validation and confirm downstream impact.","Requisition -> Offer -> Hire -> Onboard -> Payroll completes successfully with approvals, validations, and audit trail",Medium,Security,"{""worker"": ""Jane Doe"", ""company"": ""Global Demo"", ""region"": ""US""}"
WD-REC-00653,Workday,RECRUITING,Offer,Manufacturing,Employee Life Event -> Benefits -> Payroll -> Reporting,Mobile,Route Manufacturing Workday Offer,Workday access is provisioned and Manufacturing test data exists,"1. Open Workday Offer.
2. Execute: Employee Life Event -> Benefits -> Payroll -> Reporting.
3. Perform validation and confirm downstream impact.","Employee Life Event -> Benefits -> Payroll -> Reporting completes successfully with approvals, validations, and audit trail",High,Functional,"{""worker"": ""Jane Doe"", ""company"": ""Global Demo"", ""region"": ""US""}"
WD-REC-00654,Workday,RECRUITING,Offer,Manufacturing,Expense Submit -> Approval -> Accounting -> Reimbursement,Mobile,Validate Manufacturing Workday Offer,Workday access is provisioned and Manufacturing test data exists,"1. Open Workday Offer.
2. Execute: Expense Submit -> Approval -> Accounting -> Reimbursement.
3. Perform validation and confirm downstream impact.","Expense Submit -> Approval -> Accounting -> Reimbursement completes successfully with approvals, validations, and audit trail",High,Workflow,"{""worker"": ""Jane Doe"", ""company"": ""Global Demo"", ""region"": ""US""}"
WD-REC-00655,Workday,RECRUITING,Offer,Manufacturing,Supplier Invoice -> Matching -> Approval -> Payment,Mobile,Import Manufacturing Workday Offer,Workday access is provisioned and Manufacturing test data exists,"1. Open Workday Offer.
2. Execute: Supplier Invoice -> Matching -> Approval -> Payment.
3. Perform validation and confirm downstream impact.","Supplier Invoice -> Matching -> Approval -> Payment completes successfully with approvals, validations, and audit trail",Low,UI,"{""worker"": ""Jane Doe"", ""company"": ""Global Demo"", ""region"": ""US""}"
WD-REC-00656,Workday,RECRUITING,Offer,Manufacturing,Integration Load -> Validate -> Error Handling -> Reprocess,Workflow,Submit Manufacturing Workday Offer,Workday access is provisioned and Manufacturing test data exists,"1. Open Workday Offer.
2. Execute: Integration Load -> Validate -> Error Handling -> Reprocess.
3. Perform validation and confirm downstream impact.","Integration Load -> Validate -> Error Handling -> Reprocess completes successfully with approvals, validations, and audit trail",Low,UI,"{""worker"": ""Jane Doe"", ""company"": ""Global Demo"", ""region"": ""US""}"
WD-REC-00657,Workday,RECRUITING,Offer,Manufacturing,Recruiting -> Hire -> Onboard -> Time -> Payroll,Performance,Update Manufacturing Workday Offer,Workday access is provisioned and Manufacturing test data exists,"1. Open Workday Offer.
2. Execute: Recruiting -> Hire -> Onboard -> Time -> Payroll.
3. Perform validation and confirm downstream impact.","Recruiting -> Hire -> Onboard -> Time -> Payroll completes successfully with approvals, validations, and audit trail",Low,Regression,"{""worker"": ""Jane Doe"", ""company"": ""Global Demo"", ""region"": ""US""}"
WD-REC-00658,Workday,RECRUITING,Offer,Manufacturing,Budget -> Expense -> Journal -> Dashboard,UI,Import Manufacturing Workday Offer,Workday access is provisioned and Manufacturing test data exists,"1. Open Workday Offer.
2. Execute: Budget -> Expense -> Journal -> Dashboard.
3. Perform validation and confirm downstream impact.","Budget -> Expense -> Journal -> Dashboard completes successfully with approvals, validations, and audit trail",High,Data Migration,"{""worker"": ""Jane Doe"", ""company"": ""Global Demo"", ""region"": ""US""}"
WD-REC-00659,Workday,RECRUITING,Offer,Education,Requisition -> Offer -> Hire -> Onboard -> Payroll,Workflow,Import Education Workday Offer,Workday access is provisioned and Education test data exists,"1. Open Workday Offer.
2. Execute: Requisition -> Offer -> Hire -> Onboard -> Payroll.
3. Perform validation and confirm downstream impact.","Requisition -> Offer -> Hire -> Onboard -> Payroll completes successfully with approvals, validations, and audit trail",High,Integration,"{""worker"": ""Jane Doe"", ""company"": ""Global Demo"", ""region"": ""US""}"
WD-REC-00660,Workday,RECRUITING,Offer,Education,Employee Life Event -> Benefits -> Payroll -> Reporting,Accessibility,Approve Education Workday Offer,Workday access is provisioned and Education test data exists,"1. Open Workday Offer.
2. Execute: Employee Life Event -> Benefits -> Payroll -> Reporting.
3. Perform validation and confirm downstream impact.","Employee Life Event -> Benefits -> Payroll -> Reporting completes successfully with approvals, validations, and audit trail",Low,Performance,"{""worker"": ""Jane Doe"", ""company"": ""Global Demo"", ""region"": ""US""}"
WD-REC-00661,Workday,RECRUITING,Offer,Education,Expense Submit -> Approval -> Accounting -> Reimbursement,Security,Review Education Workday Offer,Workday access is provisioned and Education test data exists,"1. Open Workday Offer.
2. Execute: Expense Submit -> Approval -> Accounting -> Reimbursement.
3. Perform validation and confirm downstream impact.","Expense Submit -> Approval -> Accounting -> Reimbursement completes successfully with approvals, validations, and audit trail",Medium,Accessibility,"{""worker"": ""Jane Doe"", ""company"": ""Global Demo"", ""region"": ""US""}"
WD-REC-00662,Workday,RECRUITING,Offer,Education,Supplier Invoice -> Matching -> Approval -> Payment,Performance,Update Education Workday Offer,Workday access is provisioned and Education test data exists,"1. Open Workday Offer.
2. Execute: Supplier Invoice -> Matching -> Approval -> Payment.
3. Perform validation and confirm downstream impact.","Supplier Invoice -> Matching -> Approval -> Payment completes successfully with approvals, validations, and audit trail",Medium,Regression,"{""worker"": ""Jane Doe"", ""company"": ""Global Demo"", ""region"": ""US""}"
WD-REC-00663,Workday,RECRUITING,Offer,Education,Integration Load -> Validate -> Error Handling -> Reprocess,UI,Create Education Workday Offer,Workday access is provisioned and Education test data exists,"1. Open Workday Offer.
2. Execute: Integration Load -> Validate -> Error Handling -> Reprocess.
3. Perform validation and confirm downstream impact.","Integration Load -> Validate -> Error Handling -> Reprocess completes successfully with approvals, validations, and audit trail",Medium,UI,"{""worker"": ""Jane Doe"", ""company"": ""Global Demo"", ""region"": ""US""}"
WD-REC-00664,Workday,RECRUITING,Offer,Education,Recruiting -> Hire -> Onboard -> Time -> Payroll,Functional,Sync Education Workday Offer,Workday access is provisioned and Education test data exists,"1. Open Workday Offer.
2. Execute: Recruiting -> Hire -> Onboard -> Time -> Payroll.
3. Perform validation and confirm downstream impact.","Recruiting -> Hire -> Onboard -> Time -> Payroll completes successfully with approvals, validations, and audit trail",Low,Mobile,"{""worker"": ""Jane Doe"", ""company"": ""Global Demo"", ""region"": ""US""}"
WD-REC-00665,Workday,RECRUITING,Offer,Education,Budget -> Expense -> Journal -> Dashboard,Integration,Route Education Workday Offer,Workday access is provisioned and Education test data exists,"1. Open Workday Offer.
2. Execute: Budget -> Expense -> Journal -> Dashboard.
3. Perform validation and confirm downstream impact.","Budget -> Expense -> Journal -> Dashboard completes successfully with approvals, validations, and audit trail",High,Functional,"{""worker"": ""Jane Doe"", ""company"": ""Global Demo"", ""region"": ""US""}"
WD-REC-00666,Workday,RECRUITING,Offer,Nonprofit,Requisition -> Offer -> Hire -> Onboard -> Payroll,Accessibility,Sync Nonprofit Workday Offer,Workday access is provisioned and Nonprofit test data exists,"1. Open Workday Offer.
2. Execute: Requisition -> Offer -> Hire -> Onboard -> Payroll.
3. Perform validation and confirm downstream impact.","Requisition -> Offer -> Hire -> Onboard -> Payroll completes successfully with approvals, validations, and audit trail",Low,Security,"{""worker"": ""Jane Doe"", ""company"": ""Global Demo"", ""region"": ""US""}"
WD-REC-00667,Workday,RECRUITING,Offer,Nonprofit,Employee Life Event -> Benefits -> Payroll -> Reporting,Integration,Sync Nonprofit Workday Offer,Workday access is provisioned and Nonprofit test data exists,"1. Open Workday Offer.
2. Execute: Employee Life Event -> Benefits -> Payroll -> Reporting.
3. Perform validation and confirm downstream impact.","Employee Life Event -> Benefits -> Payroll -> Reporting completes successfully with approvals, validations, and audit trail",High,Workflow,"{""worker"": ""Jane Doe"", ""company"": ""Global Demo"", ""region"": ""US""}"
WD-REC-00668,Workday,RECRUITING,Offer,Nonprofit,Expense Submit -> Approval -> Accounting -> Reimbursement,UI,Edit Nonprofit Workday Offer,Workday access is provisioned and Nonprofit test data exists,"1. Open Workday Offer.
2. Execute: Expense Submit -> Approval -> Accounting -> Reimbursement.
3. Perform validation and confirm downstream impact.","Expense Submit -> Approval -> Accounting -> Reimbursement completes successfully with approvals, validations, and audit trail",High,Accessibility,"{""worker"": ""Jane Doe"", ""company"": ""Global Demo"", ""region"": ""US""}"
WD-REC-00669,Workday,RECRUITING,Offer,Nonprofit,Supplier Invoice -> Matching -> Approval -> Payment,Regression,Reject Nonprofit Workday Offer,Workday access is provisioned and Nonprofit test data exists,"1. Open Workday Offer.
2. Execute: Supplier Invoice -> Matching -> Approval -> Payment.
3. Perform validation and confirm downstream impact.","Supplier Invoice -> Matching -> Approval -> Payment completes successfully with approvals, validations, and audit trail",Medium,Performance,"{""worker"": ""Jane Doe"", ""company"": ""Global Demo"", ""region"": ""US""}"
WD-REC-00670,Workday,RECRUITING,Offer,Nonprofit,Integration Load -> Validate -> Error Handling -> Reprocess,Mobile,Export Nonprofit Workday Offer,Workday access is provisioned and Nonprofit test data exists,"1. Open Workday Offer.
2. Execute: Integration Load -> Validate -> Error Handling -> Reprocess.
3. Perform validation and confirm downstream impact.","Integration Load -> Validate -> Error Handling -> Reprocess completes successfully with approvals, validations, and audit trail",Low,Accessibility,"{""worker"": ""Jane Doe"", ""company"": ""Global Demo"", ""region"": ""US""}"
WD-REC-00671,Workday,RECRUITING,Offer,Nonprofit,Recruiting -> Hire -> Onboard -> Time -> Payroll,Performance,Reject Nonprofit Workday Offer,Workday access is provisioned and Nonprofit test data exists,"1. Open Workday Offer.
2. Execute: Recruiting -> Hire -> Onboard -> Time -> Payroll.
3. Perform validation and confirm downstream impact.","Recruiting -> Hire -> Onboard -> Time -> Payroll completes successfully with approvals, validations, and audit trail",Medium,Workflow,"{""worker"": ""Jane Doe"", ""company"": ""Global Demo"", ""region"": ""US""}"
WD-REC-00672,Workday,RECRUITING,Offer,Nonprofit,Budget -> Expense -> Journal -> Dashboard,Workflow,Submit Nonprofit Workday Offer,Workday access is provisioned and Nonprofit test data exists,"1. Open Workday Offer.
2. Execute: Budget -> Expense -> Journal -> Dashboard.
3. Perform validation and confirm downstream impact.","Budget -> Expense -> Journal -> Dashboard completes successfully with approvals, validations, and audit trail",Medium,Workflow,"{""worker"": ""Jane Doe"", ""company"": ""Global Demo"", ""region"": ""US""}"
WD-REC-00673,Workday,RECRUITING,Offer,Financial Services,Requisition -> Offer -> Hire -> Onboard -> Payroll,Functional,Validate Financial Services Workday Offer,Workday access is provisioned and Financial Services test data exists,"1. Open Workday Offer.
2. Execute: Requisition -> Offer -> Hire -> Onboard -> Payroll.
3. Perform validation and confirm downstream impact.","Requisition -> Offer -> Hire -> Onboard -> Payroll completes successfully with approvals, validations, and audit trail",High,Security,"{""worker"": ""Jane Doe"", ""company"": ""Global Demo"", ""region"": ""US""}"
WD-REC-00674,Workday,RECRUITING,Offer,Financial Services,Employee Life Event -> Benefits -> Payroll -> Reporting,Integration,Edit Financial Services Workday Offer,Workday access is provisioned and Financial Services test data exists,"1. Open Workday Offer.
2. Execute: Employee Life Event -> Benefits -> Payroll -> Reporting.
3. Perform validation and confirm downstream impact.","Employee Life Event -> Benefits -> Payroll -> Reporting completes successfully with approvals, validations, and audit trail",Low,Workflow,"{""worker"": ""Jane Doe"", ""company"": ""Global Demo"", ""region"": ""US""}"
WD-REC-00675,Workday,RECRUITING,Offer,Financial Services,Expense Submit -> Approval -> Accounting -> Reimbursement,Mobile,Submit Financial Services Workday Offer,Workday access is provisioned and Financial Services test data exists,"1. Open Workday Offer.
2. Execute: Expense Submit -> Approval -> Accounting -> Reimbursement.
3. Perform validation and confirm downstream impact.","Expense Submit -> Approval -> Accounting -> Reimbursement completes successfully with approvals, validations, and audit trail",High,Regression,"{""worker"": ""Jane Doe"", ""company"": ""Global Demo"", ""region"": ""US""}"
WD-REC-00676,Workday,RECRUITING,Offer,Financial Services,Supplier Invoice -> Matching -> Approval -> Payment,Performance,Route Financial Services Workday Offer,Workday access is provisioned and Financial Services test data exists,"1. Open Workday Offer.
2. Execute: Supplier Invoice -> Matching -> Approval -> Payment.
3. Perform validation and confirm downstream impact.","Supplier Invoice -> Matching -> Approval -> Payment completes successfully with approvals, validations, and audit trail",High,UI,"{""worker"": ""Jane Doe"", ""company"": ""Global Demo"", ""region"": ""US""}"
WD-REC-00677,Workday,RECRUITING,Offer,Financial Services,Integration Load -> Validate -> Error Handling -> Reprocess,Data Migration,Edit Financial Services Workday Offer,Workday access is provisioned and Financial Services test data exists,"1. Open Workday Offer.
2. Execute: Integration Load -> Validate -> Error Handling -> Reprocess.
3. Perform validation and confirm downstream impact.","Integration Load -> Validate -> Error Handling -> Reprocess completes successfully with approvals, validations, and audit trail",Low,UI,"{""worker"": ""Jane Doe"", ""company"": ""Global Demo"", ""region"": ""US""}"
WD-REC-00678,Workday,RECRUITING,Offer,Financial Services,Recruiting -> Hire -> Onboard -> Time -> Payroll,Regression,Reject Financial Services Workday Offer,Workday access is provisioned and Financial Services test data exists,"1. Open Workday Offer.
2. Execute: Recruiting -> Hire -> Onboard -> Time -> Payroll.
3. Perform validation and confirm downstream impact.","Recruiting -> Hire -> Onboard -> Time -> Payroll completes successfully with approvals, validations, and audit trail",Medium,Mobile,"{""worker"": ""Jane Doe"", ""company"": ""Global Demo"", ""region"": ""US""}"
WD-REC-00679,Workday,RECRUITING,Offer,Financial Services,Budget -> Expense -> Journal -> Dashboard,Functional,Create Financial Services Workday Offer,Workday access is provisioned and Financial Services test data exists,"1. Open Workday Offer.
2. Execute: Budget -> Expense -> Journal -> Dashboard.
3. Perform validation and confirm downstream impact.","Budget -> Expense -> Journal -> Dashboard completes successfully with approvals, validations, and audit trail",High,Data Migration,"{""worker"": ""Jane Doe"", ""company"": ""Global Demo"", ""region"": ""US""}"
WD-REC-00680,Workday,RECRUITING,Offer,Technology,Requisition -> Offer -> Hire -> Onboard -> Payroll,Performance,Import Technology Workday Offer,Workday access is provisioned and Technology test data exists,"1. Open Workday Offer.
2. Execute: Requisition -> Offer -> Hire -> Onboard -> Payroll.
3. Perform validation and confirm downstream impact.","Requisition -> Offer -> Hire -> Onboard -> Payroll completes successfully with approvals, validations, and audit trail",Medium,Functional,"{""worker"": ""Jane Doe"", ""company"": ""Global Demo"", ""region"": ""US""}"
WD-REC-00681,Workday,RECRUITING,Offer,Technology,Employee Life Event -> Benefits -> Payroll -> Reporting,Performance,Review Technology Workday Offer,Workday access is provisioned and Technology test data exists,"1. Open Workday Offer.
2. Execute: Employee Life Event -> Benefits -> Payroll -> Reporting.
3. Perform validation and confirm downstream impact.","Employee Life Event -> Benefits -> Payroll -> Reporting completes successfully with approvals, validations, and audit trail",Medium,Workflow,"{""worker"": ""Jane Doe"", ""company"": ""Global Demo"", ""region"": ""US""}"
WD-REC-00682,Workday,RECRUITING,Offer,Technology,Expense Submit -> Approval -> Accounting -> Reimbursement,Mobile,Export Technology Workday Offer,Workday access is provisioned and Technology test data exists,"1. Open Workday Offer.
2. Execute: Expense Submit -> Approval -> Accounting -> Reimbursement.
3. Perform validation and confirm downstream impact.","Expense Submit -> Approval -> Accounting -> Reimbursement completes successfully with approvals, validations, and audit trail",Medium,Regression,"{""worker"": ""Jane Doe"", ""company"": ""Global Demo"", ""region"": ""US""}"
WD-REC-00683,Workday,RECRUITING,Offer,Technology,Supplier Invoice -> Matching -> Approval -> Payment,Functional,Approve Technology Workday Offer,Workday access is provisioned and Technology test data exists,"1. Open Workday Offer.
2. Execute: Supplier Invoice -> Matching -> Approval -> Payment.
3. Perform validation and confirm downstream impact.","Supplier Invoice -> Matching -> Approval -> Payment completes successfully with approvals, validations, and audit trail",High,Accessibility,"{""worker"": ""Jane Doe"", ""company"": ""Global Demo"", ""region"": ""US""}"
WD-REC-00684,Workday,RECRUITING,Offer,Technology,Integration Load -> Validate -> Error Handling -> Reprocess,Data Migration,Submit Technology Workday Offer,Workday access is provisioned and Technology test data exists,"1. Open Workday Offer.
2. Execute: Integration Load -> Validate -> Error Handling -> Reprocess.
3. Perform validation and confirm downstream impact.","Integration Load -> Validate -> Error Handling -> Reprocess completes successfully with approvals, validations, and audit trail",High,Mobile,"{""worker"": ""Jane Doe"", ""company"": ""Global Demo"", ""region"": ""US""}"
WD-REC-00685,Workday,RECRUITING,Offer,Technology,Recruiting -> Hire -> Onboard -> Time -> Payroll,Integration,Export Technology Workday Offer,Workday access is provisioned and Technology test data exists,"1. Open Workday Offer.
2. Execute: Recruiting -> Hire -> Onboard -> Time -> Payroll.
3. Perform validation and confirm downstream impact.","Recruiting -> Hire -> Onboard -> Time -> Payroll completes successfully with approvals, validations, and audit trail",High,Functional,"{""worker"": ""Jane Doe"", ""company"": ""Global Demo"", ""region"": ""US""}"
WD-REC-00686,Workday,RECRUITING,Offer,Technology,Budget -> Expense -> Journal -> Dashboard,Mobile,Submit Technology Workday Offer,Workday access is provisioned and Technology test data exists,"1. Open Workday Offer.
2. Execute: Budget -> Expense -> Journal -> Dashboard.
3. Perform validation and confirm downstream impact.","Budget -> Expense -> Journal -> Dashboard completes successfully with approvals, validations, and audit trail",High,Workflow,"{""worker"": ""Jane Doe"", ""company"": ""Global Demo"", ""region"": ""US""}"
WD-REC-00687,Workday,RECRUITING,Offer,Public Sector,Requisition -> Offer -> Hire -> Onboard -> Payroll,Workflow,Export Public Sector Workday Offer,Workday access is provisioned and Public Sector test data exists,"1. Open Workday Offer.
2. Execute: Requisition -> Offer -> Hire -> Onboard -> Payroll.
3. Perform validation and confirm downstream impact.","Requisition -> Offer -> Hire -> Onboard -> Payroll completes successfully with approvals, validations, and audit trail",High,Accessibility,"{""worker"": ""Jane Doe"", ""company"": ""Global Demo"", ""region"": ""US""}"
WD-REC-00688,Workday,RECRUITING,Offer,Public Sector,Employee Life Event -> Benefits -> Payroll -> Reporting,Workflow,Reject Public Sector Workday Offer,Workday access is provisioned and Public Sector test data exists,"1. Open Workday Offer.
2. Execute: Employee Life Event -> Benefits -> Payroll -> Reporting.
3. Perform validation and confirm downstream impact.","Employee Life Event -> Benefits -> Payroll -> Reporting completes successfully with approvals, validations, and audit trail",High,Accessibility,"{""worker"": ""Jane Doe"", ""company"": ""Global Demo"", ""region"": ""US""}"
WD-REC-00689,Workday,RECRUITING,Offer,Public Sector,Expense Submit -> Approval -> Accounting -> Reimbursement,Data Migration,Update Public Sector Workday Offer,Workday access is provisioned and Public Sector test data exists,"1. Open Workday Offer.
2. Execute: Expense Submit -> Approval -> Accounting -> Reimbursement.
3. Perform validation and confirm downstream impact.","Expense Submit -> Approval -> Accounting -> Reimbursement completes successfully with approvals, validations, and audit trail",Medium,Data Migration,"{""worker"": ""Jane Doe"", ""company"": ""Global Demo"", ""region"": ""US""}"
WD-REC-00690,Workday,RECRUITING,Offer,Public Sector,Supplier Invoice -> Matching -> Approval -> Payment,Mobile,Edit Public Sector Workday Offer,Workday access is provisioned and Public Sector test data exists,"1. Open Workday Offer.
2. Execute: Supplier Invoice -> Matching -> Approval -> Payment.
3. Perform validation and confirm downstream impact.","Supplier Invoice -> Matching -> Approval -> Payment completes successfully with approvals, validations, and audit trail",Medium,Performance,"{""worker"": ""Jane Doe"", ""company"": ""Global Demo"", ""region"": ""US""}"
WD-REC-00691,Workday,RECRUITING,Offer,Public Sector,Integration Load -> Validate -> Error Handling -> Reprocess,Data Migration,Approve Public Sector Workday Offer,Workday access is provisioned and Public Sector test data exists,"1. Open Workday Offer.
2. Execute: Integration Load -> Validate -> Error Handling -> Reprocess.
3. Perform validation and confirm downstream impact.","Integration Load -> Validate -> Error Handling -> Reprocess completes successfully with approvals, validations, and audit trail",High,Workflow,"{""worker"": ""Jane Doe"", ""company"": ""Global Demo"", ""region"": ""US""}"
WD-REC-00692,Workday,RECRUITING,Offer,Public Sector,Recruiting -> Hire -> Onboard -> Time -> Payroll,Workflow,Edit Public Sector Workday Offer,Workday access is provisioned and Public Sector test data exists,"1. Open Workday Offer.
2. Execute: Recruiting -> Hire -> Onboard -> Time -> Payroll.
3. Perform validation and confirm downstream impact.","Recruiting -> Hire -> Onboard -> Time -> Payroll completes successfully with approvals, validations, and audit trail",High,Regression,"{""worker"": ""Jane Doe"", ""company"": ""Global Demo"", ""region"": ""US""}"
WD-REC-00693,Workday,RECRUITING,Offer,Public Sector,Budget -> Expense -> Journal -> Dashboard,Data Migration,Import Public Sector Workday Offer,Workday access is provisioned and Public Sector test data exists,"1. Open Workday Offer.
2. Execute: Budget -> Expense -> Journal -> Dashboard.
3. Perform validation and confirm downstream impact.","Budget -> Expense -> Journal -> Dashboard completes successfully with approvals, validations, and audit trail",High,Workflow,"{""worker"": ""Jane Doe"", ""company"": ""Global Demo"", ""region"": ""US""}"
WD-REC-00694,Workday,RECRUITING,Offer,Hospitality,Requisition -> Offer -> Hire -> Onboard -> Payroll,Regression,Sync Hospitality Workday Offer,Workday access is provisioned and Hospitality test data exists,"1. Open Workday Offer.
2. Execute: Requisition -> Offer -> Hire -> Onboard -> Payroll.
3. Perform validation and confirm downstream impact.","Requisition -> Offer -> Hire -> Onboard -> Payroll completes successfully with approvals, validations, and audit trail",Medium,Regression,"{""worker"": ""Jane Doe"", ""company"": ""Global Demo"", ""region"": ""US""}"
WD-REC-00695,Workday,RECRUITING,Offer,Hospitality,Employee Life Event -> Benefits -> Payroll -> Reporting,Security,Sync Hospitality Workday Offer,Workday access is provisioned and Hospitality test data exists,"1. Open Workday Offer.
2. Execute: Employee Life Event -> Benefits -> Payroll -> Reporting.
3. Perform validation and confirm downstream impact.","Employee Life Event -> Benefits -> Payroll -> Reporting completes successfully with approvals, validations, and audit trail",Low,Regression,"{""worker"": ""Jane Doe"", ""company"": ""Global Demo"", ""region"": ""US""}"
WD-REC-00696,Workday,RECRUITING,Offer,Hospitality,Expense Submit -> Approval -> Accounting -> Reimbursement,Mobile,Submit Hospitality Workday Offer,Workday access is provisioned and Hospitality test data exists,"1. Open Workday Offer.
2. Execute: Expense Submit -> Approval -> Accounting -> Reimbursement.
3. Perform validation and confirm downstream impact.","Expense Submit -> Approval -> Accounting -> Reimbursement completes successfully with approvals, validations, and audit trail",High,Mobile,"{""worker"": ""Jane Doe"", ""company"": ""Global Demo"", ""region"": ""US""}"
WD-REC-00697,Workday,RECRUITING,Offer,Hospitality,Supplier Invoice -> Matching -> Approval -> Payment,UI,Sync Hospitality Workday Offer,Workday access is provisioned and Hospitality test data exists,"1. Open Workday Offer.
2. Execute: Supplier Invoice -> Matching -> Approval -> Payment.
3. Perform validation and confirm downstream impact.","Supplier Invoice -> Matching -> Approval -> Payment completes successfully with approvals, validations, and audit trail",High,Security,"{""worker"": ""Jane Doe"", ""company"": ""Global Demo"", ""region"": ""US""}"
WD-REC-00698,Workday,RECRUITING,Offer,Hospitality,Integration Load -> Validate -> Error Handling -> Reprocess,Functional,Import Hospitality Workday Offer,Workday access is provisioned and Hospitality test data exists,"1. Open Workday Offer.
2. Execute: Integration Load -> Validate -> Error Handling -> Reprocess.
3. Perform validation and confirm downstream impact.","Integration Load -> Validate -> Error Handling -> Reprocess completes successfully with approvals, validations, and audit trail",Low,Data Migration,"{""worker"": ""Jane Doe"", ""company"": ""Global Demo"", ""region"": ""US""}"
WD-REC-00699,Workday,RECRUITING,Offer,Hospitality,Recruiting -> Hire -> Onboard -> Time -> Payroll,Workflow,Submit Hospitality Workday Offer,Workday access is provisioned and Hospitality test data exists,"1. Open Workday Offer.
2. Execute: Recruiting -> Hire -> Onboard -> Time -> Payroll.
3. Perform validation and confirm downstream impact.","Recruiting -> Hire -> Onboard -> Time -> Payroll completes successfully with approvals, validations, and audit trail",Medium,Security,"{""worker"": ""Jane Doe"", ""company"": ""Global Demo"", ""region"": ""US""}"
WD-REC-00700,Workday,RECRUITING,Offer,Hospitality,Budget -> Expense -> Journal -> Dashboard,Functional,Create Hospitality Workday Offer,Workday access is provisioned and Hospitality test data exists,"1. Open Workday Offer.
2. Execute: Budget -> Expense -> Journal -> Dashboard.
3. Perform validation and confirm downstream impact.","Budget -> Expense -> Journal -> Dashboard completes successfully with approvals, validations, and audit trail",Low,Security,"{""worker"": ""Jane Doe"", ""company"": ""Global Demo"", ""region"": ""US""}"
WD-REC-00701,Workday,RECRUITING,Candidate Pipeline,Corporate,Requisition -> Offer -> Hire -> Onboard -> Payroll,Integration,Approve Corporate Workday Candidate Pipeline,Workday access is provisioned and Corporate test data exists,"1. Open Workday Candidate Pipeline.
2. Execute: Requisition -> Offer -> Hire -> Onboard -> Payroll.
3. Perform validation and confirm downstream impact.","Requisition -> Offer -> Hire -> Onboard -> Payroll completes successfully with approvals, validations, and audit trail",High,Functional,"{""worker"": ""Jane Doe"", ""company"": ""Global Demo"", ""region"": ""US""}"
WD-REC-00702,Workday,RECRUITING,Candidate Pipeline,Corporate,Employee Life Event -> Benefits -> Payroll -> Reporting,Data Migration,Export Corporate Workday Candidate Pipeline,Workday access is provisioned and Corporate test data exists,"1. Open Workday Candidate Pipeline.
2. Execute: Employee Life Event -> Benefits -> Payroll -> Reporting.
3. Perform validation and confirm downstream impact.","Employee Life Event -> Benefits -> Payroll -> Reporting completes successfully with approvals, validations, and audit trail",High,UI,"{""worker"": ""Jane Doe"", ""company"": ""Global Demo"", ""region"": ""US""}"
WD-REC-00703,Workday,RECRUITING,Candidate Pipeline,Corporate,Expense Submit -> Approval -> Accounting -> Reimbursement,UI,Review Corporate Workday Candidate Pipeline,Workday access is provisioned and Corporate test data exists,"1. Open Workday Candidate Pipeline.
2. Execute: Expense Submit -> Approval -> Accounting -> Reimbursement.
3. Perform validation and confirm downstream impact.","Expense Submit -> Approval -> Accounting -> Reimbursement completes successfully with approvals, validations, and audit trail",Low,Integration,"{""worker"": ""Jane Doe"", ""company"": ""Global Demo"", ""region"": ""US""}"
WD-REC-00704,Workday,RECRUITING,Candidate Pipeline,Corporate,Supplier Invoice -> Matching -> Approval -> Payment,Security,Close Corporate Workday Candidate Pipeline,Workday access is provisioned and Corporate test data exists,"1. Open Workday Candidate Pipeline.
2. Execute: Supplier Invoice -> Matching -> Approval -> Payment.
3. Perform validation and confirm downstream impact.","Supplier Invoice -> Matching -> Approval -> Payment completes successfully with approvals, validations, and audit trail",High,Functional,"{""worker"": ""Jane Doe"", ""company"": ""Global Demo"", ""region"": ""US""}"
WD-REC-00705,Workday,RECRUITING,Candidate Pipeline,Corporate,Integration Load -> Validate -> Error Handling -> Reprocess,Performance,Create Corporate Workday Candidate Pipeline,Workday access is provisioned and Corporate test data exists,"1. Open Workday Candidate Pipeline.
2. Execute: Integration Load -> Validate -> Error Handling -> Reprocess.
3. Perform validation and confirm downstream impact.","Integration Load -> Validate -> Error Handling -> Reprocess completes successfully with approvals, validations, and audit trail",Low,UI,"{""worker"": ""Jane Doe"", ""company"": ""Global Demo"", ""region"": ""US""}"
WD-REC-00706,Workday,RECRUITING,Candidate Pipeline,Corporate,Recruiting -> Hire -> Onboard -> Time -> Payroll,Performance,Approve Corporate Workday Candidate Pipeline,Workday access is provisioned and Corporate test data exists,"1. Open Workday Candidate Pipeline.
2. Execute: Recruiting -> Hire -> Onboard -> Time -> Payroll.
3. Perform validation and confirm downstream impact.","Recruiting -> Hire -> Onboard -> Time -> Payroll completes successfully with approvals, validations, and audit trail",Low,Workflow,"{""worker"": ""Jane Doe"", ""company"": ""Global Demo"", ""region"": ""US""}"
WD-REC-00707,Workday,RECRUITING,Candidate Pipeline,Corporate,Budget -> Expense -> Journal -> Dashboard,Security,Approve Corporate Workday Candidate Pipeline,Workday access is provisioned and Corporate test data exists,"1. Open Workday Candidate Pipeline.
2. Execute: Budget -> Expense -> Journal -> Dashboard.
3. Perform validation and confirm downstream impact.","Budget -> Expense -> Journal -> Dashboard completes successfully with approvals, validations, and audit trail",Low,Performance,"{""worker"": ""Jane Doe"", ""company"": ""Global Demo"", ""region"": ""US""}"
WD-REC-00708,Workday,RECRUITING,Candidate Pipeline,Retail,Requisition -> Offer -> Hire -> Onboard -> Payroll,Regression,Import Retail Workday Candidate Pipeline,Workday access is provisioned and Retail test data exists,"1. Open Workday Candidate Pipeline.
2. Execute: Requisition -> Offer -> Hire -> Onboard -> Payroll.
3. Perform validation and confirm downstream impact.","Requisition -> Offer -> Hire -> Onboard -> Payroll completes successfully with approvals, validations, and audit trail",Medium,Functional,"{""worker"": ""Jane Doe"", ""company"": ""Global Demo"", ""region"": ""US""}"
WD-REC-00709,Workday,RECRUITING,Candidate Pipeline,Retail,Employee Life Event -> Benefits -> Payroll -> Reporting,Performance,Close Retail Workday Candidate Pipeline,Workday access is provisioned and Retail test data exists,"1. Open Workday Candidate Pipeline.
2. Execute: Employee Life Event -> Benefits -> Payroll -> Reporting.
3. Perform validation and confirm downstream impact.","Employee Life Event -> Benefits -> Payroll -> Reporting completes successfully with approvals, validations, and audit trail",High,Regression,"{""worker"": ""Jane Doe"", ""company"": ""Global Demo"", ""region"": ""US""}"
WD-REC-00710,Workday,RECRUITING,Candidate Pipeline,Retail,Expense Submit -> Approval -> Accounting -> Reimbursement,Functional,Update Retail Workday Candidate Pipeline,Workday access is provisioned and Retail test data exists,"1. Open Workday Candidate Pipeline.
2. Execute: Expense Submit -> Approval -> Accounting -> Reimbursement.
3. Perform validation and confirm downstream impact.","Expense Submit -> Approval -> Accounting -> Reimbursement completes successfully with approvals, validations, and audit trail",Medium,UI,"{""worker"": ""Jane Doe"", ""company"": ""Global Demo"", ""region"": ""US""}"
WD-REC-00711,Workday,RECRUITING,Candidate Pipeline,Retail,Supplier Invoice -> Matching -> Approval -> Payment,Security,Update Retail Workday Candidate Pipeline,Workday access is provisioned and Retail test data exists,"1. Open Workday Candidate Pipeline.
2. Execute: Supplier Invoice -> Matching -> Approval -> Payment.
3. Perform validation and confirm downstream impact.","Supplier Invoice -> Matching -> Approval -> Payment completes successfully with approvals, validations, and audit trail",Medium,Integration,"{""worker"": ""Jane Doe"", ""company"": ""Global Demo"", ""region"": ""US""}"
WD-REC-00712,Workday,RECRUITING,Candidate Pipeline,Retail,Integration Load -> Validate -> Error Handling -> Reprocess,Security,Route Retail Workday Candidate Pipeline,Workday access is provisioned and Retail test data exists,"1. Open Workday Candidate Pipeline.
2. Execute: Integration Load -> Validate -> Error Handling -> Reprocess.
3. Perform validation and confirm downstream impact.","Integration Load -> Validate -> Error Handling -> Reprocess completes successfully with approvals, validations, and audit trail",High,Regression,"{""worker"": ""Jane Doe"", ""company"": ""Global Demo"", ""region"": ""US""}"
WD-REC-00713,Workday,RECRUITING,Candidate Pipeline,Retail,Recruiting -> Hire -> Onboard -> Time -> Payroll,Performance,Validate Retail Workday Candidate Pipeline,Workday access is provisioned and Retail test data exists,"1. Open Workday Candidate Pipeline.
2. Execute: Recruiting -> Hire -> Onboard -> Time -> Payroll.
3. Perform validation and confirm downstream impact.","Recruiting -> Hire -> Onboard -> Time -> Payroll completes successfully with approvals, validations, and audit trail",Low,Functional,"{""worker"": ""Jane Doe"", ""company"": ""Global Demo"", ""region"": ""US""}"
WD-REC-00714,Workday,RECRUITING,Candidate Pipeline,Retail,Budget -> Expense -> Journal -> Dashboard,Mobile,Reject Retail Workday Candidate Pipeline,Workday access is provisioned and Retail test data exists,"1. Open Workday Candidate Pipeline.
2. Execute: Budget -> Expense -> Journal -> Dashboard.
3. Perform validation and confirm downstream impact.","Budget -> Expense -> Journal -> Dashboard completes successfully with approvals, validations, and audit trail",Low,Workflow,"{""worker"": ""Jane Doe"", ""company"": ""Global Demo"", ""region"": ""US""}"
WD-REC-00715,Workday,RECRUITING,Candidate Pipeline,Healthcare,Requisition -> Offer -> Hire -> Onboard -> Payroll,Workflow,Submit Healthcare Workday Candidate Pipeline,Workday access is provisioned and Healthcare test data exists,"1. Open Workday Candidate Pipeline.
2. Execute: Requisition -> Offer -> Hire -> Onboard -> Payroll.
3. Perform validation and confirm downstream impact.","Requisition -> Offer -> Hire -> Onboard -> Payroll completes successfully with approvals, validations, and audit trail",Medium,UI,"{""worker"": ""Jane Doe"", ""company"": ""Global Demo"", ""region"": ""US""}"
WD-REC-00716,Workday,RECRUITING,Candidate Pipeline,Healthcare,Employee Life Event -> Benefits -> Payroll -> Reporting,Performance,Reject Healthcare Workday Candidate Pipeline,Workday access is provisioned and Healthcare test data exists,"1. Open Workday Candidate Pipeline.
2. Execute: Employee Life Event -> Benefits -> Payroll -> Reporting.
3. Perform validation and confirm downstream impact.","Employee Life Event -> Benefits -> Payroll -> Reporting completes successfully with approvals, validations, and audit trail",Low,Accessibility,"{""worker"": ""Jane Doe"", ""company"": ""Global Demo"", ""region"": ""US""}"
WD-REC-00717,Workday,RECRUITING,Candidate Pipeline,Healthcare,Expense Submit -> Approval -> Accounting -> Reimbursement,Performance,Submit Healthcare Workday Candidate Pipeline,Workday access is provisioned and Healthcare test data exists,"1. Open Workday Candidate Pipeline.
2. Execute: Expense Submit -> Approval -> Accounting -> Reimbursement.
3. Perform validation and confirm downstream impact.","Expense Submit -> Approval -> Accounting -> Reimbursement completes successfully with approvals, validations, and audit trail",Low,Security,"{""worker"": ""Jane Doe"", ""company"": ""Global Demo"", ""region"": ""US""}"
WD-REC-00718,Workday,RECRUITING,Candidate Pipeline,Healthcare,Supplier Invoice -> Matching -> Approval -> Payment,Integration,Review Healthcare Workday Candidate Pipeline,Workday access is provisioned and Healthcare test data exists,"1. Open Workday Candidate Pipeline.
2. Execute: Supplier Invoice -> Matching -> Approval -> Payment.
3. Perform validation and confirm downstream impact.","Supplier Invoice -> Matching -> Approval -> Payment completes successfully with approvals, validations, and audit trail",High,Mobile,"{""worker"": ""Jane Doe"", ""company"": ""Global Demo"", ""region"": ""US""}"
WD-REC-00719,Workday,RECRUITING,Candidate Pipeline,Healthcare,Integration Load -> Validate -> Error Handling -> Reprocess,Data Migration,Review Healthcare Workday Candidate Pipeline,Workday access is provisioned and Healthcare test data exists,"1. Open Workday Candidate Pipeline.
2. Execute: Integration Load -> Validate -> Error Handling -> Reprocess.
3. Perform validation and confirm downstream impact.","Integration Load -> Validate -> Error Handling -> Reprocess completes successfully with approvals, validations, and audit trail",High,UI,"{""worker"": ""Jane Doe"", ""company"": ""Global Demo"", ""region"": ""US""}"
WD-REC-00720,Workday,RECRUITING,Candidate Pipeline,Healthcare,Recruiting -> Hire -> Onboard -> Time -> Payroll,Regression,Reject Healthcare Workday Candidate Pipeline,Workday access is provisioned and Healthcare test data exists,"1. Open Workday Candidate Pipeline.
2. Execute: Recruiting -> Hire -> Onboard -> Time -> Payroll.
3. Perform validation and confirm downstream impact.","Recruiting -> Hire -> Onboard -> Time -> Payroll completes successfully with approvals, validations, and audit trail",Medium,Data Migration,"{""worker"": ""Jane Doe"", ""company"": ""Global Demo"", ""region"": ""US""}"
WD-REC-00721,Workday,RECRUITING,Candidate Pipeline,Healthcare,Budget -> Expense -> Journal -> Dashboard,UI,Export Healthcare Workday Candidate Pipeline,Workday access is provisioned and Healthcare test data exists,"1. Open Workday Candidate Pipeline.
2. Execute: Budget -> Expense -> Journal -> Dashboard.
3. Perform validation and confirm downstream impact.","Budget -> Expense -> Journal -> Dashboard completes successfully with approvals, validations, and audit trail",High,Accessibility,"{""worker"": ""Jane Doe"", ""company"": ""Global Demo"", ""region"": ""US""}"
WD-REC-00722,Workday,RECRUITING,Candidate Pipeline,Manufacturing,Requisition -> Offer -> Hire -> Onboard -> Payroll,Functional,Edit Manufacturing Workday Candidate Pipeline,Workday access is provisioned and Manufacturing test data exists,"1. Open Workday Candidate Pipeline.
2. Execute: Requisition -> Offer -> Hire -> Onboard -> Payroll.
3. Perform validation and confirm downstream impact.","Requisition -> Offer -> Hire -> Onboard -> Payroll completes successfully with approvals, validations, and audit trail",High,Security,"{""worker"": ""Jane Doe"", ""company"": ""Global Demo"", ""region"": ""US""}"
WD-REC-00723,Workday,RECRUITING,Candidate Pipeline,Manufacturing,Employee Life Event -> Benefits -> Payroll -> Reporting,Workflow,Submit Manufacturing Workday Candidate Pipeline,Workday access is provisioned and Manufacturing test data exists,"1. Open Workday Candidate Pipeline.
2. Execute: Employee Life Event -> Benefits -> Payroll -> Reporting.
3. Perform validation and confirm downstream impact.","Employee Life Event -> Benefits -> Payroll -> Reporting completes successfully with approvals, validations, and audit trail",Medium,Functional,"{""worker"": ""Jane Doe"", ""company"": ""Global Demo"", ""region"": ""US""}"
WD-REC-00724,Workday,RECRUITING,Candidate Pipeline,Manufacturing,Expense Submit -> Approval -> Accounting -> Reimbursement,Regression,Create Manufacturing Workday Candidate Pipeline,Workday access is provisioned and Manufacturing test data exists,"1. Open Workday Candidate Pipeline.
2. Execute: Expense Submit -> Approval -> Accounting -> Reimbursement.
3. Perform validation and confirm downstream impact.","Expense Submit -> Approval -> Accounting -> Reimbursement completes successfully with approvals, validations, and audit trail",High,Performance,"{""worker"": ""Jane Doe"", ""company"": ""Global Demo"", ""region"": ""US""}"
WD-REC-00725,Workday,RECRUITING,Candidate Pipeline,Manufacturing,Supplier Invoice -> Matching -> Approval -> Payment,Functional,Import Manufacturing Workday Candidate Pipeline,Workday access is provisioned and Manufacturing test data exists,"1. Open Workday Candidate Pipeline.
2. Execute: Supplier Invoice -> Matching -> Approval -> Payment.
3. Perform validation and confirm downstream impact.","Supplier Invoice -> Matching -> Approval -> Payment completes successfully with approvals, validations, and audit trail",Medium,Mobile,"{""worker"": ""Jane Doe"", ""company"": ""Global Demo"", ""region"": ""US""}"
WD-REC-00726,Workday,RECRUITING,Candidate Pipeline,Manufacturing,Integration Load -> Validate -> Error Handling -> Reprocess,Mobile,Sync Manufacturing Workday Candidate Pipeline,Workday access is provisioned and Manufacturing test data exists,"1. Open Workday Candidate Pipeline.
2. Execute: Integration Load -> Validate -> Error Handling -> Reprocess.
3. Perform validation and confirm downstream impact.","Integration Load -> Validate -> Error Handling -> Reprocess completes successfully with approvals, validations, and audit trail",Medium,Functional,"{""worker"": ""Jane Doe"", ""company"": ""Global Demo"", ""region"": ""US""}"
WD-REC-00727,Workday,RECRUITING,Candidate Pipeline,Manufacturing,Recruiting -> Hire -> Onboard -> Time -> Payroll,Data Migration,Submit Manufacturing Workday Candidate Pipeline,Workday access is provisioned and Manufacturing test data exists,"1. Open Workday Candidate Pipeline.
2. Execute: Recruiting -> Hire -> Onboard -> Time -> Payroll.
3. Perform validation and confirm downstream impact.","Recruiting -> Hire -> Onboard -> Time -> Payroll completes successfully with approvals, validations, and audit trail",High,Mobile,"{""worker"": ""Jane Doe"", ""company"": ""Global Demo"", ""region"": ""US""}"
WD-REC-00728,Workday,RECRUITING,Candidate Pipeline,Manufacturing,Budget -> Expense -> Journal -> Dashboard,Performance,Review Manufacturing Workday Candidate Pipeline,Workday access is provisioned and Manufacturing test data exists,"1. Open Workday Candidate Pipeline.
2. Execute: Budget -> Expense -> Journal -> Dashboard.
3. Perform validation and confirm downstream impact.","Budget -> Expense -> Journal -> Dashboard completes successfully with approvals, validations, and audit trail",High,Accessibility,"{""worker"": ""Jane Doe"", ""company"": ""Global Demo"", ""region"": ""US""}"
WD-REC-00729,Workday,RECRUITING,Candidate Pipeline,Education,Requisition -> Offer -> Hire -> Onboard -> Payroll,Data Migration,Create Education Workday Candidate Pipeline,Workday access is provisioned and Education test data exists,"1. Open Workday Candidate Pipeline.
2. Execute: Requisition -> Offer -> Hire -> Onboard -> Payroll.
3. Perform validation and confirm downstream impact.","Requisition -> Offer -> Hire -> Onboard -> Payroll completes successfully with approvals, validations, and audit trail",High,Mobile,"{""worker"": ""Jane Doe"", ""company"": ""Global Demo"", ""region"": ""US""}"
WD-REC-00730,Workday,RECRUITING,Candidate Pipeline,Education,Employee Life Event -> Benefits -> Payroll -> Reporting,Mobile,Submit Education Workday Candidate Pipeline,Workday access is provisioned and Education test data exists,"1. Open Workday Candidate Pipeline.
2. Execute: Employee Life Event -> Benefits -> Payroll -> Reporting.
3. Perform validation and confirm downstream impact.","Employee Life Event -> Benefits -> Payroll -> Reporting completes successfully with approvals, validations, and audit trail",High,Data Migration,"{""worker"": ""Jane Doe"", ""company"": ""Global Demo"", ""region"": ""US""}"
WD-REC-00731,Workday,RECRUITING,Candidate Pipeline,Education,Expense Submit -> Approval -> Accounting -> Reimbursement,Data Migration,Validate Education Workday Candidate Pipeline,Workday access is provisioned and Education test data exists,"1. Open Workday Candidate Pipeline.
2. Execute: Expense Submit -> Approval -> Accounting -> Reimbursement.
3. Perform validation and confirm downstream impact.","Expense Submit -> Approval -> Accounting -> Reimbursement completes successfully with approvals, validations, and audit trail",Medium,Mobile,"{""worker"": ""Jane Doe"", ""company"": ""Global Demo"", ""region"": ""US""}"
WD-REC-00732,Workday,RECRUITING,Candidate Pipeline,Education,Supplier Invoice -> Matching -> Approval -> Payment,UI,Review Education Workday Candidate Pipeline,Workday access is provisioned and Education test data exists,"1. Open Workday Candidate Pipeline.
2. Execute: Supplier Invoice -> Matching -> Approval -> Payment.
3. Perform validation and confirm downstream impact.","Supplier Invoice -> Matching -> Approval -> Payment completes successfully with approvals, validations, and audit trail",High,Accessibility,"{""worker"": ""Jane Doe"", ""company"": ""Global Demo"", ""region"": ""US""}"
WD-REC-00733,Workday,RECRUITING,Candidate Pipeline,Education,Integration Load -> Validate -> Error Handling -> Reprocess,Workflow,Reject Education Workday Candidate Pipeline,Workday access is provisioned and Education test data exists,"1. Open Workday Candidate Pipeline.
2. Execute: Integration Load -> Validate -> Error Handling -> Reprocess.
3. Perform validation and confirm downstream impact.","Integration Load -> Validate -> Error Handling -> Reprocess completes successfully with approvals, validations, and audit trail",Low,Workflow,"{""worker"": ""Jane Doe"", ""company"": ""Global Demo"", ""region"": ""US""}"
WD-REC-00734,Workday,RECRUITING,Candidate Pipeline,Education,Recruiting -> Hire -> Onboard -> Time -> Payroll,Performance,Update Education Workday Candidate Pipeline,Workday access is provisioned and Education test data exists,"1. Open Workday Candidate Pipeline.
2. Execute: Recruiting -> Hire -> Onboard -> Time -> Payroll.
3. Perform validation and confirm downstream impact.","Recruiting -> Hire -> Onboard -> Time -> Payroll completes successfully with approvals, validations, and audit trail",Medium,UI,"{""worker"": ""Jane Doe"", ""company"": ""Global Demo"", ""region"": ""US""}"
WD-REC-00735,Workday,RECRUITING,Candidate Pipeline,Education,Budget -> Expense -> Journal -> Dashboard,Mobile,Approve Education Workday Candidate Pipeline,Workday access is provisioned and Education test data exists,"1. Open Workday Candidate Pipeline.
2. Execute: Budget -> Expense -> Journal -> Dashboard.
3. Perform validation and confirm downstream impact.","Budget -> Expense -> Journal -> Dashboard completes successfully with approvals, validations, and audit trail",Medium,Regression,"{""worker"": ""Jane Doe"", ""company"": ""Global Demo"", ""region"": ""US""}"
WD-REC-00736,Workday,RECRUITING,Candidate Pipeline,Nonprofit,Requisition -> Offer -> Hire -> Onboard -> Payroll,Performance,Sync Nonprofit Workday Candidate Pipeline,Workday access is provisioned and Nonprofit test data exists,"1. Open Workday Candidate Pipeline.
2. Execute: Requisition -> Offer -> Hire -> Onboard -> Payroll.
3. Perform validation and confirm downstream impact.","Requisition -> Offer -> Hire -> Onboard -> Payroll completes successfully with approvals, validations, and audit trail",High,Data Migration,"{""worker"": ""Jane Doe"", ""company"": ""Global Demo"", ""region"": ""US""}"
WD-REC-00737,Workday,RECRUITING,Candidate Pipeline,Nonprofit,Employee Life Event -> Benefits -> Payroll -> Reporting,Data Migration,Import Nonprofit Workday Candidate Pipeline,Workday access is provisioned and Nonprofit test data exists,"1. Open Workday Candidate Pipeline.
2. Execute: Employee Life Event -> Benefits -> Payroll -> Reporting.
3. Perform validation and confirm downstream impact.","Employee Life Event -> Benefits -> Payroll -> Reporting completes successfully with approvals, validations, and audit trail",High,Data Migration,"{""worker"": ""Jane Doe"", ""company"": ""Global Demo"", ""region"": ""US""}"
WD-REC-00738,Workday,RECRUITING,Candidate Pipeline,Nonprofit,Expense Submit -> Approval -> Accounting -> Reimbursement,Integration,Reject Nonprofit Workday Candidate Pipeline,Workday access is provisioned and Nonprofit test data exists,"1. Open Workday Candidate Pipeline.
2. Execute: Expense Submit -> Approval -> Accounting -> Reimbursement.
3. Perform validation and confirm downstream impact.","Expense Submit -> Approval -> Accounting -> Reimbursement completes successfully with approvals, validations, and audit trail",Medium,Mobile,"{""worker"": ""Jane Doe"", ""company"": ""Global Demo"", ""region"": ""US""}"
WD-REC-00739,Workday,RECRUITING,Candidate Pipeline,Nonprofit,Supplier Invoice -> Matching -> Approval -> Payment,Security,Export Nonprofit Workday Candidate Pipeline,Workday access is provisioned and Nonprofit test data exists,"1. Open Workday Candidate Pipeline.
2. Execute: Supplier Invoice -> Matching -> Approval -> Payment.
3. Perform validation and confirm downstream impact.","Supplier Invoice -> Matching -> Approval -> Payment completes successfully with approvals, validations, and audit trail",High,Data Migration,"{""worker"": ""Jane Doe"", ""company"": ""Global Demo"", ""region"": ""US""}"
WD-REC-00740,Workday,RECRUITING,Candidate Pipeline,Nonprofit,Integration Load -> Validate -> Error Handling -> Reprocess,Performance,Submit Nonprofit Workday Candidate Pipeline,Workday access is provisioned and Nonprofit test data exists,"1. Open Workday Candidate Pipeline.
2. Execute: Integration Load -> Validate -> Error Handling -> Reprocess.
3. Perform validation and confirm downstream impact.","Integration Load -> Validate -> Error Handling -> Reprocess completes successfully with approvals, validations, and audit trail",High,Workflow,"{""worker"": ""Jane Doe"", ""company"": ""Global Demo"", ""region"": ""US""}"
WD-REC-00741,Workday,RECRUITING,Candidate Pipeline,Nonprofit,Recruiting -> Hire -> Onboard -> Time -> Payroll,Functional,Approve Nonprofit Workday Candidate Pipeline,Workday access is provisioned and Nonprofit test data exists,"1. Open Workday Candidate Pipeline.
2. Execute: Recruiting -> Hire -> Onboard -> Time -> Payroll.
3. Perform validation and confirm downstream impact.","Recruiting -> Hire -> Onboard -> Time -> Payroll completes successfully with approvals, validations, and audit trail",Low,Data Migration,"{""worker"": ""Jane Doe"", ""company"": ""Global Demo"", ""region"": ""US""}"
WD-REC-00742,Workday,RECRUITING,Candidate Pipeline,Nonprofit,Budget -> Expense -> Journal -> Dashboard,Regression,Close Nonprofit Workday Candidate Pipeline,Workday access is provisioned and Nonprofit test data exists,"1. Open Workday Candidate Pipeline.
2. Execute: Budget -> Expense -> Journal -> Dashboard.
3. Perform validation and confirm downstream impact.","Budget -> Expense -> Journal -> Dashboard completes successfully with approvals, validations, and audit trail",Medium,Integration,"{""worker"": ""Jane Doe"", ""company"": ""Global Demo"", ""region"": ""US""}"
WD-REC-00743,Workday,RECRUITING,Candidate Pipeline,Financial Services,Requisition -> Offer -> Hire -> Onboard -> Payroll,Accessibility,Import Financial Services Workday Candidate Pipeline,Workday access is provisioned and Financial Services test data exists,"1. Open Workday Candidate Pipeline.
2. Execute: Requisition -> Offer -> Hire -> Onboard -> Payroll.
3. Perform validation and confirm downstream impact.","Requisition -> Offer -> Hire -> Onboard -> Payroll completes successfully with approvals, validations, and audit trail",Medium,UI,"{""worker"": ""Jane Doe"", ""company"": ""Global Demo"", ""region"": ""US""}"
WD-REC-00744,Workday,RECRUITING,Candidate Pipeline,Financial Services,Employee Life Event -> Benefits -> Payroll -> Reporting,Security,Close Financial Services Workday Candidate Pipeline,Workday access is provisioned and Financial Services test data exists,"1. Open Workday Candidate Pipeline.
2. Execute: Employee Life Event -> Benefits -> Payroll -> Reporting.
3. Perform validation and confirm downstream impact.","Employee Life Event -> Benefits -> Payroll -> Reporting completes successfully with approvals, validations, and audit trail",High,Mobile,"{""worker"": ""Jane Doe"", ""company"": ""Global Demo"", ""region"": ""US""}"
WD-REC-00745,Workday,RECRUITING,Candidate Pipeline,Financial Services,Expense Submit -> Approval -> Accounting -> Reimbursement,Accessibility,Export Financial Services Workday Candidate Pipeline,Workday access is provisioned and Financial Services test data exists,"1. Open Workday Candidate Pipeline.
2. Execute: Expense Submit -> Approval -> Accounting -> Reimbursement.
3. Perform validation and confirm downstream impact.","Expense Submit -> Approval -> Accounting -> Reimbursement completes successfully with approvals, validations, and audit trail",High,Functional,"{""worker"": ""Jane Doe"", ""company"": ""Global Demo"", ""region"": ""US""}"
WD-REC-00746,Workday,RECRUITING,Candidate Pipeline,Financial Services,Supplier Invoice -> Matching -> Approval -> Payment,Regression,Validate Financial Services Workday Candidate Pipeline,Workday access is provisioned and Financial Services test data exists,"1. Open Workday Candidate Pipeline.
2. Execute: Supplier Invoice -> Matching -> Approval -> Payment.
3. Perform validation and confirm downstream impact.","Supplier Invoice -> Matching -> Approval -> Payment completes successfully with approvals, validations, and audit trail",High,Data Migration,"{""worker"": ""Jane Doe"", ""company"": ""Global Demo"", ""region"": ""US""}"
WD-REC-00747,Workday,RECRUITING,Candidate Pipeline,Financial Services,Integration Load -> Validate -> Error Handling -> Reprocess,Data Migration,Submit Financial Services Workday Candidate Pipeline,Workday access is provisioned and Financial Services test data exists,"1. Open Workday Candidate Pipeline.
2. Execute: Integration Load -> Validate -> Error Handling -> Reprocess.
3. Perform validation and confirm downstream impact.","Integration Load -> Validate -> Error Handling -> Reprocess completes successfully with approvals, validations, and audit trail",Low,Accessibility,"{""worker"": ""Jane Doe"", ""company"": ""Global Demo"", ""region"": ""US""}"
WD-REC-00748,Workday,RECRUITING,Candidate Pipeline,Financial Services,Recruiting -> Hire -> Onboard -> Time -> Payroll,Mobile,Reject Financial Services Workday Candidate Pipeline,Workday access is provisioned and Financial Services test data exists,"1. Open Workday Candidate Pipeline.
2. Execute: Recruiting -> Hire -> Onboard -> Time -> Payroll.
3. Perform validation and confirm downstream impact.","Recruiting -> Hire -> Onboard -> Time -> Payroll completes successfully with approvals, validations, and audit trail",High,Functional,"{""worker"": ""Jane Doe"", ""company"": ""Global Demo"", ""region"": ""US""}"
WD-REC-00749,Workday,RECRUITING,Candidate Pipeline,Financial Services,Budget -> Expense -> Journal -> Dashboard,Workflow,Export Financial Services Workday Candidate Pipeline,Workday access is provisioned and Financial Services test data exists,"1. Open Workday Candidate Pipeline.
2. Execute: Budget -> Expense -> Journal -> Dashboard.
3. Perform validation and confirm downstream impact.","Budget -> Expense -> Journal -> Dashboard completes successfully with approvals, validations, and audit trail",Medium,Integration,"{""worker"": ""Jane Doe"", ""company"": ""Global Demo"", ""region"": ""US""}"
WD-REC-00750,Workday,RECRUITING,Candidate Pipeline,Technology,Requisition -> Offer -> Hire -> Onboard -> Payroll,Functional,Close Technology Workday Candidate Pipeline,Workday access is provisioned and Technology test data exists,"1. Open Workday Candidate Pipeline.
2. Execute: Requisition -> Offer -> Hire -> Onboard -> Payroll.
3. Perform validation and confirm downstream impact.","Requisition -> Offer -> Hire -> Onboard -> Payroll completes successfully with approvals, validations, and audit trail",Low,UI,"{""worker"": ""Jane Doe"", ""company"": ""Global Demo"", ""region"": ""US""}"
WD-REC-00751,Workday,RECRUITING,Candidate Pipeline,Technology,Employee Life Event -> Benefits -> Payroll -> Reporting,Data Migration,Create Technology Workday Candidate Pipeline,Workday access is provisioned and Technology test data exists,"1. Open Workday Candidate Pipeline.
2. Execute: Employee Life Event -> Benefits -> Payroll -> Reporting.
3. Perform validation and confirm downstream impact.","Employee Life Event -> Benefits -> Payroll -> Reporting completes successfully with approvals, validations, and audit trail",Low,Mobile,"{""worker"": ""Jane Doe"", ""company"": ""Global Demo"", ""region"": ""US""}"
WD-REC-00752,Workday,RECRUITING,Candidate Pipeline,Technology,Expense Submit -> Approval -> Accounting -> Reimbursement,UI,Sync Technology Workday Candidate Pipeline,Workday access is provisioned and Technology test data exists,"1. Open Workday Candidate Pipeline.
2. Execute: Expense Submit -> Approval -> Accounting -> Reimbursement.
3. Perform validation and confirm downstream impact.","Expense Submit -> Approval -> Accounting -> Reimbursement completes successfully with approvals, validations, and audit trail",Medium,Data Migration,"{""worker"": ""Jane Doe"", ""company"": ""Global Demo"", ""region"": ""US""}"
WD-REC-00753,Workday,RECRUITING,Candidate Pipeline,Technology,Supplier Invoice -> Matching -> Approval -> Payment,Integration,Import Technology Workday Candidate Pipeline,Workday access is provisioned and Technology test data exists,"1. Open Workday Candidate Pipeline.
2. Execute: Supplier Invoice -> Matching -> Approval -> Payment.
3. Perform validation and confirm downstream impact.","Supplier Invoice -> Matching -> Approval -> Payment completes successfully with approvals, validations, and audit trail",Medium,Integration,"{""worker"": ""Jane Doe"", ""company"": ""Global Demo"", ""region"": ""US""}"
WD-REC-00754,Workday,RECRUITING,Candidate Pipeline,Technology,Integration Load -> Validate -> Error Handling -> Reprocess,Functional,Route Technology Workday Candidate Pipeline,Workday access is provisioned and Technology test data exists,"1. Open Workday Candidate Pipeline.
2. Execute: Integration Load -> Validate -> Error Handling -> Reprocess.
3. Perform validation and confirm downstream impact.","Integration Load -> Validate -> Error Handling -> Reprocess completes successfully with approvals, validations, and audit trail",Medium,Integration,"{""worker"": ""Jane Doe"", ""company"": ""Global Demo"", ""region"": ""US""}"
WD-REC-00755,Workday,RECRUITING,Candidate Pipeline,Technology,Recruiting -> Hire -> Onboard -> Time -> Payroll,Regression,Create Technology Workday Candidate Pipeline,Workday access is provisioned and Technology test data exists,"1. Open Workday Candidate Pipeline.
2. Execute: Recruiting -> Hire -> Onboard -> Time -> Payroll.
3. Perform validation and confirm downstream impact.","Recruiting -> Hire -> Onboard -> Time -> Payroll completes successfully with approvals, validations, and audit trail",High,Mobile,"{""worker"": ""Jane Doe"", ""company"": ""Global Demo"", ""region"": ""US""}"
WD-REC-00756,Workday,RECRUITING,Candidate Pipeline,Technology,Budget -> Expense -> Journal -> Dashboard,UI,Review Technology Workday Candidate Pipeline,Workday access is provisioned and Technology test data exists,"1. Open Workday Candidate Pipeline.
2. Execute: Budget -> Expense -> Journal -> Dashboard.
3. Perform validation and confirm downstream impact.","Budget -> Expense -> Journal -> Dashboard completes successfully with approvals, validations, and audit trail",Low,Accessibility,"{""worker"": ""Jane Doe"", ""company"": ""Global Demo"", ""region"": ""US""}"
WD-REC-00757,Workday,RECRUITING,Candidate Pipeline,Public Sector,Requisition -> Offer -> Hire -> Onboard -> Payroll,Data Migration,Sync Public Sector Workday Candidate Pipeline,Workday access is provisioned and Public Sector test data exists,"1. Open Workday Candidate Pipeline.
2. Execute: Requisition -> Offer -> Hire -> Onboard -> Payroll.
3. Perform validation and confirm downstream impact.","Requisition -> Offer -> Hire -> Onboard -> Payroll completes successfully with approvals, validations, and audit trail",Low,Data Migration,"{""worker"": ""Jane Doe"", ""company"": ""Global Demo"", ""region"": ""US""}"
WD-REC-00758,Workday,RECRUITING,Candidate Pipeline,Public Sector,Employee Life Event -> Benefits -> Payroll -> Reporting,Integration,Export Public Sector Workday Candidate Pipeline,Workday access is provisioned and Public Sector test data exists,"1. Open Workday Candidate Pipeline.
2. Execute: Employee Life Event -> Benefits -> Payroll -> Reporting.
3. Perform validation and confirm downstream impact.","Employee Life Event -> Benefits -> Payroll -> Reporting completes successfully with approvals, validations, and audit trail",Low,Security,"{""worker"": ""Jane Doe"", ""company"": ""Global Demo"", ""region"": ""US""}"
WD-REC-00759,Workday,RECRUITING,Candidate Pipeline,Public Sector,Expense Submit -> Approval -> Accounting -> Reimbursement,Mobile,Close Public Sector Workday Candidate Pipeline,Workday access is provisioned and Public Sector test data exists,"1. Open Workday Candidate Pipeline.
2. Execute: Expense Submit -> Approval -> Accounting -> Reimbursement.
3. Perform validation and confirm downstream impact.","Expense Submit -> Approval -> Accounting -> Reimbursement completes successfully with approvals, validations, and audit trail",Low,Accessibility,"{""worker"": ""Jane Doe"", ""company"": ""Global Demo"", ""region"": ""US""}"
WD-REC-00760,Workday,RECRUITING,Candidate Pipeline,Public Sector,Supplier Invoice -> Matching -> Approval -> Payment,Security,Create Public Sector Workday Candidate Pipeline,Workday access is provisioned and Public Sector test data exists,"1. Open Workday Candidate Pipeline.
2. Execute: Supplier Invoice -> Matching -> Approval -> Payment.
3. Perform validation and confirm downstream impact.","Supplier Invoice -> Matching -> Approval -> Payment completes successfully with approvals, validations, and audit trail",Low,Workflow,"{""worker"": ""Jane Doe"", ""company"": ""Global Demo"", ""region"": ""US""}"
WD-REC-00761,Workday,RECRUITING,Candidate Pipeline,Public Sector,Integration Load -> Validate -> Error Handling -> Reprocess,UI,Close Public Sector Workday Candidate Pipeline,Workday access is provisioned and Public Sector test data exists,"1. Open Workday Candidate Pipeline.
2. Execute: Integration Load -> Validate -> Error Handling -> Reprocess.
3. Perform validation and confirm downstream impact.","Integration Load -> Validate -> Error Handling -> Reprocess completes successfully with approvals, validations, and audit trail",Medium,Regression,"{""worker"": ""Jane Doe"", ""company"": ""Global Demo"", ""region"": ""US""}"
WD-REC-00762,Workday,RECRUITING,Candidate Pipeline,Public Sector,Recruiting -> Hire -> Onboard -> Time -> Payroll,Integration,Sync Public Sector Workday Candidate Pipeline,Workday access is provisioned and Public Sector test data exists,"1. Open Workday Candidate Pipeline.
2. Execute: Recruiting -> Hire -> Onboard -> Time -> Payroll.
3. Perform validation and confirm downstream impact.","Recruiting -> Hire -> Onboard -> Time -> Payroll completes successfully with approvals, validations, and audit trail",Low,Regression,"{""worker"": ""Jane Doe"", ""company"": ""Global Demo"", ""region"": ""US""}"
WD-REC-00763,Workday,RECRUITING,Candidate Pipeline,Public Sector,Budget -> Expense -> Journal -> Dashboard,Accessibility,Submit Public Sector Workday Candidate Pipeline,Workday access is provisioned and Public Sector test data exists,"1. Open Workday Candidate Pipeline.
2. Execute: Budget -> Expense -> Journal -> Dashboard.
3. Perform validation and confirm downstream impact.","Budget -> Expense -> Journal -> Dashboard completes successfully with approvals, validations, and audit trail",Low,Performance,"{""worker"": ""Jane Doe"", ""company"": ""Global Demo"", ""region"": ""US""}"
WD-REC-00764,Workday,RECRUITING,Candidate Pipeline,Hospitality,Requisition -> Offer -> Hire -> Onboard -> Payroll,Performance,Edit Hospitality Workday Candidate Pipeline,Workday access is provisioned and Hospitality test data exists,"1. Open Workday Candidate Pipeline.
2. Execute: Requisition -> Offer -> Hire -> Onboard -> Payroll.
3. Perform validation and confirm downstream impact.","Requisition -> Offer -> Hire -> Onboard -> Payroll completes successfully with approvals, validations, and audit trail",High,Integration,"{""worker"": ""Jane Doe"", ""company"": ""Global Demo"", ""region"": ""US""}"
WD-REC-00765,Workday,RECRUITING,Candidate Pipeline,Hospitality,Employee Life Event -> Benefits -> Payroll -> Reporting,Security,Edit Hospitality Workday Candidate Pipeline,Workday access is provisioned and Hospitality test data exists,"1. Open Workday Candidate Pipeline.
2. Execute: Employee Life Event -> Benefits -> Payroll -> Reporting.
3. Perform validation and confirm downstream impact.","Employee Life Event -> Benefits -> Payroll -> Reporting completes successfully with approvals, validations, and audit trail",Medium,Workflow,"{""worker"": ""Jane Doe"", ""company"": ""Global Demo"", ""region"": ""US""}"
WD-REC-00766,Workday,RECRUITING,Candidate Pipeline,Hospitality,Expense Submit -> Approval -> Accounting -> Reimbursement,Performance,Reject Hospitality Workday Candidate Pipeline,Workday access is provisioned and Hospitality test data exists,"1. Open Workday Candidate Pipeline.
2. Execute: Expense Submit -> Approval -> Accounting -> Reimbursement.
3. Perform validation and confirm downstream impact.","Expense Submit -> Approval -> Accounting -> Reimbursement completes successfully with approvals, validations, and audit trail",High,Functional,"{""worker"": ""Jane Doe"", ""company"": ""Global Demo"", ""region"": ""US""}"
WD-REC-00767,Workday,RECRUITING,Candidate Pipeline,Hospitality,Supplier Invoice -> Matching -> Approval -> Payment,Security,Create Hospitality Workday Candidate Pipeline,Workday access is provisioned and Hospitality test data exists,"1. Open Workday Candidate Pipeline.
2. Execute: Supplier Invoice -> Matching -> Approval -> Payment.
3. Perform validation and confirm downstream impact.","Supplier Invoice -> Matching -> Approval -> Payment completes successfully with approvals, validations, and audit trail",High,Accessibility,"{""worker"": ""Jane Doe"", ""company"": ""Global Demo"", ""region"": ""US""}"
WD-REC-00768,Workday,RECRUITING,Candidate Pipeline,Hospitality,Integration Load -> Validate -> Error Handling -> Reprocess,Mobile,Create Hospitality Workday Candidate Pipeline,Workday access is provisioned and Hospitality test data exists,"1. Open Workday Candidate Pipeline.
2. Execute: Integration Load -> Validate -> Error Handling -> Reprocess.
3. Perform validation and confirm downstream impact.","Integration Load -> Validate -> Error Handling -> Reprocess completes successfully with approvals, validations, and audit trail",Low,Regression,"{""worker"": ""Jane Doe"", ""company"": ""Global Demo"", ""region"": ""US""}"
WD-REC-00769,Workday,RECRUITING,Candidate Pipeline,Hospitality,Recruiting -> Hire -> Onboard -> Time -> Payroll,Regression,Reject Hospitality Workday Candidate Pipeline,Workday access is provisioned and Hospitality test data exists,"1. Open Workday Candidate Pipeline.
2. Execute: Recruiting -> Hire -> Onboard -> Time -> Payroll.
3. Perform validation and confirm downstream impact.","Recruiting -> Hire -> Onboard -> Time -> Payroll completes successfully with approvals, validations, and audit trail",Medium,Functional,"{""worker"": ""Jane Doe"", ""company"": ""Global Demo"", ""region"": ""US""}"
WD-REC-00770,Workday,RECRUITING,Candidate Pipeline,Hospitality,Budget -> Expense -> Journal -> Dashboard,Integration,Sync Hospitality Workday Candidate Pipeline,Workday access is provisioned and Hospitality test data exists,"1. Open Workday Candidate Pipeline.
2. Execute: Budget -> Expense -> Journal -> Dashboard.
3. Perform validation and confirm downstream impact.","Budget -> Expense -> Journal -> Dashboard completes successfully with approvals, validations, and audit trail",High,Security,"{""worker"": ""Jane Doe"", ""company"": ""Global Demo"", ""region"": ""US""}"
WD-REC-00771,Workday,RECRUITING,Background Check,Corporate,Requisition -> Offer -> Hire -> Onboard -> Payroll,Functional,Approve Corporate Workday Background Check,Workday access is provisioned and Corporate test data exists,"1. Open Workday Background Check.
2. Execute: Requisition -> Offer -> Hire -> Onboard -> Payroll.
3. Perform validation and confirm downstream impact.","Requisition -> Offer -> Hire -> Onboard -> Payroll completes successfully with approvals, validations, and audit trail",Low,Mobile,"{""worker"": ""Jane Doe"", ""company"": ""Global Demo"", ""region"": ""US""}"
WD-REC-00772,Workday,RECRUITING,Background Check,Corporate,Employee Life Event -> Benefits -> Payroll -> Reporting,Data Migration,Review Corporate Workday Background Check,Workday access is provisioned and Corporate test data exists,"1. Open Workday Background Check.
2. Execute: Employee Life Event -> Benefits -> Payroll -> Reporting.
3. Perform validation and confirm downstream impact.","Employee Life Event -> Benefits -> Payroll -> Reporting completes successfully with approvals, validations, and audit trail",Low,Performance,"{""worker"": ""Jane Doe"", ""company"": ""Global Demo"", ""region"": ""US""}"
WD-REC-00773,Workday,RECRUITING,Background Check,Corporate,Expense Submit -> Approval -> Accounting -> Reimbursement,Data Migration,Submit Corporate Workday Background Check,Workday access is provisioned and Corporate test data exists,"1. Open Workday Background Check.
2. Execute: Expense Submit -> Approval -> Accounting -> Reimbursement.
3. Perform validation and confirm downstream impact.","Expense Submit -> Approval -> Accounting -> Reimbursement completes successfully with approvals, validations, and audit trail",High,Regression,"{""worker"": ""Jane Doe"", ""company"": ""Global Demo"", ""region"": ""US""}"
WD-REC-00774,Workday,RECRUITING,Background Check,Corporate,Supplier Invoice -> Matching -> Approval -> Payment,Functional,Export Corporate Workday Background Check,Workday access is provisioned and Corporate test data exists,"1. Open Workday Background Check.
2. Execute: Supplier Invoice -> Matching -> Approval -> Payment.
3. Perform validation and confirm downstream impact.","Supplier Invoice -> Matching -> Approval -> Payment completes successfully with approvals, validations, and audit trail",High,Accessibility,"{""worker"": ""Jane Doe"", ""company"": ""Global Demo"", ""region"": ""US""}"
WD-REC-00775,Workday,RECRUITING,Background Check,Corporate,Integration Load -> Validate -> Error Handling -> Reprocess,Regression,Reject Corporate Workday Background Check,Workday access is provisioned and Corporate test data exists,"1. Open Workday Background Check.
2. Execute: Integration Load -> Validate -> Error Handling -> Reprocess.
3. Perform validation and confirm downstream impact.","Integration Load -> Validate -> Error Handling -> Reprocess completes successfully with approvals, validations, and audit trail",High,Security,"{""worker"": ""Jane Doe"", ""company"": ""Global Demo"", ""region"": ""US""}"
WD-REC-00776,Workday,RECRUITING,Background Check,Corporate,Recruiting -> Hire -> Onboard -> Time -> Payroll,UI,Update Corporate Workday Background Check,Workday access is provisioned and Corporate test data exists,"1. Open Workday Background Check.
2. Execute: Recruiting -> Hire -> Onboard -> Time -> Payroll.
3. Perform validation and confirm downstream impact.","Recruiting -> Hire -> Onboard -> Time -> Payroll completes successfully with approvals, validations, and audit trail",High,Data Migration,"{""worker"": ""Jane Doe"", ""company"": ""Global Demo"", ""region"": ""US""}"
WD-REC-00777,Workday,RECRUITING,Background Check,Corporate,Budget -> Expense -> Journal -> Dashboard,Workflow,Update Corporate Workday Background Check,Workday access is provisioned and Corporate test data exists,"1. Open Workday Background Check.
2. Execute: Budget -> Expense -> Journal -> Dashboard.
3. Perform validation and confirm downstream impact.","Budget -> Expense -> Journal -> Dashboard completes successfully with approvals, validations, and audit trail",High,Functional,"{""worker"": ""Jane Doe"", ""company"": ""Global Demo"", ""region"": ""US""}"
WD-REC-00778,Workday,RECRUITING,Background Check,Retail,Requisition -> Offer -> Hire -> Onboard -> Payroll,Accessibility,Reject Retail Workday Background Check,Workday access is provisioned and Retail test data exists,"1. Open Workday Background Check.
2. Execute: Requisition -> Offer -> Hire -> Onboard -> Payroll.
3. Perform validation and confirm downstream impact.","Requisition -> Offer -> Hire -> Onboard -> Payroll completes successfully with approvals, validations, and audit trail",Low,Performance,"{""worker"": ""Jane Doe"", ""company"": ""Global Demo"", ""region"": ""US""}"
WD-REC-00779,Workday,RECRUITING,Background Check,Retail,Employee Life Event -> Benefits -> Payroll -> Reporting,Accessibility,Edit Retail Workday Background Check,Workday access is provisioned and Retail test data exists,"1. Open Workday Background Check.
2. Execute: Employee Life Event -> Benefits -> Payroll -> Reporting.
3. Perform validation and confirm downstream impact.","Employee Life Event -> Benefits -> Payroll -> Reporting completes successfully with approvals, validations, and audit trail",Low,Data Migration,"{""worker"": ""Jane Doe"", ""company"": ""Global Demo"", ""region"": ""US""}"
WD-REC-00780,Workday,RECRUITING,Background Check,Retail,Expense Submit -> Approval -> Accounting -> Reimbursement,Functional,Update Retail Workday Background Check,Workday access is provisioned and Retail test data exists,"1. Open Workday Background Check.
2. Execute: Expense Submit -> Approval -> Accounting -> Reimbursement.
3. Perform validation and confirm downstream impact.","Expense Submit -> Approval -> Accounting -> Reimbursement completes successfully with approvals, validations, and audit trail",High,Accessibility,"{""worker"": ""Jane Doe"", ""company"": ""Global Demo"", ""region"": ""US""}"
WD-REC-00781,Workday,RECRUITING,Background Check,Retail,Supplier Invoice -> Matching -> Approval -> Payment,Functional,Validate Retail Workday Background Check,Workday access is provisioned and Retail test data exists,"1. Open Workday Background Check.
2. Execute: Supplier Invoice -> Matching -> Approval -> Payment.
3. Perform validation and confirm downstream impact.","Supplier Invoice -> Matching -> Approval -> Payment completes successfully with approvals, validations, and audit trail",Medium,Regression,"{""worker"": ""Jane Doe"", ""company"": ""Global Demo"", ""region"": ""US""}"
WD-REC-00782,Workday,RECRUITING,Background Check,Retail,Integration Load -> Validate -> Error Handling -> Reprocess,Accessibility,Create Retail Workday Background Check,Workday access is provisioned and Retail test data exists,"1. Open Workday Background Check.
2. Execute: Integration Load -> Validate -> Error Handling -> Reprocess.
3. Perform validation and confirm downstream impact.","Integration Load -> Validate -> Error Handling -> Reprocess completes successfully with approvals, validations, and audit trail",High,Accessibility,"{""worker"": ""Jane Doe"", ""company"": ""Global Demo"", ""region"": ""US""}"
WD-REC-00783,Workday,RECRUITING,Background Check,Retail,Recruiting -> Hire -> Onboard -> Time -> Payroll,Mobile,Route Retail Workday Background Check,Workday access is provisioned and Retail test data exists,"1. Open Workday Background Check.
2. Execute: Recruiting -> Hire -> Onboard -> Time -> Payroll.
3. Perform validation and confirm downstream impact.","Recruiting -> Hire -> Onboard -> Time -> Payroll completes successfully with approvals, validations, and audit trail",Low,Workflow,"{""worker"": ""Jane Doe"", ""company"": ""Global Demo"", ""region"": ""US""}"
WD-REC-00784,Workday,RECRUITING,Background Check,Retail,Budget -> Expense -> Journal -> Dashboard,Functional,Edit Retail Workday Background Check,Workday access is provisioned and Retail test data exists,"1. Open Workday Background Check.
2. Execute: Budget -> Expense -> Journal -> Dashboard.
3. Perform validation and confirm downstream impact.","Budget -> Expense -> Journal -> Dashboard completes successfully with approvals, validations, and audit trail",High,Security,"{""worker"": ""Jane Doe"", ""company"": ""Global Demo"", ""region"": ""US""}"
WD-REC-00785,Workday,RECRUITING,Background Check,Healthcare,Requisition -> Offer -> Hire -> Onboard -> Payroll,Performance,Edit Healthcare Workday Background Check,Workday access is provisioned and Healthcare test data exists,"1. Open Workday Background Check.
2. Execute: Requisition -> Offer -> Hire -> Onboard -> Payroll.
3. Perform validation and confirm downstream impact.","Requisition -> Offer -> Hire -> Onboard -> Payroll completes successfully with approvals, validations, and audit trail",Low,Mobile,"{""worker"": ""Jane Doe"", ""company"": ""Global Demo"", ""region"": ""US""}"
WD-REC-00786,Workday,RECRUITING,Background Check,Healthcare,Employee Life Event -> Benefits -> Payroll -> Reporting,Security,Create Healthcare Workday Background Check,Workday access is provisioned and Healthcare test data exists,"1. Open Workday Background Check.
2. Execute: Employee Life Event -> Benefits -> Payroll -> Reporting.
3. Perform validation and confirm downstream impact.","Employee Life Event -> Benefits -> Payroll -> Reporting completes successfully with approvals, validations, and audit trail",Low,UI,"{""worker"": ""Jane Doe"", ""company"": ""Global Demo"", ""region"": ""US""}"
WD-REC-00787,Workday,RECRUITING,Background Check,Healthcare,Expense Submit -> Approval -> Accounting -> Reimbursement,Security,Approve Healthcare Workday Background Check,Workday access is provisioned and Healthcare test data exists,"1. Open Workday Background Check.
2. Execute: Expense Submit -> Approval -> Accounting -> Reimbursement.
3. Perform validation and confirm downstream impact.","Expense Submit -> Approval -> Accounting -> Reimbursement completes successfully with approvals, validations, and audit trail",Low,UI,"{""worker"": ""Jane Doe"", ""company"": ""Global Demo"", ""region"": ""US""}"
WD-REC-00788,Workday,RECRUITING,Background Check,Healthcare,Supplier Invoice -> Matching -> Approval -> Payment,Data Migration,Edit Healthcare Workday Background Check,Workday access is provisioned and Healthcare test data exists,"1. Open Workday Background Check.
2. Execute: Supplier Invoice -> Matching -> Approval -> Payment.
3. Perform validation and confirm downstream impact.","Supplier Invoice -> Matching -> Approval -> Payment completes successfully with approvals, validations, and audit trail",Low,Workflow,"{""worker"": ""Jane Doe"", ""company"": ""Global Demo"", ""region"": ""US""}"
WD-REC-00789,Workday,RECRUITING,Background Check,Healthcare,Integration Load -> Validate -> Error Handling -> Reprocess,Workflow,Edit Healthcare Workday Background Check,Workday access is provisioned and Healthcare test data exists,"1. Open Workday Background Check.
2. Execute: Integration Load -> Validate -> Error Handling -> Reprocess.
3. Perform validation and confirm downstream impact.","Integration Load -> Validate -> Error Handling -> Reprocess completes successfully with approvals, validations, and audit trail",Low,Mobile,"{""worker"": ""Jane Doe"", ""company"": ""Global Demo"", ""region"": ""US""}"
WD-REC-00790,Workday,RECRUITING,Background Check,Healthcare,Recruiting -> Hire -> Onboard -> Time -> Payroll,Performance,Route Healthcare Workday Background Check,Workday access is provisioned and Healthcare test data exists,"1. Open Workday Background Check.
2. Execute: Recruiting -> Hire -> Onboard -> Time -> Payroll.
3. Perform validation and confirm downstream impact.","Recruiting -> Hire -> Onboard -> Time -> Payroll completes successfully with approvals, validations, and audit trail",High,Functional,"{""worker"": ""Jane Doe"", ""company"": ""Global Demo"", ""region"": ""US""}"
WD-REC-00791,Workday,RECRUITING,Background Check,Healthcare,Budget -> Expense -> Journal -> Dashboard,Integration,Update Healthcare Workday Background Check,Workday access is provisioned and Healthcare test data exists,"1. Open Workday Background Check.
2. Execute: Budget -> Expense -> Journal -> Dashboard.
3. Perform validation and confirm downstream impact.","Budget -> Expense -> Journal -> Dashboard completes successfully with approvals, validations, and audit trail",Medium,Regression,"{""worker"": ""Jane Doe"", ""company"": ""Global Demo"", ""region"": ""US""}"
WD-REC-00792,Workday,RECRUITING,Background Check,Manufacturing,Requisition -> Offer -> Hire -> Onboard -> Payroll,Mobile,Close Manufacturing Workday Background Check,Workday access is provisioned and Manufacturing test data exists,"1. Open Workday Background Check.
2. Execute: Requisition -> Offer -> Hire -> Onboard -> Payroll.
3. Perform validation and confirm downstream impact.","Requisition -> Offer -> Hire -> Onboard -> Payroll completes successfully with approvals, validations, and audit trail",Medium,Integration,"{""worker"": ""Jane Doe"", ""company"": ""Global Demo"", ""region"": ""US""}"
WD-REC-00793,Workday,RECRUITING,Background Check,Manufacturing,Employee Life Event -> Benefits -> Payroll -> Reporting,Functional,Submit Manufacturing Workday Background Check,Workday access is provisioned and Manufacturing test data exists,"1. Open Workday Background Check.
2. Execute: Employee Life Event -> Benefits -> Payroll -> Reporting.
3. Perform validation and confirm downstream impact.","Employee Life Event -> Benefits -> Payroll -> Reporting completes successfully with approvals, validations, and audit trail",Low,Integration,"{""worker"": ""Jane Doe"", ""company"": ""Global Demo"", ""region"": ""US""}"
WD-REC-00794,Workday,RECRUITING,Background Check,Manufacturing,Expense Submit -> Approval -> Accounting -> Reimbursement,Security,Edit Manufacturing Workday Background Check,Workday access is provisioned and Manufacturing test data exists,"1. Open Workday Background Check.
2. Execute: Expense Submit -> Approval -> Accounting -> Reimbursement.
3. Perform validation and confirm downstream impact.","Expense Submit -> Approval -> Accounting -> Reimbursement completes successfully with approvals, validations, and audit trail",Low,Integration,"{""worker"": ""Jane Doe"", ""company"": ""Global Demo"", ""region"": ""US""}"
WD-REC-00795,Workday,RECRUITING,Background Check,Manufacturing,Supplier Invoice -> Matching -> Approval -> Payment,Mobile,Reject Manufacturing Workday Background Check,Workday access is provisioned and Manufacturing test data exists,"1. Open Workday Background Check.
2. Execute: Supplier Invoice -> Matching -> Approval -> Payment.
3. Perform validation and confirm downstream impact.","Supplier Invoice -> Matching -> Approval -> Payment completes successfully with approvals, validations, and audit trail",High,Workflow,"{""worker"": ""Jane Doe"", ""company"": ""Global Demo"", ""region"": ""US""}"
WD-REC-00796,Workday,RECRUITING,Background Check,Manufacturing,Integration Load -> Validate -> Error Handling -> Reprocess,Performance,Create Manufacturing Workday Background Check,Workday access is provisioned and Manufacturing test data exists,"1. Open Workday Background Check.
2. Execute: Integration Load -> Validate -> Error Handling -> Reprocess.
3. Perform validation and confirm downstream impact.","Integration Load -> Validate -> Error Handling -> Reprocess completes successfully with approvals, validations, and audit trail",Medium,Regression,"{""worker"": ""Jane Doe"", ""company"": ""Global Demo"", ""region"": ""US""}"
WD-REC-00797,Workday,RECRUITING,Background Check,Manufacturing,Recruiting -> Hire -> Onboard -> Time -> Payroll,Workflow,Export Manufacturing Workday Background Check,Workday access is provisioned and Manufacturing test data exists,"1. Open Workday Background Check.
2. Execute: Recruiting -> Hire -> Onboard -> Time -> Payroll.
3. Perform validation and confirm downstream impact.","Recruiting -> Hire -> Onboard -> Time -> Payroll completes successfully with approvals, validations, and audit trail",Medium,Workflow,"{""worker"": ""Jane Doe"", ""company"": ""Global Demo"", ""region"": ""US""}"
WD-REC-00798,Workday,RECRUITING,Background Check,Manufacturing,Budget -> Expense -> Journal -> Dashboard,Functional,Create Manufacturing Workday Background Check,Workday access is provisioned and Manufacturing test data exists,"1. Open Workday Background Check.
2. Execute: Budget -> Expense -> Journal -> Dashboard.
3. Perform validation and confirm downstream impact.","Budget -> Expense -> Journal -> Dashboard completes successfully with approvals, validations, and audit trail",Medium,Data Migration,"{""worker"": ""Jane Doe"", ""company"": ""Global Demo"", ""region"": ""US""}"
WD-REC-00799,Workday,RECRUITING,Background Check,Education,Requisition -> Offer -> Hire -> Onboard -> Payroll,Workflow,Approve Education Workday Background Check,Workday access is provisioned and Education test data exists,"1. Open Workday Background Check.
2. Execute: Requisition -> Offer -> Hire -> Onboard -> Payroll.
3. Perform validation and confirm downstream impact.","Requisition -> Offer -> Hire -> Onboard -> Payroll completes successfully with approvals, validations, and audit trail",High,Functional,"{""worker"": ""Jane Doe"", ""company"": ""Global Demo"", ""region"": ""US""}"
WD-REC-00800,Workday,RECRUITING,Background Check,Education,Employee Life Event -> Benefits -> Payroll -> Reporting,Workflow,Review Education Workday Background Check,Workday access is provisioned and Education test data exists,"1. Open Workday Background Check.
2. Execute: Employee Life Event -> Benefits -> Payroll -> Reporting.
3. Perform validation and confirm downstream impact.","Employee Life Event -> Benefits -> Payroll -> Reporting completes successfully with approvals, validations, and audit trail",Medium,Integration,"{""worker"": ""Jane Doe"", ""company"": ""Global Demo"", ""region"": ""US""}"
WD-REC-00801,Workday,RECRUITING,Background Check,Education,Expense Submit -> Approval -> Accounting -> Reimbursement,Functional,Review Education Workday Background Check,Workday access is provisioned and Education test data exists,"1. Open Workday Background Check.
2. Execute: Expense Submit -> Approval -> Accounting -> Reimbursement.
3. Perform validation and confirm downstream impact.","Expense Submit -> Approval -> Accounting -> Reimbursement completes successfully with approvals, validations, and audit trail",High,Integration,"{""worker"": ""Jane Doe"", ""company"": ""Global Demo"", ""region"": ""US""}"
WD-REC-00802,Workday,RECRUITING,Background Check,Education,Supplier Invoice -> Matching -> Approval -> Payment,UI,Reject Education Workday Background Check,Workday access is provisioned and Education test data exists,"1. Open Workday Background Check.
2. Execute: Supplier Invoice -> Matching -> Approval -> Payment.
3. Perform validation and confirm downstream impact.","Supplier Invoice -> Matching -> Approval -> Payment completes successfully with approvals, validations, and audit trail",Medium,Integration,"{""worker"": ""Jane Doe"", ""company"": ""Global Demo"", ""region"": ""US""}"
WD-REC-00803,Workday,RECRUITING,Background Check,Education,Integration Load -> Validate -> Error Handling -> Reprocess,Integration,Submit Education Workday Background Check,Workday access is provisioned and Education test data exists,"1. Open Workday Background Check.
2. Execute: Integration Load -> Validate -> Error Handling -> Reprocess.
3. Perform validation and confirm downstream impact.","Integration Load -> Validate -> Error Handling -> Reprocess completes successfully with approvals, validations, and audit trail",Medium,Regression,"{""worker"": ""Jane Doe"", ""company"": ""Global Demo"", ""region"": ""US""}"
WD-REC-00804,Workday,RECRUITING,Background Check,Education,Recruiting -> Hire -> Onboard -> Time -> Payroll,Workflow,Export Education Workday Background Check,Workday access is provisioned and Education test data exists,"1. Open Workday Background Check.
2. Execute: Recruiting -> Hire -> Onboard -> Time -> Payroll.
3. Perform validation and confirm downstream impact.","Recruiting -> Hire -> Onboard -> Time -> Payroll completes successfully with approvals, validations, and audit trail",High,Workflow,"{""worker"": ""Jane Doe"", ""company"": ""Global Demo"", ""region"": ""US""}"
WD-REC-00805,Workday,RECRUITING,Background Check,Education,Budget -> Expense -> Journal -> Dashboard,Performance,Import Education Workday Background Check,Workday access is provisioned and Education test data exists,"1. Open Workday Background Check.
2. Execute: Budget -> Expense -> Journal -> Dashboard.
3. Perform validation and confirm downstream impact.","Budget -> Expense -> Journal -> Dashboard completes successfully with approvals, validations, and audit trail",Medium,Integration,"{""worker"": ""Jane Doe"", ""company"": ""Global Demo"", ""region"": ""US""}"
WD-REC-00806,Workday,RECRUITING,Background Check,Nonprofit,Requisition -> Offer -> Hire -> Onboard -> Payroll,Integration,Approve Nonprofit Workday Background Check,Workday access is provisioned and Nonprofit test data exists,"1. Open Workday Background Check.
2. Execute: Requisition -> Offer -> Hire -> Onboard -> Payroll.
3. Perform validation and confirm downstream impact.","Requisition -> Offer -> Hire -> Onboard -> Payroll completes successfully with approvals, validations, and audit trail",Low,Workflow,"{""worker"": ""Jane Doe"", ""company"": ""Global Demo"", ""region"": ""US""}"
WD-REC-00807,Workday,RECRUITING,Background Check,Nonprofit,Employee Life Event -> Benefits -> Payroll -> Reporting,Performance,Validate Nonprofit Workday Background Check,Workday access is provisioned and Nonprofit test data exists,"1. Open Workday Background Check.
2. Execute: Employee Life Event -> Benefits -> Payroll -> Reporting.
3. Perform validation and confirm downstream impact.","Employee Life Event -> Benefits -> Payroll -> Reporting completes successfully with approvals, validations, and audit trail",Medium,UI,"{""worker"": ""Jane Doe"", ""company"": ""Global Demo"", ""region"": ""US""}"
WD-REC-00808,Workday,RECRUITING,Background Check,Nonprofit,Expense Submit -> Approval -> Accounting -> Reimbursement,Accessibility,Review Nonprofit Workday Background Check,Workday access is provisioned and Nonprofit test data exists,"1. Open Workday Background Check.
2. Execute: Expense Submit -> Approval -> Accounting -> Reimbursement.
3. Perform validation and confirm downstream impact.","Expense Submit -> Approval -> Accounting -> Reimbursement completes successfully with approvals, validations, and audit trail",Low,Regression,"{""worker"": ""Jane Doe"", ""company"": ""Global Demo"", ""region"": ""US""}"
WD-REC-00809,Workday,RECRUITING,Background Check,Nonprofit,Supplier Invoice -> Matching -> Approval -> Payment,Performance,Reject Nonprofit Workday Background Check,Workday access is provisioned and Nonprofit test data exists,"1. Open Workday Background Check.
2. Execute: Supplier Invoice -> Matching -> Approval -> Payment.
3. Perform validation and confirm downstream impact.","Supplier Invoice -> Matching -> Approval -> Payment completes successfully with approvals, validations, and audit trail",Low,Accessibility,"{""worker"": ""Jane Doe"", ""company"": ""Global Demo"", ""region"": ""US""}"
WD-REC-00810,Workday,RECRUITING,Background Check,Nonprofit,Integration Load -> Validate -> Error Handling -> Reprocess,Workflow,Review Nonprofit Workday Background Check,Workday access is provisioned and Nonprofit test data exists,"1. Open Workday Background Check.
2. Execute: Integration Load -> Validate -> Error Handling -> Reprocess.
3. Perform validation and confirm downstream impact.","Integration Load -> Validate -> Error Handling -> Reprocess completes successfully with approvals, validations, and audit trail",High,Data Migration,"{""worker"": ""Jane Doe"", ""company"": ""Global Demo"", ""region"": ""US""}"
WD-REC-00811,Workday,RECRUITING,Background Check,Nonprofit,Recruiting -> Hire -> Onboard -> Time -> Payroll,Integration,Create Nonprofit Workday Background Check,Workday access is provisioned and Nonprofit test data exists,"1. Open Workday Background Check.
2. Execute: Recruiting -> Hire -> Onboard -> Time -> Payroll.
3. Perform validation and confirm downstream impact.","Recruiting -> Hire -> Onboard -> Time -> Payroll completes successfully with approvals, validations, and audit trail",Low,Regression,"{""worker"": ""Jane Doe"", ""company"": ""Global Demo"", ""region"": ""US""}"
WD-REC-00812,Workday,RECRUITING,Background Check,Nonprofit,Budget -> Expense -> Journal -> Dashboard,Regression,Validate Nonprofit Workday Background Check,Workday access is provisioned and Nonprofit test data exists,"1. Open Workday Background Check.
2. Execute: Budget -> Expense -> Journal -> Dashboard.
3. Perform validation and confirm downstream impact.","Budget -> Expense -> Journal -> Dashboard completes successfully with approvals, validations, and audit trail",Low,Mobile,"{""worker"": ""Jane Doe"", ""company"": ""Global Demo"", ""region"": ""US""}"
WD-REC-00813,Workday,RECRUITING,Background Check,Financial Services,Requisition -> Offer -> Hire -> Onboard -> Payroll,Functional,Validate Financial Services Workday Background Check,Workday access is provisioned and Financial Services test data exists,"1. Open Workday Background Check.
2. Execute: Requisition -> Offer -> Hire -> Onboard -> Payroll.
3. Perform validation and confirm downstream impact.","Requisition -> Offer -> Hire -> Onboard -> Payroll completes successfully with approvals, validations, and audit trail",Low,Workflow,"{""worker"": ""Jane Doe"", ""company"": ""Global Demo"", ""region"": ""US""}"
WD-REC-00814,Workday,RECRUITING,Background Check,Financial Services,Employee Life Event -> Benefits -> Payroll -> Reporting,Accessibility,Approve Financial Services Workday Background Check,Workday access is provisioned and Financial Services test data exists,"1. Open Workday Background Check.
2. Execute: Employee Life Event -> Benefits -> Payroll -> Reporting.
3. Perform validation and confirm downstream impact.","Employee Life Event -> Benefits -> Payroll -> Reporting completes successfully with approvals, validations, and audit trail",Medium,UI,"{""worker"": ""Jane Doe"", ""company"": ""Global Demo"", ""region"": ""US""}"
WD-REC-00815,Workday,RECRUITING,Background Check,Financial Services,Expense Submit -> Approval -> Accounting -> Reimbursement,Accessibility,Sync Financial Services Workday Background Check,Workday access is provisioned and Financial Services test data exists,"1. Open Workday Background Check.
2. Execute: Expense Submit -> Approval -> Accounting -> Reimbursement.
3. Perform validation and confirm downstream impact.","Expense Submit -> Approval -> Accounting -> Reimbursement completes successfully with approvals, validations, and audit trail",Low,Regression,"{""worker"": ""Jane Doe"", ""company"": ""Global Demo"", ""region"": ""US""}"
WD-REC-00816,Workday,RECRUITING,Background Check,Financial Services,Supplier Invoice -> Matching -> Approval -> Payment,Workflow,Export Financial Services Workday Background Check,Workday access is provisioned and Financial Services test data exists,"1. Open Workday Background Check.
2. Execute: Supplier Invoice -> Matching -> Approval -> Payment.
3. Perform validation and confirm downstream impact.","Supplier Invoice -> Matching -> Approval -> Payment completes successfully with approvals, validations, and audit trail",Low,Integration,"{""worker"": ""Jane Doe"", ""company"": ""Global Demo"", ""region"": ""US""}"
WD-REC-00817,Workday,RECRUITING,Background Check,Financial Services,Integration Load -> Validate -> Error Handling -> Reprocess,Mobile,Edit Financial Services Workday Background Check,Workday access is provisioned and Financial Services test data exists,"1. Open Workday Background Check.
2. Execute: Integration Load -> Validate -> Error Handling -> Reprocess.
3. Perform validation and confirm downstream impact.","Integration Load -> Validate -> Error Handling -> Reprocess completes successfully with approvals, validations, and audit trail",Low,Workflow,"{""worker"": ""Jane Doe"", ""company"": ""Global Demo"", ""region"": ""US""}"
WD-REC-00818,Workday,RECRUITING,Background Check,Financial Services,Recruiting -> Hire -> Onboard -> Time -> Payroll,Data Migration,Close Financial Services Workday Background Check,Workday access is provisioned and Financial Services test data exists,"1. Open Workday Background Check.
2. Execute: Recruiting -> Hire -> Onboard -> Time -> Payroll.
3. Perform validation and confirm downstream impact.","Recruiting -> Hire -> Onboard -> Time -> Payroll completes successfully with approvals, validations, and audit trail",High,Regression,"{""worker"": ""Jane Doe"", ""company"": ""Global Demo"", ""region"": ""US""}"
WD-REC-00819,Workday,RECRUITING,Background Check,Financial Services,Budget -> Expense -> Journal -> Dashboard,Functional,Review Financial Services Workday Background Check,Workday access is provisioned and Financial Services test data exists,"1. Open Workday Background Check.
2. Execute: Budget -> Expense -> Journal -> Dashboard.
3. Perform validation and confirm downstream impact.","Budget -> Expense -> Journal -> Dashboard completes successfully with approvals, validations, and audit trail",High,Workflow,"{""worker"": ""Jane Doe"", ""company"": ""Global Demo"", ""region"": ""US""}"
WD-REC-00820,Workday,RECRUITING,Background Check,Technology,Requisition -> Offer -> Hire -> Onboard -> Payroll,Data Migration,Export Technology Workday Background Check,Workday access is provisioned and Technology test data exists,"1. Open Workday Background Check.
2. Execute: Requisition -> Offer -> Hire -> Onboard -> Payroll.
3. Perform validation and confirm downstream impact.","Requisition -> Offer -> Hire -> Onboard -> Payroll completes successfully with approvals, validations, and audit trail",Medium,Workflow,"{""worker"": ""Jane Doe"", ""company"": ""Global Demo"", ""region"": ""US""}"
WD-REC-00821,Workday,RECRUITING,Background Check,Technology,Employee Life Event -> Benefits -> Payroll -> Reporting,Mobile,Export Technology Workday Background Check,Workday access is provisioned and Technology test data exists,"1. Open Workday Background Check.
2. Execute: Employee Life Event -> Benefits -> Payroll -> Reporting.
3. Perform validation and confirm downstream impact.","Employee Life Event -> Benefits -> Payroll -> Reporting completes successfully with approvals, validations, and audit trail",Low,Data Migration,"{""worker"": ""Jane Doe"", ""company"": ""Global Demo"", ""region"": ""US""}"
WD-REC-00822,Workday,RECRUITING,Background Check,Technology,Expense Submit -> Approval -> Accounting -> Reimbursement,Mobile,Submit Technology Workday Background Check,Workday access is provisioned and Technology test data exists,"1. Open Workday Background Check.
2. Execute: Expense Submit -> Approval -> Accounting -> Reimbursement.
3. Perform validation and confirm downstream impact.","Expense Submit -> Approval -> Accounting -> Reimbursement completes successfully with approvals, validations, and audit trail",Low,Functional,"{""worker"": ""Jane Doe"", ""company"": ""Global Demo"", ""region"": ""US""}"
WD-REC-00823,Workday,RECRUITING,Background Check,Technology,Supplier Invoice -> Matching -> Approval -> Payment,Regression,Close Technology Workday Background Check,Workday access is provisioned and Technology test data exists,"1. Open Workday Background Check.
2. Execute: Supplier Invoice -> Matching -> Approval -> Payment.
3. Perform validation and confirm downstream impact.","Supplier Invoice -> Matching -> Approval -> Payment completes successfully with approvals, validations, and audit trail",Medium,Accessibility,"{""worker"": ""Jane Doe"", ""company"": ""Global Demo"", ""region"": ""US""}"
WD-REC-00824,Workday,RECRUITING,Background Check,Technology,Integration Load -> Validate -> Error Handling -> Reprocess,Regression,Edit Technology Workday Background Check,Workday access is provisioned and Technology test data exists,"1. Open Workday Background Check.
2. Execute: Integration Load -> Validate -> Error Handling -> Reprocess.
3. Perform validation and confirm downstream impact.","Integration Load -> Validate -> Error Handling -> Reprocess completes successfully with approvals, validations, and audit trail",Low,Data Migration,"{""worker"": ""Jane Doe"", ""company"": ""Global Demo"", ""region"": ""US""}"
WD-REC-00825,Workday,RECRUITING,Background Check,Technology,Recruiting -> Hire -> Onboard -> Time -> Payroll,Accessibility,Route Technology Workday Background Check,Workday access is provisioned and Technology test data exists,"1. Open Workday Background Check.
2. Execute: Recruiting -> Hire -> Onboard -> Time -> Payroll.
3. Perform validation and confirm downstream impact.","Recruiting -> Hire -> Onboard -> Time -> Payroll completes successfully with approvals, validations, and audit trail",Low,Security,"{""worker"": ""Jane Doe"", ""company"": ""Global Demo"", ""region"": ""US""}"
WD-REC-00826,Workday,RECRUITING,Background Check,Technology,Budget -> Expense -> Journal -> Dashboard,Integration,Review Technology Workday Background Check,Workday access is provisioned and Technology test data exists,"1. Open Workday Background Check.
2. Execute: Budget -> Expense -> Journal -> Dashboard.
3. Perform validation and confirm downstream impact.","Budget -> Expense -> Journal -> Dashboard completes successfully with approvals, validations, and audit trail",Low,Security,"{""worker"": ""Jane Doe"", ""company"": ""Global Demo"", ""region"": ""US""}"
WD-REC-00827,Workday,RECRUITING,Background Check,Public Sector,Requisition -> Offer -> Hire -> Onboard -> Payroll,Functional,Route Public Sector Workday Background Check,Workday access is provisioned and Public Sector test data exists,"1. Open Workday Background Check.
2. Execute: Requisition -> Offer -> Hire -> Onboard -> Payroll.
3. Perform validation and confirm downstream impact.","Requisition -> Offer -> Hire -> Onboard -> Payroll completes successfully with approvals, validations, and audit trail",High,Mobile,"{""worker"": ""Jane Doe"", ""company"": ""Global Demo"", ""region"": ""US""}"
WD-REC-00828,Workday,RECRUITING,Background Check,Public Sector,Employee Life Event -> Benefits -> Payroll -> Reporting,UI,Route Public Sector Workday Background Check,Workday access is provisioned and Public Sector test data exists,"1. Open Workday Background Check.
2. Execute: Employee Life Event -> Benefits -> Payroll -> Reporting.
3. Perform validation and confirm downstream impact.","Employee Life Event -> Benefits -> Payroll -> Reporting completes successfully with approvals, validations, and audit trail",Low,Regression,"{""worker"": ""Jane Doe"", ""company"": ""Global Demo"", ""region"": ""US""}"
WD-REC-00829,Workday,RECRUITING,Background Check,Public Sector,Expense Submit -> Approval -> Accounting -> Reimbursement,Functional,Close Public Sector Workday Background Check,Workday access is provisioned and Public Sector test data exists,"1. Open Workday Background Check.
2. Execute: Expense Submit -> Approval -> Accounting -> Reimbursement.
3. Perform validation and confirm downstream impact.","Expense Submit -> Approval -> Accounting -> Reimbursement completes successfully with approvals, validations, and audit trail",High,Data Migration,"{""worker"": ""Jane Doe"", ""company"": ""Global Demo"", ""region"": ""US""}"
WD-REC-00830,Workday,RECRUITING,Background Check,Public Sector,Supplier Invoice -> Matching -> Approval -> Payment,Workflow,Export Public Sector Workday Background Check,Workday access is provisioned and Public Sector test data exists,"1. Open Workday Background Check.
2. Execute: Supplier Invoice -> Matching -> Approval -> Payment.
3. Perform validation and confirm downstream impact.","Supplier Invoice -> Matching -> Approval -> Payment completes successfully with approvals, validations, and audit trail",Low,Regression,"{""worker"": ""Jane Doe"", ""company"": ""Global Demo"", ""region"": ""US""}"
WD-REC-00831,Workday,RECRUITING,Background Check,Public Sector,Integration Load -> Validate -> Error Handling -> Reprocess,Functional,Submit Public Sector Workday Background Check,Workday access is provisioned and Public Sector test data exists,"1. Open Workday Background Check.
2. Execute: Integration Load -> Validate -> Error Handling -> Reprocess.
3. Perform validation and confirm downstream impact.","Integration Load -> Validate -> Error Handling -> Reprocess completes successfully with approvals, validations, and audit trail",Low,Security,"{""worker"": ""Jane Doe"", ""company"": ""Global Demo"", ""region"": ""US""}"
WD-REC-00832,Workday,RECRUITING,Background Check,Public Sector,Recruiting -> Hire -> Onboard -> Time -> Payroll,Security,Review Public Sector Workday Background Check,Workday access is provisioned and Public Sector test data exists,"1. Open Workday Background Check.
2. Execute: Recruiting -> Hire -> Onboard -> Time -> Payroll.
3. Perform validation and confirm downstream impact.","Recruiting -> Hire -> Onboard -> Time -> Payroll completes successfully with approvals, validations, and audit trail",Low,Accessibility,"{""worker"": ""Jane Doe"", ""company"": ""Global Demo"", ""region"": ""US""}"
WD-REC-00833,Workday,RECRUITING,Background Check,Public Sector,Budget -> Expense -> Journal -> Dashboard,Workflow,Sync Public Sector Workday Background Check,Workday access is provisioned and Public Sector test data exists,"1. Open Workday Background Check.
2. Execute: Budget -> Expense -> Journal -> Dashboard.
3. Perform validation and confirm downstream impact.","Budget -> Expense -> Journal -> Dashboard completes successfully with approvals, validations, and audit trail",Low,Integration,"{""worker"": ""Jane Doe"", ""company"": ""Global Demo"", ""region"": ""US""}"
WD-REC-00834,Workday,RECRUITING,Background Check,Hospitality,Requisition -> Offer -> Hire -> Onboard -> Payroll,Workflow,Close Hospitality Workday Background Check,Workday access is provisioned and Hospitality test data exists,"1. Open Workday Background Check.
2. Execute: Requisition -> Offer -> Hire -> Onboard -> Payroll.
3. Perform validation and confirm downstream impact.","Requisition -> Offer -> Hire -> Onboard -> Payroll completes successfully with approvals, validations, and audit trail",Low,Workflow,"{""worker"": ""Jane Doe"", ""company"": ""Global Demo"", ""region"": ""US""}"
WD-REC-00835,Workday,RECRUITING,Background Check,Hospitality,Employee Life Event -> Benefits -> Payroll -> Reporting,Performance,Submit Hospitality Workday Background Check,Workday access is provisioned and Hospitality test data exists,"1. Open Workday Background Check.
2. Execute: Employee Life Event -> Benefits -> Payroll -> Reporting.
3. Perform validation and confirm downstream impact.","Employee Life Event -> Benefits -> Payroll -> Reporting completes successfully with approvals, validations, and audit trail",Medium,UI,"{""worker"": ""Jane Doe"", ""company"": ""Global Demo"", ""region"": ""US""}"
WD-REC-00836,Workday,RECRUITING,Background Check,Hospitality,Expense Submit -> Approval -> Accounting -> Reimbursement,UI,Validate Hospitality Workday Background Check,Workday access is provisioned and Hospitality test data exists,"1. Open Workday Background Check.
2. Execute: Expense Submit -> Approval -> Accounting -> Reimbursement.
3. Perform validation and confirm downstream impact.","Expense Submit -> Approval -> Accounting -> Reimbursement completes successfully with approvals, validations, and audit trail",Medium,Functional,"{""worker"": ""Jane Doe"", ""company"": ""Global Demo"", ""region"": ""US""}"
WD-REC-00837,Workday,RECRUITING,Background Check,Hospitality,Supplier Invoice -> Matching -> Approval -> Payment,Accessibility,Import Hospitality Workday Background Check,Workday access is provisioned and Hospitality test data exists,"1. Open Workday Background Check.
2. Execute: Supplier Invoice -> Matching -> Approval -> Payment.
3. Perform validation and confirm downstream impact.","Supplier Invoice -> Matching -> Approval -> Payment completes successfully with approvals, validations, and audit trail",Low,Workflow,"{""worker"": ""Jane Doe"", ""company"": ""Global Demo"", ""region"": ""US""}"
WD-REC-00838,Workday,RECRUITING,Background Check,Hospitality,Integration Load -> Validate -> Error Handling -> Reprocess,UI,Reject Hospitality Workday Background Check,Workday access is provisioned and Hospitality test data exists,"1. Open Workday Background Check.
2. Execute: Integration Load -> Validate -> Error Handling -> Reprocess.
3. Perform validation and confirm downstream impact.","Integration Load -> Validate -> Error Handling -> Reprocess completes successfully with approvals, validations, and audit trail",Medium,Integration,"{""worker"": ""Jane Doe"", ""company"": ""Global Demo"", ""region"": ""US""}"
WD-REC-00839,Workday,RECRUITING,Background Check,Hospitality,Recruiting -> Hire -> Onboard -> Time -> Payroll,Mobile,Create Hospitality Workday Background Check,Workday access is provisioned and Hospitality test data exists,"1. Open Workday Background Check.
2. Execute: Recruiting -> Hire -> Onboard -> Time -> Payroll.
3. Perform validation and confirm downstream impact.","Recruiting -> Hire -> Onboard -> Time -> Payroll completes successfully with approvals, validations, and audit trail",Low,Data Migration,"{""worker"": ""Jane Doe"", ""company"": ""Global Demo"", ""region"": ""US""}"
WD-REC-00840,Workday,RECRUITING,Background Check,Hospitality,Budget -> Expense -> Journal -> Dashboard,Functional,Update Hospitality Workday Background Check,Workday access is provisioned and Hospitality test data exists,"1. Open Workday Background Check.
2. Execute: Budget -> Expense -> Journal -> Dashboard.
3. Perform validation and confirm downstream impact.","Budget -> Expense -> Journal -> Dashboard completes successfully with approvals, validations, and audit trail",Medium,Mobile,"{""worker"": ""Jane Doe"", ""company"": ""Global Demo"", ""region"": ""US""}"
WD-REC-00841,Workday,RECRUITING,Requisition,Corporate,Requisition -> Offer -> Hire -> Onboard -> Payroll,Functional,Edit Corporate Workday Requisition,Workday access is provisioned and Corporate test data exists,"1. Open Workday Requisition.
2. Execute: Requisition -> Offer -> Hire -> Onboard -> Payroll.
3. Perform validation and confirm downstream impact.","Requisition -> Offer -> Hire -> Onboard -> Payroll completes successfully with approvals, validations, and audit trail",Low,Mobile,"{""worker"": ""Jane Doe"", ""company"": ""Global Demo"", ""region"": ""US""}"
WD-REC-00842,Workday,RECRUITING,Requisition,Corporate,Employee Life Event -> Benefits -> Payroll -> Reporting,Workflow,Submit Corporate Workday Requisition,Workday access is provisioned and Corporate test data exists,"1. Open Workday Requisition.
2. Execute: Employee Life Event -> Benefits -> Payroll -> Reporting.
3. Perform validation and confirm downstream impact.","Employee Life Event -> Benefits -> Payroll -> Reporting completes successfully with approvals, validations, and audit trail",Medium,Accessibility,"{""worker"": ""Jane Doe"", ""company"": ""Global Demo"", ""region"": ""US""}"
WD-REC-00843,Workday,RECRUITING,Requisition,Corporate,Expense Submit -> Approval -> Accounting -> Reimbursement,Functional,Reject Corporate Workday Requisition,Workday access is provisioned and Corporate test data exists,"1. Open Workday Requisition.
2. Execute: Expense Submit -> Approval -> Accounting -> Reimbursement.
3. Perform validation and confirm downstream impact.","Expense Submit -> Approval -> Accounting -> Reimbursement completes successfully with approvals, validations, and audit trail",Low,Integration,"{""worker"": ""Jane Doe"", ""company"": ""Global Demo"", ""region"": ""US""}"
WD-REC-00844,Workday,RECRUITING,Requisition,Corporate,Supplier Invoice -> Matching -> Approval -> Payment,Regression,Approve Corporate Workday Requisition,Workday access is provisioned and Corporate test data exists,"1. Open Workday Requisition.
2. Execute: Supplier Invoice -> Matching -> Approval -> Payment.
3. Perform validation and confirm downstream impact.","Supplier Invoice -> Matching -> Approval -> Payment completes successfully with approvals, validations, and audit trail",High,UI,"{""worker"": ""Jane Doe"", ""company"": ""Global Demo"", ""region"": ""US""}"
WD-REC-00845,Workday,RECRUITING,Requisition,Corporate,Integration Load -> Validate -> Error Handling -> Reprocess,Performance,Close Corporate Workday Requisition,Workday access is provisioned and Corporate test data exists,"1. Open Workday Requisition.
2. Execute: Integration Load -> Validate -> Error Handling -> Reprocess.
3. Perform validation and confirm downstream impact.","Integration Load -> Validate -> Error Handling -> Reprocess completes successfully with approvals, validations, and audit trail",Medium,Functional,"{""worker"": ""Jane Doe"", ""company"": ""Global Demo"", ""region"": ""US""}"
WD-REC-00846,Workday,RECRUITING,Requisition,Corporate,Recruiting -> Hire -> Onboard -> Time -> Payroll,Accessibility,Edit Corporate Workday Requisition,Workday access is provisioned and Corporate test data exists,"1. Open Workday Requisition.
2. Execute: Recruiting -> Hire -> Onboard -> Time -> Payroll.
3. Perform validation and confirm downstream impact.","Recruiting -> Hire -> Onboard -> Time -> Payroll completes successfully with approvals, validations, and audit trail",High,Integration,"{""worker"": ""Jane Doe"", ""company"": ""Global Demo"", ""region"": ""US""}"
WD-REC-00847,Workday,RECRUITING,Requisition,Corporate,Budget -> Expense -> Journal -> Dashboard,UI,Reject Corporate Workday Requisition,Workday access is provisioned and Corporate test data exists,"1. Open Workday Requisition.
2. Execute: Budget -> Expense -> Journal -> Dashboard.
3. Perform validation and confirm downstream impact.","Budget -> Expense -> Journal -> Dashboard completes successfully with approvals, validations, and audit trail",High,Workflow,"{""worker"": ""Jane Doe"", ""company"": ""Global Demo"", ""region"": ""US""}"
WD-REC-00848,Workday,RECRUITING,Requisition,Retail,Requisition -> Offer -> Hire -> Onboard -> Payroll,Mobile,Validate Retail Workday Requisition,Workday access is provisioned and Retail test data exists,"1. Open Workday Requisition.
2. Execute: Requisition -> Offer -> Hire -> Onboard -> Payroll.
3. Perform validation and confirm downstream impact.","Requisition -> Offer -> Hire -> Onboard -> Payroll completes successfully with approvals, validations, and audit trail",High,UI,"{""worker"": ""Jane Doe"", ""company"": ""Global Demo"", ""region"": ""US""}"
WD-REC-00849,Workday,RECRUITING,Requisition,Retail,Employee Life Event -> Benefits -> Payroll -> Reporting,Functional,Approve Retail Workday Requisition,Workday access is provisioned and Retail test data exists,"1. Open Workday Requisition.
2. Execute: Employee Life Event -> Benefits -> Payroll -> Reporting.
3. Perform validation and confirm downstream impact.","Employee Life Event -> Benefits -> Payroll -> Reporting completes successfully with approvals, validations, and audit trail",High,UI,"{""worker"": ""Jane Doe"", ""company"": ""Global Demo"", ""region"": ""US""}"
WD-REC-00850,Workday,RECRUITING,Requisition,Retail,Expense Submit -> Approval -> Accounting -> Reimbursement,Data Migration,Submit Retail Workday Requisition,Workday access is provisioned and Retail test data exists,"1. Open Workday Requisition.
2. Execute: Expense Submit -> Approval -> Accounting -> Reimbursement.
3. Perform validation and confirm downstream impact.","Expense Submit -> Approval -> Accounting -> Reimbursement completes successfully with approvals, validations, and audit trail",Medium,Regression,"{""worker"": ""Jane Doe"", ""company"": ""Global Demo"", ""region"": ""US""}"
WD-REC-00851,Workday,RECRUITING,Requisition,Retail,Supplier Invoice -> Matching -> Approval -> Payment,Mobile,Submit Retail Workday Requisition,Workday access is provisioned and Retail test data exists,"1. Open Workday Requisition.
2. Execute: Supplier Invoice -> Matching -> Approval -> Payment.
3. Perform validation and confirm downstream impact.","Supplier Invoice -> Matching -> Approval -> Payment completes successfully with approvals, validations, and audit trail",High,Data Migration,"{""worker"": ""Jane Doe"", ""company"": ""Global Demo"", ""region"": ""US""}"
WD-REC-00852,Workday,RECRUITING,Requisition,Retail,Integration Load -> Validate -> Error Handling -> Reprocess,UI,Export Retail Workday Requisition,Workday access is provisioned and Retail test data exists,"1. Open Workday Requisition.
2. Execute: Integration Load -> Validate -> Error Handling -> Reprocess.
3. Perform validation and confirm downstream impact.","Integration Load -> Validate -> Error Handling -> Reprocess completes successfully with approvals, validations, and audit trail",Low,Functional,"{""worker"": ""Jane Doe"", ""company"": ""Global Demo"", ""region"": ""US""}"
WD-REC-00853,Workday,RECRUITING,Requisition,Retail,Recruiting -> Hire -> Onboard -> Time -> Payroll,Security,Reject Retail Workday Requisition,Workday access is provisioned and Retail test data exists,"1. Open Workday Requisition.
2. Execute: Recruiting -> Hire -> Onboard -> Time -> Payroll.
3. Perform validation and confirm downstream impact.","Recruiting -> Hire -> Onboard -> Time -> Payroll completes successfully with approvals, validations, and audit trail",High,Regression,"{""worker"": ""Jane Doe"", ""company"": ""Global Demo"", ""region"": ""US""}"
WD-REC-00854,Workday,RECRUITING,Requisition,Retail,Budget -> Expense -> Journal -> Dashboard,Workflow,Export Retail Workday Requisition,Workday access is provisioned and Retail test data exists,"1. Open Workday Requisition.
2. Execute: Budget -> Expense -> Journal -> Dashboard.
3. Perform validation and confirm downstream impact.","Budget -> Expense -> Journal -> Dashboard completes successfully with approvals, validations, and audit trail",Medium,Accessibility,"{""worker"": ""Jane Doe"", ""company"": ""Global Demo"", ""region"": ""US""}"
WD-REC-00855,Workday,RECRUITING,Requisition,Healthcare,Requisition -> Offer -> Hire -> Onboard -> Payroll,Mobile,Validate Healthcare Workday Requisition,Workday access is provisioned and Healthcare test data exists,"1. Open Workday Requisition.
2. Execute: Requisition -> Offer -> Hire -> Onboard -> Payroll.
3. Perform validation and confirm downstream impact.","Requisition -> Offer -> Hire -> Onboard -> Payroll completes successfully with approvals, validations, and audit trail",High,Data Migration,"{""worker"": ""Jane Doe"", ""company"": ""Global Demo"", ""region"": ""US""}"
WD-REC-00856,Workday,RECRUITING,Requisition,Healthcare,Employee Life Event -> Benefits -> Payroll -> Reporting,Integration,Validate Healthcare Workday Requisition,Workday access is provisioned and Healthcare test data exists,"1. Open Workday Requisition.
2. Execute: Employee Life Event -> Benefits -> Payroll -> Reporting.
3. Perform validation and confirm downstream impact.","Employee Life Event -> Benefits -> Payroll -> Reporting completes successfully with approvals, validations, and audit trail",Medium,UI,"{""worker"": ""Jane Doe"", ""company"": ""Global Demo"", ""region"": ""US""}"
WD-REC-00857,Workday,RECRUITING,Requisition,Healthcare,Expense Submit -> Approval -> Accounting -> Reimbursement,Functional,Approve Healthcare Workday Requisition,Workday access is provisioned and Healthcare test data exists,"1. Open Workday Requisition.
2. Execute: Expense Submit -> Approval -> Accounting -> Reimbursement.
3. Perform validation and confirm downstream impact.","Expense Submit -> Approval -> Accounting -> Reimbursement completes successfully with approvals, validations, and audit trail",Medium,Performance,"{""worker"": ""Jane Doe"", ""company"": ""Global Demo"", ""region"": ""US""}"
WD-REC-00858,Workday,RECRUITING,Requisition,Healthcare,Supplier Invoice -> Matching -> Approval -> Payment,Data Migration,Reject Healthcare Workday Requisition,Workday access is provisioned and Healthcare test data exists,"1. Open Workday Requisition.
2. Execute: Supplier Invoice -> Matching -> Approval -> Payment.
3. Perform validation and confirm downstream impact.","Supplier Invoice -> Matching -> Approval -> Payment completes successfully with approvals, validations, and audit trail",Medium,Accessibility,"{""worker"": ""Jane Doe"", ""company"": ""Global Demo"", ""region"": ""US""}"
WD-REC-00859,Workday,RECRUITING,Requisition,Healthcare,Integration Load -> Validate -> Error Handling -> Reprocess,Workflow,Edit Healthcare Workday Requisition,Workday access is provisioned and Healthcare test data exists,"1. Open Workday Requisition.
2. Execute: Integration Load -> Validate -> Error Handling -> Reprocess.
3. Perform validation and confirm downstream impact.","Integration Load -> Validate -> Error Handling -> Reprocess completes successfully with approvals, validations, and audit trail",Low,Accessibility,"{""worker"": ""Jane Doe"", ""company"": ""Global Demo"", ""region"": ""US""}"
WD-REC-00860,Workday,RECRUITING,Requisition,Healthcare,Recruiting -> Hire -> Onboard -> Time -> Payroll,Workflow,Approve Healthcare Workday Requisition,Workday access is provisioned and Healthcare test data exists,"1. Open Workday Requisition.
2. Execute: Recruiting -> Hire -> Onboard -> Time -> Payroll.
3. Perform validation and confirm downstream impact.","Recruiting -> Hire -> Onboard -> Time -> Payroll completes successfully with approvals, validations, and audit trail",Low,Mobile,"{""worker"": ""Jane Doe"", ""company"": ""Global Demo"", ""region"": ""US""}"
WD-REC-00861,Workday,RECRUITING,Requisition,Healthcare,Budget -> Expense -> Journal -> Dashboard,Mobile,Sync Healthcare Workday Requisition,Workday access is provisioned and Healthcare test data exists,"1. Open Workday Requisition.
2. Execute: Budget -> Expense -> Journal -> Dashboard.
3. Perform validation and confirm downstream impact.","Budget -> Expense -> Journal -> Dashboard completes successfully with approvals, validations, and audit trail",Low,Workflow,"{""worker"": ""Jane Doe"", ""company"": ""Global Demo"", ""region"": ""US""}"
WD-REC-00862,Workday,RECRUITING,Requisition,Manufacturing,Requisition -> Offer -> Hire -> Onboard -> Payroll,Integration,Import Manufacturing Workday Requisition,Workday access is provisioned and Manufacturing test data exists,"1. Open Workday Requisition.
2. Execute: Requisition -> Offer -> Hire -> Onboard -> Payroll.
3. Perform validation and confirm downstream impact.","Requisition -> Offer -> Hire -> Onboard -> Payroll completes successfully with approvals, validations, and audit trail",Medium,UI,"{""worker"": ""Jane Doe"", ""company"": ""Global Demo"", ""region"": ""US""}"
WD-REC-00863,Workday,RECRUITING,Requisition,Manufacturing,Employee Life Event -> Benefits -> Payroll -> Reporting,Accessibility,Export Manufacturing Workday Requisition,Workday access is provisioned and Manufacturing test data exists,"1. Open Workday Requisition.
2. Execute: Employee Life Event -> Benefits -> Payroll -> Reporting.
3. Perform validation and confirm downstream impact.","Employee Life Event -> Benefits -> Payroll -> Reporting completes successfully with approvals, validations, and audit trail",Medium,UI,"{""worker"": ""Jane Doe"", ""company"": ""Global Demo"", ""region"": ""US""}"
WD-REC-00864,Workday,RECRUITING,Requisition,Manufacturing,Expense Submit -> Approval -> Accounting -> Reimbursement,Mobile,Approve Manufacturing Workday Requisition,Workday access is provisioned and Manufacturing test data exists,"1. Open Workday Requisition.
2. Execute: Expense Submit -> Approval -> Accounting -> Reimbursement.
3. Perform validation and confirm downstream impact.","Expense Submit -> Approval -> Accounting -> Reimbursement completes successfully with approvals, validations, and audit trail",High,UI,"{""worker"": ""Jane Doe"", ""company"": ""Global Demo"", ""region"": ""US""}"
WD-REC-00865,Workday,RECRUITING,Requisition,Manufacturing,Supplier Invoice -> Matching -> Approval -> Payment,Workflow,Approve Manufacturing Workday Requisition,Workday access is provisioned and Manufacturing test data exists,"1. Open Workday Requisition.
2. Execute: Supplier Invoice -> Matching -> Approval -> Payment.
3. Perform validation and confirm downstream impact.","Supplier Invoice -> Matching -> Approval -> Payment completes successfully with approvals, validations, and audit trail",Low,UI,"{""worker"": ""Jane Doe"", ""company"": ""Global Demo"", ""region"": ""US""}"
WD-REC-00866,Workday,RECRUITING,Requisition,Manufacturing,Integration Load -> Validate -> Error Handling -> Reprocess,Performance,Close Manufacturing Workday Requisition,Workday access is provisioned and Manufacturing test data exists,"1. Open Workday Requisition.
2. Execute: Integration Load -> Validate -> Error Handling -> Reprocess.
3. Perform validation and confirm downstream impact.","Integration Load -> Validate -> Error Handling -> Reprocess completes successfully with approvals, validations, and audit trail",Low,Data Migration,"{""worker"": ""Jane Doe"", ""company"": ""Global Demo"", ""region"": ""US""}"
WD-REC-00867,Workday,RECRUITING,Requisition,Manufacturing,Recruiting -> Hire -> Onboard -> Time -> Payroll,Performance,Import Manufacturing Workday Requisition,Workday access is provisioned and Manufacturing test data exists,"1. Open Workday Requisition.
2. Execute: Recruiting -> Hire -> Onboard -> Time -> Payroll.
3. Perform validation and confirm downstream impact.","Recruiting -> Hire -> Onboard -> Time -> Payroll completes successfully with approvals, validations, and audit trail",Low,Security,"{""worker"": ""Jane Doe"", ""company"": ""Global Demo"", ""region"": ""US""}"
WD-REC-00868,Workday,RECRUITING,Requisition,Manufacturing,Budget -> Expense -> Journal -> Dashboard,Security,Route Manufacturing Workday Requisition,Workday access is provisioned and Manufacturing test data exists,"1. Open Workday Requisition.
2. Execute: Budget -> Expense -> Journal -> Dashboard.
3. Perform validation and confirm downstream impact.","Budget -> Expense -> Journal -> Dashboard completes successfully with approvals, validations, and audit trail",Low,Data Migration,"{""worker"": ""Jane Doe"", ""company"": ""Global Demo"", ""region"": ""US""}"
WD-REC-00869,Workday,RECRUITING,Requisition,Education,Requisition -> Offer -> Hire -> Onboard -> Payroll,Security,Reject Education Workday Requisition,Workday access is provisioned and Education test data exists,"1. Open Workday Requisition.
2. Execute: Requisition -> Offer -> Hire -> Onboard -> Payroll.
3. Perform validation and confirm downstream impact.","Requisition -> Offer -> Hire -> Onboard -> Payroll completes successfully with approvals, validations, and audit trail",High,Security,"{""worker"": ""Jane Doe"", ""company"": ""Global Demo"", ""region"": ""US""}"
WD-REC-00870,Workday,RECRUITING,Requisition,Education,Employee Life Event -> Benefits -> Payroll -> Reporting,Workflow,Edit Education Workday Requisition,Workday access is provisioned and Education test data exists,"1. Open Workday Requisition.
2. Execute: Employee Life Event -> Benefits -> Payroll -> Reporting.
3. Perform validation and confirm downstream impact.","Employee Life Event -> Benefits -> Payroll -> Reporting completes successfully with approvals, validations, and audit trail",Medium,Performance,"{""worker"": ""Jane Doe"", ""company"": ""Global Demo"", ""region"": ""US""}"
WD-REC-00871,Workday,RECRUITING,Requisition,Education,Expense Submit -> Approval -> Accounting -> Reimbursement,Accessibility,Sync Education Workday Requisition,Workday access is provisioned and Education test data exists,"1. Open Workday Requisition.
2. Execute: Expense Submit -> Approval -> Accounting -> Reimbursement.
3. Perform validation and confirm downstream impact.","Expense Submit -> Approval -> Accounting -> Reimbursement completes successfully with approvals, validations, and audit trail",High,Data Migration,"{""worker"": ""Jane Doe"", ""company"": ""Global Demo"", ""region"": ""US""}"
WD-REC-00872,Workday,RECRUITING,Requisition,Education,Supplier Invoice -> Matching -> Approval -> Payment,Performance,Approve Education Workday Requisition,Workday access is provisioned and Education test data exists,"1. Open Workday Requisition.
2. Execute: Supplier Invoice -> Matching -> Approval -> Payment.
3. Perform validation and confirm downstream impact.","Supplier Invoice -> Matching -> Approval -> Payment completes successfully with approvals, validations, and audit trail",Low,Regression,"{""worker"": ""Jane Doe"", ""company"": ""Global Demo"", ""region"": ""US""}"
WD-REC-00873,Workday,RECRUITING,Requisition,Education,Integration Load -> Validate -> Error Handling -> Reprocess,Regression,Close Education Workday Requisition,Workday access is provisioned and Education test data exists,"1. Open Workday Requisition.
2. Execute: Integration Load -> Validate -> Error Handling -> Reprocess.
3. Perform validation and confirm downstream impact.","Integration Load -> Validate -> Error Handling -> Reprocess completes successfully with approvals, validations, and audit trail",High,UI,"{""worker"": ""Jane Doe"", ""company"": ""Global Demo"", ""region"": ""US""}"
WD-REC-00874,Workday,RECRUITING,Requisition,Education,Recruiting -> Hire -> Onboard -> Time -> Payroll,Workflow,Create Education Workday Requisition,Workday access is provisioned and Education test data exists,"1. Open Workday Requisition.
2. Execute: Recruiting -> Hire -> Onboard -> Time -> Payroll.
3. Perform validation and confirm downstream impact.","Recruiting -> Hire -> Onboard -> Time -> Payroll completes successfully with approvals, validations, and audit trail",Medium,Security,"{""worker"": ""Jane Doe"", ""company"": ""Global Demo"", ""region"": ""US""}"
WD-REC-00875,Workday,RECRUITING,Requisition,Education,Budget -> Expense -> Journal -> Dashboard,UI,Sync Education Workday Requisition,Workday access is provisioned and Education test data exists,"1. Open Workday Requisition.
2. Execute: Budget -> Expense -> Journal -> Dashboard.
3. Perform validation and confirm downstream impact.","Budget -> Expense -> Journal -> Dashboard completes successfully with approvals, validations, and audit trail",Medium,Accessibility,"{""worker"": ""Jane Doe"", ""company"": ""Global Demo"", ""region"": ""US""}"
WD-REC-00876,Workday,RECRUITING,Requisition,Nonprofit,Requisition -> Offer -> Hire -> Onboard -> Payroll,Data Migration,Validate Nonprofit Workday Requisition,Workday access is provisioned and Nonprofit test data exists,"1. Open Workday Requisition.
2. Execute: Requisition -> Offer -> Hire -> Onboard -> Payroll.
3. Perform validation and confirm downstream impact.","Requisition -> Offer -> Hire -> Onboard -> Payroll completes successfully with approvals, validations, and audit trail",High,Performance,"{""worker"": ""Jane Doe"", ""company"": ""Global Demo"", ""region"": ""US""}"
WD-REC-00877,Workday,RECRUITING,Requisition,Nonprofit,Employee Life Event -> Benefits -> Payroll -> Reporting,Regression,Review Nonprofit Workday Requisition,Workday access is provisioned and Nonprofit test data exists,"1. Open Workday Requisition.
2. Execute: Employee Life Event -> Benefits -> Payroll -> Reporting.
3. Perform validation and confirm downstream impact.","Employee Life Event -> Benefits -> Payroll -> Reporting completes successfully with approvals, validations, and audit trail",High,UI,"{""worker"": ""Jane Doe"", ""company"": ""Global Demo"", ""region"": ""US""}"
WD-REC-00878,Workday,RECRUITING,Requisition,Nonprofit,Expense Submit -> Approval -> Accounting -> Reimbursement,Integration,Update Nonprofit Workday Requisition,Workday access is provisioned and Nonprofit test data exists,"1. Open Workday Requisition.
2. Execute: Expense Submit -> Approval -> Accounting -> Reimbursement.
3. Perform validation and confirm downstream impact.","Expense Submit -> Approval -> Accounting -> Reimbursement completes successfully with approvals, validations, and audit trail",Low,Performance,"{""worker"": ""Jane Doe"", ""company"": ""Global Demo"", ""region"": ""US""}"
WD-REC-00879,Workday,RECRUITING,Requisition,Nonprofit,Supplier Invoice -> Matching -> Approval -> Payment,Workflow,Edit Nonprofit Workday Requisition,Workday access is provisioned and Nonprofit test data exists,"1. Open Workday Requisition.
2. Execute: Supplier Invoice -> Matching -> Approval -> Payment.
3. Perform validation and confirm downstream impact.","Supplier Invoice -> Matching -> Approval -> Payment completes successfully with approvals, validations, and audit trail",High,Mobile,"{""worker"": ""Jane Doe"", ""company"": ""Global Demo"", ""region"": ""US""}"
WD-REC-00880,Workday,RECRUITING,Requisition,Nonprofit,Integration Load -> Validate -> Error Handling -> Reprocess,UI,Import Nonprofit Workday Requisition,Workday access is provisioned and Nonprofit test data exists,"1. Open Workday Requisition.
2. Execute: Integration Load -> Validate -> Error Handling -> Reprocess.
3. Perform validation and confirm downstream impact.","Integration Load -> Validate -> Error Handling -> Reprocess completes successfully with approvals, validations, and audit trail",Low,UI,"{""worker"": ""Jane Doe"", ""company"": ""Global Demo"", ""region"": ""US""}"
WD-REC-00881,Workday,RECRUITING,Requisition,Nonprofit,Recruiting -> Hire -> Onboard -> Time -> Payroll,Integration,Close Nonprofit Workday Requisition,Workday access is provisioned and Nonprofit test data exists,"1. Open Workday Requisition.
2. Execute: Recruiting -> Hire -> Onboard -> Time -> Payroll.
3. Perform validation and confirm downstream impact.","Recruiting -> Hire -> Onboard -> Time -> Payroll completes successfully with approvals, validations, and audit trail",Medium,Workflow,"{""worker"": ""Jane Doe"", ""company"": ""Global Demo"", ""region"": ""US""}"
WD-REC-00882,Workday,RECRUITING,Requisition,Nonprofit,Budget -> Expense -> Journal -> Dashboard,Data Migration,Export Nonprofit Workday Requisition,Workday access is provisioned and Nonprofit test data exists,"1. Open Workday Requisition.
2. Execute: Budget -> Expense -> Journal -> Dashboard.
3. Perform validation and confirm downstream impact.","Budget -> Expense -> Journal -> Dashboard completes successfully with approvals, validations, and audit trail",High,Integration,"{""worker"": ""Jane Doe"", ""company"": ""Global Demo"", ""region"": ""US""}"
WD-REC-00883,Workday,RECRUITING,Requisition,Financial Services,Requisition -> Offer -> Hire -> Onboard -> Payroll,Workflow,Approve Financial Services Workday Requisition,Workday access is provisioned and Financial Services test data exists,"1. Open Workday Requisition.
2. Execute: Requisition -> Offer -> Hire -> Onboard -> Payroll.
3. Perform validation and confirm downstream impact.","Requisition -> Offer -> Hire -> Onboard -> Payroll completes successfully with approvals, validations, and audit trail",Medium,Accessibility,"{""worker"": ""Jane Doe"", ""company"": ""Global Demo"", ""region"": ""US""}"
WD-REC-00884,Workday,RECRUITING,Requisition,Financial Services,Employee Life Event -> Benefits -> Payroll -> Reporting,Workflow,Approve Financial Services Workday Requisition,Workday access is provisioned and Financial Services test data exists,"1. Open Workday Requisition.
2. Execute: Employee Life Event -> Benefits -> Payroll -> Reporting.
3. Perform validation and confirm downstream impact.","Employee Life Event -> Benefits -> Payroll -> Reporting completes successfully with approvals, validations, and audit trail",High,Workflow,"{""worker"": ""Jane Doe"", ""company"": ""Global Demo"", ""region"": ""US""}"
WD-REC-00885,Workday,RECRUITING,Requisition,Financial Services,Expense Submit -> Approval -> Accounting -> Reimbursement,Workflow,Sync Financial Services Workday Requisition,Workday access is provisioned and Financial Services test data exists,"1. Open Workday Requisition.
2. Execute: Expense Submit -> Approval -> Accounting -> Reimbursement.
3. Perform validation and confirm downstream impact.","Expense Submit -> Approval -> Accounting -> Reimbursement completes successfully with approvals, validations, and audit trail",Medium,UI,"{""worker"": ""Jane Doe"", ""company"": ""Global Demo"", ""region"": ""US""}"
WD-REC-00886,Workday,RECRUITING,Requisition,Financial Services,Supplier Invoice -> Matching -> Approval -> Payment,Performance,Review Financial Services Workday Requisition,Workday access is provisioned and Financial Services test data exists,"1. Open Workday Requisition.
2. Execute: Supplier Invoice -> Matching -> Approval -> Payment.
3. Perform validation and confirm downstream impact.","Supplier Invoice -> Matching -> Approval -> Payment completes successfully with approvals, validations, and audit trail",High,Workflow,"{""worker"": ""Jane Doe"", ""company"": ""Global Demo"", ""region"": ""US""}"
WD-REC-00887,Workday,RECRUITING,Requisition,Financial Services,Integration Load -> Validate -> Error Handling -> Reprocess,Data Migration,Sync Financial Services Workday Requisition,Workday access is provisioned and Financial Services test data exists,"1. Open Workday Requisition.
2. Execute: Integration Load -> Validate -> Error Handling -> Reprocess.
3. Perform validation and confirm downstream impact.","Integration Load -> Validate -> Error Handling -> Reprocess completes successfully with approvals, validations, and audit trail",High,Workflow,"{""worker"": ""Jane Doe"", ""company"": ""Global Demo"", ""region"": ""US""}"
WD-REC-00888,Workday,RECRUITING,Requisition,Financial Services,Recruiting -> Hire -> Onboard -> Time -> Payroll,Security,Validate Financial Services Workday Requisition,Workday access is provisioned and Financial Services test data exists,"1. Open Workday Requisition.
2. Execute: Recruiting -> Hire -> Onboard -> Time -> Payroll.
3. Perform validation and confirm downstream impact.","Recruiting -> Hire -> Onboard -> Time -> Payroll completes successfully with approvals, validations, and audit trail",Medium,Workflow,"{""worker"": ""Jane Doe"", ""company"": ""Global Demo"", ""region"": ""US""}"
WD-REC-00889,Workday,RECRUITING,Requisition,Financial Services,Budget -> Expense -> Journal -> Dashboard,Security,Submit Financial Services Workday Requisition,Workday access is provisioned and Financial Services test data exists,"1. Open Workday Requisition.
2. Execute: Budget -> Expense -> Journal -> Dashboard.
3. Perform validation and confirm downstream impact.","Budget -> Expense -> Journal -> Dashboard completes successfully with approvals, validations, and audit trail",Low,Data Migration,"{""worker"": ""Jane Doe"", ""company"": ""Global Demo"", ""region"": ""US""}"
WD-REC-00890,Workday,RECRUITING,Requisition,Technology,Requisition -> Offer -> Hire -> Onboard -> Payroll,Workflow,Close Technology Workday Requisition,Workday access is provisioned and Technology test data exists,"1. Open Workday Requisition.
2. Execute: Requisition -> Offer -> Hire -> Onboard -> Payroll.
3. Perform validation and confirm downstream impact.","Requisition -> Offer -> Hire -> Onboard -> Payroll completes successfully with approvals, validations, and audit trail",High,Integration,"{""worker"": ""Jane Doe"", ""company"": ""Global Demo"", ""region"": ""US""}"
WD-REC-00891,Workday,RECRUITING,Requisition,Technology,Employee Life Event -> Benefits -> Payroll -> Reporting,Performance,Sync Technology Workday Requisition,Workday access is provisioned and Technology test data exists,"1. Open Workday Requisition.
2. Execute: Employee Life Event -> Benefits -> Payroll -> Reporting.
3. Perform validation and confirm downstream impact.","Employee Life Event -> Benefits -> Payroll -> Reporting completes successfully with approvals, validations, and audit trail",High,Data Migration,"{""worker"": ""Jane Doe"", ""company"": ""Global Demo"", ""region"": ""US""}"
WD-REC-00892,Workday,RECRUITING,Requisition,Technology,Expense Submit -> Approval -> Accounting -> Reimbursement,Workflow,Validate Technology Workday Requisition,Workday access is provisioned and Technology test data exists,"1. Open Workday Requisition.
2. Execute: Expense Submit -> Approval -> Accounting -> Reimbursement.
3. Perform validation and confirm downstream impact.","Expense Submit -> Approval -> Accounting -> Reimbursement completes successfully with approvals, validations, and audit trail",Low,Mobile,"{""worker"": ""Jane Doe"", ""company"": ""Global Demo"", ""region"": ""US""}"
WD-REC-00893,Workday,RECRUITING,Requisition,Technology,Supplier Invoice -> Matching -> Approval -> Payment,Mobile,Import Technology Workday Requisition,Workday access is provisioned and Technology test data exists,"1. Open Workday Requisition.
2. Execute: Supplier Invoice -> Matching -> Approval -> Payment.
3. Perform validation and confirm downstream impact.","Supplier Invoice -> Matching -> Approval -> Payment completes successfully with approvals, validations, and audit trail",Low,Regression,"{""worker"": ""Jane Doe"", ""company"": ""Global Demo"", ""region"": ""US""}"
WD-REC-00894,Workday,RECRUITING,Requisition,Technology,Integration Load -> Validate -> Error Handling -> Reprocess,Functional,Reject Technology Workday Requisition,Workday access is provisioned and Technology test data exists,"1. Open Workday Requisition.
2. Execute: Integration Load -> Validate -> Error Handling -> Reprocess.
3. Perform validation and confirm downstream impact.","Integration Load -> Validate -> Error Handling -> Reprocess completes successfully with approvals, validations, and audit trail",Low,UI,"{""worker"": ""Jane Doe"", ""company"": ""Global Demo"", ""region"": ""US""}"
WD-REC-00895,Workday,RECRUITING,Requisition,Technology,Recruiting -> Hire -> Onboard -> Time -> Payroll,Security,Create Technology Workday Requisition,Workday access is provisioned and Technology test data exists,"1. Open Workday Requisition.
2. Execute: Recruiting -> Hire -> Onboard -> Time -> Payroll.
3. Perform validation and confirm downstream impact.","Recruiting -> Hire -> Onboard -> Time -> Payroll completes successfully with approvals, validations, and audit trail",High,Mobile,"{""worker"": ""Jane Doe"", ""company"": ""Global Demo"", ""region"": ""US""}"
WD-REC-00896,Workday,RECRUITING,Requisition,Technology,Budget -> Expense -> Journal -> Dashboard,Workflow,Submit Technology Workday Requisition,Workday access is provisioned and Technology test data exists,"1. Open Workday Requisition.
2. Execute: Budget -> Expense -> Journal -> Dashboard.
3. Perform validation and confirm downstream impact.","Budget -> Expense -> Journal -> Dashboard completes successfully with approvals, validations, and audit trail",Medium,Regression,"{""worker"": ""Jane Doe"", ""company"": ""Global Demo"", ""region"": ""US""}"
WD-REC-00897,Workday,RECRUITING,Requisition,Public Sector,Requisition -> Offer -> Hire -> Onboard -> Payroll,Security,Approve Public Sector Workday Requisition,Workday access is provisioned and Public Sector test data exists,"1. Open Workday Requisition.
2. Execute: Requisition -> Offer -> Hire -> Onboard -> Payroll.
3. Perform validation and confirm downstream impact.","Requisition -> Offer -> Hire -> Onboard -> Payroll completes successfully with approvals, validations, and audit trail",High,Data Migration,"{""worker"": ""Jane Doe"", ""company"": ""Global Demo"", ""region"": ""US""}"
WD-REC-00898,Workday,RECRUITING,Requisition,Public Sector,Employee Life Event -> Benefits -> Payroll -> Reporting,Accessibility,Submit Public Sector Workday Requisition,Workday access is provisioned and Public Sector test data exists,"1. Open Workday Requisition.
2. Execute: Employee Life Event -> Benefits -> Payroll -> Reporting.
3. Perform validation and confirm downstream impact.","Employee Life Event -> Benefits -> Payroll -> Reporting completes successfully with approvals, validations, and audit trail",High,Regression,"{""worker"": ""Jane Doe"", ""company"": ""Global Demo"", ""region"": ""US""}"
WD-REC-00899,Workday,RECRUITING,Requisition,Public Sector,Expense Submit -> Approval -> Accounting -> Reimbursement,Mobile,Sync Public Sector Workday Requisition,Workday access is provisioned and Public Sector test data exists,"1. Open Workday Requisition.
2. Execute: Expense Submit -> Approval -> Accounting -> Reimbursement.
3. Perform validation and confirm downstream impact.","Expense Submit -> Approval -> Accounting -> Reimbursement completes successfully with approvals, validations, and audit trail",Low,UI,"{""worker"": ""Jane Doe"", ""company"": ""Global Demo"", ""region"": ""US""}"
WD-REC-00900,Workday,RECRUITING,Requisition,Public Sector,Supplier Invoice -> Matching -> Approval -> Payment,Accessibility,Sync Public Sector Workday Requisition,Workday access is provisioned and Public Sector test data exists,"1. Open Workday Requisition.
2. Execute: Supplier Invoice -> Matching -> Approval -> Payment.
3. Perform validation and confirm downstream impact.","Supplier Invoice -> Matching -> Approval -> Payment completes successfully with approvals, validations, and audit trail",Low,Data Migration,"{""worker"": ""Jane Doe"", ""company"": ""Global Demo"", ""region"": ""US""}"
WD-REC-00901,Workday,RECRUITING,Requisition,Public Sector,Integration Load -> Validate -> Error Handling -> Reprocess,Regression,Reject Public Sector Workday Requisition,Workday access is provisioned and Public Sector test data exists,"1. Open Workday Requisition.
2. Execute: Integration Load -> Validate -> Error Handling -> Reprocess.
3. Perform validation and confirm downstream impact.","Integration Load -> Validate -> Error Handling -> Reprocess completes successfully with approvals, validations, and audit trail",High,UI,"{""worker"": ""Jane Doe"", ""company"": ""Global Demo"", ""region"": ""US""}"
WD-REC-00902,Workday,RECRUITING,Requisition,Public Sector,Recruiting -> Hire -> Onboard -> Time -> Payroll,Workflow,Route Public Sector Workday Requisition,Workday access is provisioned and Public Sector test data exists,"1. Open Workday Requisition.
2. Execute: Recruiting -> Hire -> Onboard -> Time -> Payroll.
3. Perform validation and confirm downstream impact.","Recruiting -> Hire -> Onboard -> Time -> Payroll completes successfully with approvals, validations, and audit trail",High,Data Migration,"{""worker"": ""Jane Doe"", ""company"": ""Global Demo"", ""region"": ""US""}"
WD-REC-00903,Workday,RECRUITING,Requisition,Public Sector,Budget -> Expense -> Journal -> Dashboard,Integration,Submit Public Sector Workday Requisition,Workday access is provisioned and Public Sector test data exists,"1. Open Workday Requisition.
2. Execute: Budget -> Expense -> Journal -> Dashboard.
3. Perform validation and confirm downstream impact.","Budget -> Expense -> Journal -> Dashboard completes successfully with approvals, validations, and audit trail",High,Regression,"{""worker"": ""Jane Doe"", ""company"": ""Global Demo"", ""region"": ""US""}"
WD-REC-00904,Workday,RECRUITING,Requisition,Hospitality,Requisition -> Offer -> Hire -> Onboard -> Payroll,Workflow,Route Hospitality Workday Requisition,Workday access is provisioned and Hospitality test data exists,"1. Open Workday Requisition.
2. Execute: Requisition -> Offer -> Hire -> Onboard -> Payroll.
3. Perform validation and confirm downstream impact.","Requisition -> Offer -> Hire -> Onboard -> Payroll completes successfully with approvals, validations, and audit trail",High,Workflow,"{""worker"": ""Jane Doe"", ""company"": ""Global Demo"", ""region"": ""US""}"
WD-REC-00905,Workday,RECRUITING,Requisition,Hospitality,Employee Life Event -> Benefits -> Payroll -> Reporting,UI,Close Hospitality Workday Requisition,Workday access is provisioned and Hospitality test data exists,"1. Open Workday Requisition.
2. Execute: Employee Life Event -> Benefits -> Payroll -> Reporting.
3. Perform validation and confirm downstream impact.","Employee Life Event -> Benefits -> Payroll -> Reporting completes successfully with approvals, validations, and audit trail",Medium,Regression,"{""worker"": ""Jane Doe"", ""company"": ""Global Demo"", ""region"": ""US""}"
WD-REC-00906,Workday,RECRUITING,Requisition,Hospitality,Expense Submit -> Approval -> Accounting -> Reimbursement,Performance,Submit Hospitality Workday Requisition,Workday access is provisioned and Hospitality test data exists,"1. Open Workday Requisition.
2. Execute: Expense Submit -> Approval -> Accounting -> Reimbursement.
3. Perform validation and confirm downstream impact.","Expense Submit -> Approval -> Accounting -> Reimbursement completes successfully with approvals, validations, and audit trail",High,Workflow,"{""worker"": ""Jane Doe"", ""company"": ""Global Demo"", ""region"": ""US""}"
WD-REC-00907,Workday,RECRUITING,Requisition,Hospitality,Supplier Invoice -> Matching -> Approval -> Payment,Mobile,Import Hospitality Workday Requisition,Workday access is provisioned and Hospitality test data exists,"1. Open Workday Requisition.
2. Execute: Supplier Invoice -> Matching -> Approval -> Payment.
3. Perform validation and confirm downstream impact.","Supplier Invoice -> Matching -> Approval -> Payment completes successfully with approvals, validations, and audit trail",High,Workflow,"{""worker"": ""Jane Doe"", ""company"": ""Global Demo"", ""region"": ""US""}"
WD-REC-00908,Workday,RECRUITING,Requisition,Hospitality,Integration Load -> Validate -> Error Handling -> Reprocess,Integration,Reject Hospitality Workday Requisition,Workday access is provisioned and Hospitality test data exists,"1. Open Workday Requisition.
2. Execute: Integration Load -> Validate -> Error Handling -> Reprocess.
3. Perform validation and confirm downstream impact.","Integration Load -> Validate -> Error Handling -> Reprocess completes successfully with approvals, validations, and audit trail",Low,Workflow,"{""worker"": ""Jane Doe"", ""company"": ""Global Demo"", ""region"": ""US""}"
WD-REC-00909,Workday,RECRUITING,Requisition,Hospitality,Recruiting -> Hire -> Onboard -> Time -> Payroll,Regression,Update Hospitality Workday Requisition,Workday access is provisioned and Hospitality test data exists,"1. Open Workday Requisition.
2. Execute: Recruiting -> Hire -> Onboard -> Time -> Payroll.
3. Perform validation and confirm downstream impact.","Recruiting -> Hire -> Onboard -> Time -> Payroll completes successfully with approvals, validations, and audit trail",Low,Functional,"{""worker"": ""Jane Doe"", ""company"": ""Global Demo"", ""region"": ""US""}"
WD-REC-00910,Workday,RECRUITING,Requisition,Hospitality,Budget -> Expense -> Journal -> Dashboard,UI,Approve Hospitality Workday Requisition,Workday access is provisioned and Hospitality test data exists,"1. Open Workday Requisition.
2. Execute: Budget -> Expense -> Journal -> Dashboard.
3. Perform validation and confirm downstream impact.","Budget -> Expense -> Journal -> Dashboard completes successfully with approvals, validations, and audit trail",High,Functional,"{""worker"": ""Jane Doe"", ""company"": ""Global Demo"", ""region"": ""US""}"
WD-REC-00911,Workday,RECRUITING,Sourcing,Corporate,Requisition -> Offer -> Hire -> Onboard -> Payroll,Accessibility,Edit Corporate Workday Sourcing,Workday access is provisioned and Corporate test data exists,"1. Open Workday Sourcing.
2. Execute: Requisition -> Offer -> Hire -> Onboard -> Payroll.
3. Perform validation and confirm downstream impact.","Requisition -> Offer -> Hire -> Onboard -> Payroll completes successfully with approvals, validations, and audit trail",Medium,Functional,"{""worker"": ""Jane Doe"", ""company"": ""Global Demo"", ""region"": ""US""}"
WD-REC-00912,Workday,RECRUITING,Sourcing,Corporate,Employee Life Event -> Benefits -> Payroll -> Reporting,Data Migration,Approve Corporate Workday Sourcing,Workday access is provisioned and Corporate test data exists,"1. Open Workday Sourcing.
2. Execute: Employee Life Event -> Benefits -> Payroll -> Reporting.
3. Perform validation and confirm downstream impact.","Employee Life Event -> Benefits -> Payroll -> Reporting completes successfully with approvals, validations, and audit trail",Low,UI,"{""worker"": ""Jane Doe"", ""company"": ""Global Demo"", ""region"": ""US""}"
WD-REC-00913,Workday,RECRUITING,Sourcing,Corporate,Expense Submit -> Approval -> Accounting -> Reimbursement,Performance,Export Corporate Workday Sourcing,Workday access is provisioned and Corporate test data exists,"1. Open Workday Sourcing.
2. Execute: Expense Submit -> Approval -> Accounting -> Reimbursement.
3. Perform validation and confirm downstream impact.","Expense Submit -> Approval -> Accounting -> Reimbursement completes successfully with approvals, validations, and audit trail",Medium,Data Migration,"{""worker"": ""Jane Doe"", ""company"": ""Global Demo"", ""region"": ""US""}"
WD-REC-00914,Workday,RECRUITING,Sourcing,Corporate,Supplier Invoice -> Matching -> Approval -> Payment,Security,Validate Corporate Workday Sourcing,Workday access is provisioned and Corporate test data exists,"1. Open Workday Sourcing.
2. Execute: Supplier Invoice -> Matching -> Approval -> Payment.
3. Perform validation and confirm downstream impact.","Supplier Invoice -> Matching -> Approval -> Payment completes successfully with approvals, validations, and audit trail",Low,Performance,"{""worker"": ""Jane Doe"", ""company"": ""Global Demo"", ""region"": ""US""}"
WD-REC-00915,Workday,RECRUITING,Sourcing,Corporate,Integration Load -> Validate -> Error Handling -> Reprocess,Regression,Export Corporate Workday Sourcing,Workday access is provisioned and Corporate test data exists,"1. Open Workday Sourcing.
2. Execute: Integration Load -> Validate -> Error Handling -> Reprocess.
3. Perform validation and confirm downstream impact.","Integration Load -> Validate -> Error Handling -> Reprocess completes successfully with approvals, validations, and audit trail",Low,Workflow,"{""worker"": ""Jane Doe"", ""company"": ""Global Demo"", ""region"": ""US""}"
WD-REC-00916,Workday,RECRUITING,Sourcing,Corporate,Recruiting -> Hire -> Onboard -> Time -> Payroll,Mobile,Review Corporate Workday Sourcing,Workday access is provisioned and Corporate test data exists,"1. Open Workday Sourcing.
2. Execute: Recruiting -> Hire -> Onboard -> Time -> Payroll.
3. Perform validation and confirm downstream impact.","Recruiting -> Hire -> Onboard -> Time -> Payroll completes successfully with approvals, validations, and audit trail",High,Integration,"{""worker"": ""Jane Doe"", ""company"": ""Global Demo"", ""region"": ""US""}"
WD-REC-00917,Workday,RECRUITING,Sourcing,Corporate,Budget -> Expense -> Journal -> Dashboard,Functional,Import Corporate Workday Sourcing,Workday access is provisioned and Corporate test data exists,"1. Open Workday Sourcing.
2. Execute: Budget -> Expense -> Journal -> Dashboard.
3. Perform validation and confirm downstream impact.","Budget -> Expense -> Journal -> Dashboard completes successfully with approvals, validations, and audit trail",High,Security,"{""worker"": ""Jane Doe"", ""company"": ""Global Demo"", ""region"": ""US""}"
WD-REC-00918,Workday,RECRUITING,Sourcing,Retail,Requisition -> Offer -> Hire -> Onboard -> Payroll,Data Migration,Import Retail Workday Sourcing,Workday access is provisioned and Retail test data exists,"1. Open Workday Sourcing.
2. Execute: Requisition -> Offer -> Hire -> Onboard -> Payroll.
3. Perform validation and confirm downstream impact.","Requisition -> Offer -> Hire -> Onboard -> Payroll completes successfully with approvals, validations, and audit trail",Low,Mobile,"{""worker"": ""Jane Doe"", ""company"": ""Global Demo"", ""region"": ""US""}"
WD-REC-00919,Workday,RECRUITING,Sourcing,Retail,Employee Life Event -> Benefits -> Payroll -> Reporting,Mobile,Close Retail Workday Sourcing,Workday access is provisioned and Retail test data exists,"1. Open Workday Sourcing.
2. Execute: Employee Life Event -> Benefits -> Payroll -> Reporting.
3. Perform validation and confirm downstream impact.","Employee Life Event -> Benefits -> Payroll -> Reporting completes successfully with approvals, validations, and audit trail",Low,Security,"{""worker"": ""Jane Doe"", ""company"": ""Global Demo"", ""region"": ""US""}"
WD-REC-00920,Workday,RECRUITING,Sourcing,Retail,Expense Submit -> Approval -> Accounting -> Reimbursement,Accessibility,Sync Retail Workday Sourcing,Workday access is provisioned and Retail test data exists,"1. Open Workday Sourcing.
2. Execute: Expense Submit -> Approval -> Accounting -> Reimbursement.
3. Perform validation and confirm downstream impact.","Expense Submit -> Approval -> Accounting -> Reimbursement completes successfully with approvals, validations, and audit trail",Low,Security,"{""worker"": ""Jane Doe"", ""company"": ""Global Demo"", ""region"": ""US""}"
WD-REC-00921,Workday,RECRUITING,Sourcing,Retail,Supplier Invoice -> Matching -> Approval -> Payment,Functional,Review Retail Workday Sourcing,Workday access is provisioned and Retail test data exists,"1. Open Workday Sourcing.
2. Execute: Supplier Invoice -> Matching -> Approval -> Payment.
3. Perform validation and confirm downstream impact.","Supplier Invoice -> Matching -> Approval -> Payment completes successfully with approvals, validations, and audit trail",Medium,Integration,"{""worker"": ""Jane Doe"", ""company"": ""Global Demo"", ""region"": ""US""}"
WD-REC-00922,Workday,RECRUITING,Sourcing,Retail,Integration Load -> Validate -> Error Handling -> Reprocess,Data Migration,Export Retail Workday Sourcing,Workday access is provisioned and Retail test data exists,"1. Open Workday Sourcing.
2. Execute: Integration Load -> Validate -> Error Handling -> Reprocess.
3. Perform validation and confirm downstream impact.","Integration Load -> Validate -> Error Handling -> Reprocess completes successfully with approvals, validations, and audit trail",Low,Mobile,"{""worker"": ""Jane Doe"", ""company"": ""Global Demo"", ""region"": ""US""}"
WD-REC-00923,Workday,RECRUITING,Sourcing,Retail,Recruiting -> Hire -> Onboard -> Time -> Payroll,Security,Sync Retail Workday Sourcing,Workday access is provisioned and Retail test data exists,"1. Open Workday Sourcing.
2. Execute: Recruiting -> Hire -> Onboard -> Time -> Payroll.
3. Perform validation and confirm downstream impact.","Recruiting -> Hire -> Onboard -> Time -> Payroll completes successfully with approvals, validations, and audit trail",Low,Mobile,"{""worker"": ""Jane Doe"", ""company"": ""Global Demo"", ""region"": ""US""}"
WD-REC-00924,Workday,RECRUITING,Sourcing,Retail,Budget -> Expense -> Journal -> Dashboard,Regression,Submit Retail Workday Sourcing,Workday access is provisioned and Retail test data exists,"1. Open Workday Sourcing.
2. Execute: Budget -> Expense -> Journal -> Dashboard.
3. Perform validation and confirm downstream impact.","Budget -> Expense -> Journal -> Dashboard completes successfully with approvals, validations, and audit trail",High,UI,"{""worker"": ""Jane Doe"", ""company"": ""Global Demo"", ""region"": ""US""}"
WD-REC-00925,Workday,RECRUITING,Sourcing,Healthcare,Requisition -> Offer -> Hire -> Onboard -> Payroll,Integration,Create Healthcare Workday Sourcing,Workday access is provisioned and Healthcare test data exists,"1. Open Workday Sourcing.
2. Execute: Requisition -> Offer -> Hire -> Onboard -> Payroll.
3. Perform validation and confirm downstream impact.","Requisition -> Offer -> Hire -> Onboard -> Payroll completes successfully with approvals, validations, and audit trail",High,Performance,"{""worker"": ""Jane Doe"", ""company"": ""Global Demo"", ""region"": ""US""}"
WD-REC-00926,Workday,RECRUITING,Sourcing,Healthcare,Employee Life Event -> Benefits -> Payroll -> Reporting,Functional,Edit Healthcare Workday Sourcing,Workday access is provisioned and Healthcare test data exists,"1. Open Workday Sourcing.
2. Execute: Employee Life Event -> Benefits -> Payroll -> Reporting.
3. Perform validation and confirm downstream impact.","Employee Life Event -> Benefits -> Payroll -> Reporting completes successfully with approvals, validations, and audit trail",High,Mobile,"{""worker"": ""Jane Doe"", ""company"": ""Global Demo"", ""region"": ""US""}"
WD-REC-00927,Workday,RECRUITING,Sourcing,Healthcare,Expense Submit -> Approval -> Accounting -> Reimbursement,Workflow,Submit Healthcare Workday Sourcing,Workday access is provisioned and Healthcare test data exists,"1. Open Workday Sourcing.
2. Execute: Expense Submit -> Approval -> Accounting -> Reimbursement.
3. Perform validation and confirm downstream impact.","Expense Submit -> Approval -> Accounting -> Reimbursement completes successfully with approvals, validations, and audit trail",Medium,Functional,"{""worker"": ""Jane Doe"", ""company"": ""Global Demo"", ""region"": ""US""}"
WD-REC-00928,Workday,RECRUITING,Sourcing,Healthcare,Supplier Invoice -> Matching -> Approval -> Payment,Performance,Submit Healthcare Workday Sourcing,Workday access is provisioned and Healthcare test data exists,"1. Open Workday Sourcing.
2. Execute: Supplier Invoice -> Matching -> Approval -> Payment.
3. Perform validation and confirm downstream impact.","Supplier Invoice -> Matching -> Approval -> Payment completes successfully with approvals, validations, and audit trail",Low,Regression,"{""worker"": ""Jane Doe"", ""company"": ""Global Demo"", ""region"": ""US""}"
WD-REC-00929,Workday,RECRUITING,Sourcing,Healthcare,Integration Load -> Validate -> Error Handling -> Reprocess,Mobile,Reject Healthcare Workday Sourcing,Workday access is provisioned and Healthcare test data exists,"1. Open Workday Sourcing.
2. Execute: Integration Load -> Validate -> Error Handling -> Reprocess.
3. Perform validation and confirm downstream impact.","Integration Load -> Validate -> Error Handling -> Reprocess completes successfully with approvals, validations, and audit trail",Low,Accessibility,"{""worker"": ""Jane Doe"", ""company"": ""Global Demo"", ""region"": ""US""}"
WD-REC-00930,Workday,RECRUITING,Sourcing,Healthcare,Recruiting -> Hire -> Onboard -> Time -> Payroll,Data Migration,Create Healthcare Workday Sourcing,Workday access is provisioned and Healthcare test data exists,"1. Open Workday Sourcing.
2. Execute: Recruiting -> Hire -> Onboard -> Time -> Payroll.
3. Perform validation and confirm downstream impact.","Recruiting -> Hire -> Onboard -> Time -> Payroll completes successfully with approvals, validations, and audit trail",Medium,Regression,"{""worker"": ""Jane Doe"", ""company"": ""Global Demo"", ""region"": ""US""}"
WD-REC-00931,Workday,RECRUITING,Sourcing,Healthcare,Budget -> Expense -> Journal -> Dashboard,Regression,Review Healthcare Workday Sourcing,Workday access is provisioned and Healthcare test data exists,"1. Open Workday Sourcing.
2. Execute: Budget -> Expense -> Journal -> Dashboard.
3. Perform validation and confirm downstream impact.","Budget -> Expense -> Journal -> Dashboard completes successfully with approvals, validations, and audit trail",Low,Workflow,"{""worker"": ""Jane Doe"", ""company"": ""Global Demo"", ""region"": ""US""}"
WD-REC-00932,Workday,RECRUITING,Sourcing,Manufacturing,Requisition -> Offer -> Hire -> Onboard -> Payroll,Functional,Update Manufacturing Workday Sourcing,Workday access is provisioned and Manufacturing test data exists,"1. Open Workday Sourcing.
2. Execute: Requisition -> Offer -> Hire -> Onboard -> Payroll.
3. Perform validation and confirm downstream impact.","Requisition -> Offer -> Hire -> Onboard -> Payroll completes successfully with approvals, validations, and audit trail",Low,UI,"{""worker"": ""Jane Doe"", ""company"": ""Global Demo"", ""region"": ""US""}"
WD-REC-00933,Workday,RECRUITING,Sourcing,Manufacturing,Employee Life Event -> Benefits -> Payroll -> Reporting,Workflow,Import Manufacturing Workday Sourcing,Workday access is provisioned and Manufacturing test data exists,"1. Open Workday Sourcing.
2. Execute: Employee Life Event -> Benefits -> Payroll -> Reporting.
3. Perform validation and confirm downstream impact.","Employee Life Event -> Benefits -> Payroll -> Reporting completes successfully with approvals, validations, and audit trail",Medium,Regression,"{""worker"": ""Jane Doe"", ""company"": ""Global Demo"", ""region"": ""US""}"
WD-REC-00934,Workday,RECRUITING,Sourcing,Manufacturing,Expense Submit -> Approval -> Accounting -> Reimbursement,Regression,Edit Manufacturing Workday Sourcing,Workday access is provisioned and Manufacturing test data exists,"1. Open Workday Sourcing.
2. Execute: Expense Submit -> Approval -> Accounting -> Reimbursement.
3. Perform validation and confirm downstream impact.","Expense Submit -> Approval -> Accounting -> Reimbursement completes successfully with approvals, validations, and audit trail",High,Accessibility,"{""worker"": ""Jane Doe"", ""company"": ""Global Demo"", ""region"": ""US""}"
WD-REC-00935,Workday,RECRUITING,Sourcing,Manufacturing,Supplier Invoice -> Matching -> Approval -> Payment,Mobile,Route Manufacturing Workday Sourcing,Workday access is provisioned and Manufacturing test data exists,"1. Open Workday Sourcing.
2. Execute: Supplier Invoice -> Matching -> Approval -> Payment.
3. Perform validation and confirm downstream impact.","Supplier Invoice -> Matching -> Approval -> Payment completes successfully with approvals, validations, and audit trail",Medium,Functional,"{""worker"": ""Jane Doe"", ""company"": ""Global Demo"", ""region"": ""US""}"
WD-REC-00936,Workday,RECRUITING,Sourcing,Manufacturing,Integration Load -> Validate -> Error Handling -> Reprocess,Integration,Approve Manufacturing Workday Sourcing,Workday access is provisioned and Manufacturing test data exists,"1. Open Workday Sourcing.
2. Execute: Integration Load -> Validate -> Error Handling -> Reprocess.
3. Perform validation and confirm downstream impact.","Integration Load -> Validate -> Error Handling -> Reprocess completes successfully with approvals, validations, and audit trail",Low,UI,"{""worker"": ""Jane Doe"", ""company"": ""Global Demo"", ""region"": ""US""}"
WD-REC-00937,Workday,RECRUITING,Sourcing,Manufacturing,Recruiting -> Hire -> Onboard -> Time -> Payroll,Integration,Edit Manufacturing Workday Sourcing,Workday access is provisioned and Manufacturing test data exists,"1. Open Workday Sourcing.
2. Execute: Recruiting -> Hire -> Onboard -> Time -> Payroll.
3. Perform validation and confirm downstream impact.","Recruiting -> Hire -> Onboard -> Time -> Payroll completes successfully with approvals, validations, and audit trail",High,Accessibility,"{""worker"": ""Jane Doe"", ""company"": ""Global Demo"", ""region"": ""US""}"
WD-REC-00938,Workday,RECRUITING,Sourcing,Manufacturing,Budget -> Expense -> Journal -> Dashboard,UI,Close Manufacturing Workday Sourcing,Workday access is provisioned and Manufacturing test data exists,"1. Open Workday Sourcing.
2. Execute: Budget -> Expense -> Journal -> Dashboard.
3. Perform validation and confirm downstream impact.","Budget -> Expense -> Journal -> Dashboard completes successfully with approvals, validations, and audit trail",Low,Accessibility,"{""worker"": ""Jane Doe"", ""company"": ""Global Demo"", ""region"": ""US""}"
WD-REC-00939,Workday,RECRUITING,Sourcing,Education,Requisition -> Offer -> Hire -> Onboard -> Payroll,Integration,Approve Education Workday Sourcing,Workday access is provisioned and Education test data exists,"1. Open Workday Sourcing.
2. Execute: Requisition -> Offer -> Hire -> Onboard -> Payroll.
3. Perform validation and confirm downstream impact.","Requisition -> Offer -> Hire -> Onboard -> Payroll completes successfully with approvals, validations, and audit trail",Low,Integration,"{""worker"": ""Jane Doe"", ""company"": ""Global Demo"", ""region"": ""US""}"
WD-REC-00940,Workday,RECRUITING,Sourcing,Education,Employee Life Event -> Benefits -> Payroll -> Reporting,UI,Export Education Workday Sourcing,Workday access is provisioned and Education test data exists,"1. Open Workday Sourcing.
2. Execute: Employee Life Event -> Benefits -> Payroll -> Reporting.
3. Perform validation and confirm downstream impact.","Employee Life Event -> Benefits -> Payroll -> Reporting completes successfully with approvals, validations, and audit trail",Medium,Data Migration,"{""worker"": ""Jane Doe"", ""company"": ""Global Demo"", ""region"": ""US""}"
WD-REC-00941,Workday,RECRUITING,Sourcing,Education,Expense Submit -> Approval -> Accounting -> Reimbursement,Accessibility,Reject Education Workday Sourcing,Workday access is provisioned and Education test data exists,"1. Open Workday Sourcing.
2. Execute: Expense Submit -> Approval -> Accounting -> Reimbursement.
3. Perform validation and confirm downstream impact.","Expense Submit -> Approval -> Accounting -> Reimbursement completes successfully with approvals, validations, and audit trail",High,Integration,"{""worker"": ""Jane Doe"", ""company"": ""Global Demo"", ""region"": ""US""}"
WD-REC-00942,Workday,RECRUITING,Sourcing,Education,Supplier Invoice -> Matching -> Approval -> Payment,Regression,Route Education Workday Sourcing,Workday access is provisioned and Education test data exists,"1. Open Workday Sourcing.
2. Execute: Supplier Invoice -> Matching -> Approval -> Payment.
3. Perform validation and confirm downstream impact.","Supplier Invoice -> Matching -> Approval -> Payment completes successfully with approvals, validations, and audit trail",Medium,Regression,"{""worker"": ""Jane Doe"", ""company"": ""Global Demo"", ""region"": ""US""}"
WD-REC-00943,Workday,RECRUITING,Sourcing,Education,Integration Load -> Validate -> Error Handling -> Reprocess,Data Migration,Export Education Workday Sourcing,Workday access is provisioned and Education test data exists,"1. Open Workday Sourcing.
2. Execute: Integration Load -> Validate -> Error Handling -> Reprocess.
3. Perform validation and confirm downstream impact.","Integration Load -> Validate -> Error Handling -> Reprocess completes successfully with approvals, validations, and audit trail",Medium,Integration,"{""worker"": ""Jane Doe"", ""company"": ""Global Demo"", ""region"": ""US""}"
WD-REC-00944,Workday,RECRUITING,Sourcing,Education,Recruiting -> Hire -> Onboard -> Time -> Payroll,Performance,Import Education Workday Sourcing,Workday access is provisioned and Education test data exists,"1. Open Workday Sourcing.
2. Execute: Recruiting -> Hire -> Onboard -> Time -> Payroll.
3. Perform validation and confirm downstream impact.","Recruiting -> Hire -> Onboard -> Time -> Payroll completes successfully with approvals, validations, and audit trail",High,UI,"{""worker"": ""Jane Doe"", ""company"": ""Global Demo"", ""region"": ""US""}"
WD-REC-00945,Workday,RECRUITING,Sourcing,Education,Budget -> Expense -> Journal -> Dashboard,Regression,Validate Education Workday Sourcing,Workday access is provisioned and Education test data exists,"1. Open Workday Sourcing.
2. Execute: Budget -> Expense -> Journal -> Dashboard.
3. Perform validation and confirm downstream impact.","Budget -> Expense -> Journal -> Dashboard completes successfully with approvals, validations, and audit trail",Medium,Functional,"{""worker"": ""Jane Doe"", ""company"": ""Global Demo"", ""region"": ""US""}"
WD-REC-00946,Workday,RECRUITING,Sourcing,Nonprofit,Requisition -> Offer -> Hire -> Onboard -> Payroll,UI,Edit Nonprofit Workday Sourcing,Workday access is provisioned and Nonprofit test data exists,"1. Open Workday Sourcing.
2. Execute: Requisition -> Offer -> Hire -> Onboard -> Payroll.
3. Perform validation and confirm downstream impact.","Requisition -> Offer -> Hire -> Onboard -> Payroll completes successfully with approvals, validations, and audit trail",Low,Workflow,"{""worker"": ""Jane Doe"", ""company"": ""Global Demo"", ""region"": ""US""}"
WD-REC-00947,Workday,RECRUITING,Sourcing,Nonprofit,Employee Life Event -> Benefits -> Payroll -> Reporting,Functional,Review Nonprofit Workday Sourcing,Workday access is provisioned and Nonprofit test data exists,"1. Open Workday Sourcing.
2. Execute: Employee Life Event -> Benefits -> Payroll -> Reporting.
3. Perform validation and confirm downstream impact.","Employee Life Event -> Benefits -> Payroll -> Reporting completes successfully with approvals, validations, and audit trail",Medium,Integration,"{""worker"": ""Jane Doe"", ""company"": ""Global Demo"", ""region"": ""US""}"
WD-REC-00948,Workday,RECRUITING,Sourcing,Nonprofit,Expense Submit -> Approval -> Accounting -> Reimbursement,Data Migration,Reject Nonprofit Workday Sourcing,Workday access is provisioned and Nonprofit test data exists,"1. Open Workday Sourcing.
2. Execute: Expense Submit -> Approval -> Accounting -> Reimbursement.
3. Perform validation and confirm downstream impact.","Expense Submit -> Approval -> Accounting -> Reimbursement completes successfully with approvals, validations, and audit trail",High,Integration,"{""worker"": ""Jane Doe"", ""company"": ""Global Demo"", ""region"": ""US""}"
WD-REC-00949,Workday,RECRUITING,Sourcing,Nonprofit,Supplier Invoice -> Matching -> Approval -> Payment,Functional,Route Nonprofit Workday Sourcing,Workday access is provisioned and Nonprofit test data exists,"1. Open Workday Sourcing.
2. Execute: Supplier Invoice -> Matching -> Approval -> Payment.
3. Perform validation and confirm downstream impact.","Supplier Invoice -> Matching -> Approval -> Payment completes successfully with approvals, validations, and audit trail",Medium,Regression,"{""worker"": ""Jane Doe"", ""company"": ""Global Demo"", ""region"": ""US""}"
WD-REC-00950,Workday,RECRUITING,Sourcing,Nonprofit,Integration Load -> Validate -> Error Handling -> Reprocess,Integration,Approve Nonprofit Workday Sourcing,Workday access is provisioned and Nonprofit test data exists,"1. Open Workday Sourcing.
2. Execute: Integration Load -> Validate -> Error Handling -> Reprocess.
3. Perform validation and confirm downstream impact.","Integration Load -> Validate -> Error Handling -> Reprocess completes successfully with approvals, validations, and audit trail",Low,Accessibility,"{""worker"": ""Jane Doe"", ""company"": ""Global Demo"", ""region"": ""US""}"
WD-REC-00951,Workday,RECRUITING,Sourcing,Nonprofit,Recruiting -> Hire -> Onboard -> Time -> Payroll,Workflow,Update Nonprofit Workday Sourcing,Workday access is provisioned and Nonprofit test data exists,"1. Open Workday Sourcing.
2. Execute: Recruiting -> Hire -> Onboard -> Time -> Payroll.
3. Perform validation and confirm downstream impact.","Recruiting -> Hire -> Onboard -> Time -> Payroll completes successfully with approvals, validations, and audit trail",High,Workflow,"{""worker"": ""Jane Doe"", ""company"": ""Global Demo"", ""region"": ""US""}"
WD-REC-00952,Workday,RECRUITING,Sourcing,Nonprofit,Budget -> Expense -> Journal -> Dashboard,Security,Import Nonprofit Workday Sourcing,Workday access is provisioned and Nonprofit test data exists,"1. Open Workday Sourcing.
2. Execute: Budget -> Expense -> Journal -> Dashboard.
3. Perform validation and confirm downstream impact.","Budget -> Expense -> Journal -> Dashboard completes successfully with approvals, validations, and audit trail",High,Integration,"{""worker"": ""Jane Doe"", ""company"": ""Global Demo"", ""region"": ""US""}"
WD-REC-00953,Workday,RECRUITING,Sourcing,Financial Services,Requisition -> Offer -> Hire -> Onboard -> Payroll,Workflow,Route Financial Services Workday Sourcing,Workday access is provisioned and Financial Services test data exists,"1. Open Workday Sourcing.
2. Execute: Requisition -> Offer -> Hire -> Onboard -> Payroll.
3. Perform validation and confirm downstream impact.","Requisition -> Offer -> Hire -> Onboard -> Payroll completes successfully with approvals, validations, and audit trail",Low,Performance,"{""worker"": ""Jane Doe"", ""company"": ""Global Demo"", ""region"": ""US""}"
WD-REC-00954,Workday,RECRUITING,Sourcing,Financial Services,Employee Life Event -> Benefits -> Payroll -> Reporting,Regression,Close Financial Services Workday Sourcing,Workday access is provisioned and Financial Services test data exists,"1. Open Workday Sourcing.
2. Execute: Employee Life Event -> Benefits -> Payroll -> Reporting.
3. Perform validation and confirm downstream impact.","Employee Life Event -> Benefits -> Payroll -> Reporting completes successfully with approvals, validations, and audit trail",Low,Functional,"{""worker"": ""Jane Doe"", ""company"": ""Global Demo"", ""region"": ""US""}"
WD-REC-00955,Workday,RECRUITING,Sourcing,Financial Services,Expense Submit -> Approval -> Accounting -> Reimbursement,Accessibility,Review Financial Services Workday Sourcing,Workday access is provisioned and Financial Services test data exists,"1. Open Workday Sourcing.
2. Execute: Expense Submit -> Approval -> Accounting -> Reimbursement.
3. Perform validation and confirm downstream impact.","Expense Submit -> Approval -> Accounting -> Reimbursement completes successfully with approvals, validations, and audit trail",Medium,Mobile,"{""worker"": ""Jane Doe"", ""company"": ""Global Demo"", ""region"": ""US""}"
WD-REC-00956,Workday,RECRUITING,Sourcing,Financial Services,Supplier Invoice -> Matching -> Approval -> Payment,UI,Create Financial Services Workday Sourcing,Workday access is provisioned and Financial Services test data exists,"1. Open Workday Sourcing.
2. Execute: Supplier Invoice -> Matching -> Approval -> Payment.
3. Perform validation and confirm downstream impact.","Supplier Invoice -> Matching -> Approval -> Payment completes successfully with approvals, validations, and audit trail",High,Data Migration,"{""worker"": ""Jane Doe"", ""company"": ""Global Demo"", ""region"": ""US""}"
WD-REC-00957,Workday,RECRUITING,Sourcing,Financial Services,Integration Load -> Validate -> Error Handling -> Reprocess,Accessibility,Update Financial Services Workday Sourcing,Workday access is provisioned and Financial Services test data exists,"1. Open Workday Sourcing.
2. Execute: Integration Load -> Validate -> Error Handling -> Reprocess.
3. Perform validation and confirm downstream impact.","Integration Load -> Validate -> Error Handling -> Reprocess completes successfully with approvals, validations, and audit trail",Medium,Functional,"{""worker"": ""Jane Doe"", ""company"": ""Global Demo"", ""region"": ""US""}"
WD-REC-00958,Workday,RECRUITING,Sourcing,Financial Services,Recruiting -> Hire -> Onboard -> Time -> Payroll,UI,Import Financial Services Workday Sourcing,Workday access is provisioned and Financial Services test data exists,"1. Open Workday Sourcing.
2. Execute: Recruiting -> Hire -> Onboard -> Time -> Payroll.
3. Perform validation and confirm downstream impact.","Recruiting -> Hire -> Onboard -> Time -> Payroll completes successfully with approvals, validations, and audit trail",Low,Workflow,"{""worker"": ""Jane Doe"", ""company"": ""Global Demo"", ""region"": ""US""}"
WD-REC-00959,Workday,RECRUITING,Sourcing,Financial Services,Budget -> Expense -> Journal -> Dashboard,Performance,Update Financial Services Workday Sourcing,Workday access is provisioned and Financial Services test data exists,"1. Open Workday Sourcing.
2. Execute: Budget -> Expense -> Journal -> Dashboard.
3. Perform validation and confirm downstream impact.","Budget -> Expense -> Journal -> Dashboard completes successfully with approvals, validations, and audit trail",High,UI,"{""worker"": ""Jane Doe"", ""company"": ""Global Demo"", ""region"": ""US""}"
WD-REC-00960,Workday,RECRUITING,Sourcing,Technology,Requisition -> Offer -> Hire -> Onboard -> Payroll,Integration,Sync Technology Workday Sourcing,Workday access is provisioned and Technology test data exists,"1. Open Workday Sourcing.
2. Execute: Requisition -> Offer -> Hire -> Onboard -> Payroll.
3. Perform validation and confirm downstream impact.","Requisition -> Offer -> Hire -> Onboard -> Payroll completes successfully with approvals, validations, and audit trail",High,Data Migration,"{""worker"": ""Jane Doe"", ""company"": ""Global Demo"", ""region"": ""US""}"
WD-REC-00961,Workday,RECRUITING,Sourcing,Technology,Employee Life Event -> Benefits -> Payroll -> Reporting,Functional,Reject Technology Workday Sourcing,Workday access is provisioned and Technology test data exists,"1. Open Workday Sourcing.
2. Execute: Employee Life Event -> Benefits -> Payroll -> Reporting.
3. Perform validation and confirm downstream impact.","Employee Life Event -> Benefits -> Payroll -> Reporting completes successfully with approvals, validations, and audit trail",Medium,Accessibility,"{""worker"": ""Jane Doe"", ""company"": ""Global Demo"", ""region"": ""US""}"
WD-REC-00962,Workday,RECRUITING,Sourcing,Technology,Expense Submit -> Approval -> Accounting -> Reimbursement,UI,Export Technology Workday Sourcing,Workday access is provisioned and Technology test data exists,"1. Open Workday Sourcing.
2. Execute: Expense Submit -> Approval -> Accounting -> Reimbursement.
3. Perform validation and confirm downstream impact.","Expense Submit -> Approval -> Accounting -> Reimbursement completes successfully with approvals, validations, and audit trail",High,Functional,"{""worker"": ""Jane Doe"", ""company"": ""Global Demo"", ""region"": ""US""}"
WD-REC-00963,Workday,RECRUITING,Sourcing,Technology,Supplier Invoice -> Matching -> Approval -> Payment,Data Migration,Close Technology Workday Sourcing,Workday access is provisioned and Technology test data exists,"1. Open Workday Sourcing.
2. Execute: Supplier Invoice -> Matching -> Approval -> Payment.
3. Perform validation and confirm downstream impact.","Supplier Invoice -> Matching -> Approval -> Payment completes successfully with approvals, validations, and audit trail",Medium,Regression,"{""worker"": ""Jane Doe"", ""company"": ""Global Demo"", ""region"": ""US""}"
WD-REC-00964,Workday,RECRUITING,Sourcing,Technology,Integration Load -> Validate -> Error Handling -> Reprocess,Mobile,Approve Technology Workday Sourcing,Workday access is provisioned and Technology test data exists,"1. Open Workday Sourcing.
2. Execute: Integration Load -> Validate -> Error Handling -> Reprocess.
3. Perform validation and confirm downstream impact.","Integration Load -> Validate -> Error Handling -> Reprocess completes successfully with approvals, validations, and audit trail",Low,Security,"{""worker"": ""Jane Doe"", ""company"": ""Global Demo"", ""region"": ""US""}"
WD-REC-00965,Workday,RECRUITING,Sourcing,Technology,Recruiting -> Hire -> Onboard -> Time -> Payroll,Functional,Reject Technology Workday Sourcing,Workday access is provisioned and Technology test data exists,"1. Open Workday Sourcing.
2. Execute: Recruiting -> Hire -> Onboard -> Time -> Payroll.
3. Perform validation and confirm downstream impact.","Recruiting -> Hire -> Onboard -> Time -> Payroll completes successfully with approvals, validations, and audit trail",High,UI,"{""worker"": ""Jane Doe"", ""company"": ""Global Demo"", ""region"": ""US""}"
WD-REC-00966,Workday,RECRUITING,Sourcing,Technology,Budget -> Expense -> Journal -> Dashboard,Regression,Export Technology Workday Sourcing,Workday access is provisioned and Technology test data exists,"1. Open Workday Sourcing.
2. Execute: Budget -> Expense -> Journal -> Dashboard.
3. Perform validation and confirm downstream impact.","Budget -> Expense -> Journal -> Dashboard completes successfully with approvals, validations, and audit trail",Low,Mobile,"{""worker"": ""Jane Doe"", ""company"": ""Global Demo"", ""region"": ""US""}"
WD-REC-00967,Workday,RECRUITING,Sourcing,Public Sector,Requisition -> Offer -> Hire -> Onboard -> Payroll,UI,Approve Public Sector Workday Sourcing,Workday access is provisioned and Public Sector test data exists,"1. Open Workday Sourcing.
2. Execute: Requisition -> Offer -> Hire -> Onboard -> Payroll.
3. Perform validation and confirm downstream impact.","Requisition -> Offer -> Hire -> Onboard -> Payroll completes successfully with approvals, validations, and audit trail",High,Functional,"{""worker"": ""Jane Doe"", ""company"": ""Global Demo"", ""region"": ""US""}"
WD-REC-00968,Workday,RECRUITING,Sourcing,Public Sector,Employee Life Event -> Benefits -> Payroll -> Reporting,UI,Export Public Sector Workday Sourcing,Workday access is provisioned and Public Sector test data exists,"1. Open Workday Sourcing.
2. Execute: Employee Life Event -> Benefits -> Payroll -> Reporting.
3. Perform validation and confirm downstream impact.","Employee Life Event -> Benefits -> Payroll -> Reporting completes successfully with approvals, validations, and audit trail",Low,Accessibility,"{""worker"": ""Jane Doe"", ""company"": ""Global Demo"", ""region"": ""US""}"
WD-REC-00969,Workday,RECRUITING,Sourcing,Public Sector,Expense Submit -> Approval -> Accounting -> Reimbursement,Performance,Submit Public Sector Workday Sourcing,Workday access is provisioned and Public Sector test data exists,"1. Open Workday Sourcing.
2. Execute: Expense Submit -> Approval -> Accounting -> Reimbursement.
3. Perform validation and confirm downstream impact.","Expense Submit -> Approval -> Accounting -> Reimbursement completes successfully with approvals, validations, and audit trail",Low,Mobile,"{""worker"": ""Jane Doe"", ""company"": ""Global Demo"", ""region"": ""US""}"
WD-REC-00970,Workday,RECRUITING,Sourcing,Public Sector,Supplier Invoice -> Matching -> Approval -> Payment,Integration,Close Public Sector Workday Sourcing,Workday access is provisioned and Public Sector test data exists,"1. Open Workday Sourcing.
2. Execute: Supplier Invoice -> Matching -> Approval -> Payment.
3. Perform validation and confirm downstream impact.","Supplier Invoice -> Matching -> Approval -> Payment completes successfully with approvals, validations, and audit trail",Low,Mobile,"{""worker"": ""Jane Doe"", ""company"": ""Global Demo"", ""region"": ""US""}"
WD-REC-00971,Workday,RECRUITING,Sourcing,Public Sector,Integration Load -> Validate -> Error Handling -> Reprocess,Security,Approve Public Sector Workday Sourcing,Workday access is provisioned and Public Sector test data exists,"1. Open Workday Sourcing.
2. Execute: Integration Load -> Validate -> Error Handling -> Reprocess.
3. Perform validation and confirm downstream impact.","Integration Load -> Validate -> Error Handling -> Reprocess completes successfully with approvals, validations, and audit trail",High,Regression,"{""worker"": ""Jane Doe"", ""company"": ""Global Demo"", ""region"": ""US""}"
WD-REC-00972,Workday,RECRUITING,Sourcing,Public Sector,Recruiting -> Hire -> Onboard -> Time -> Payroll,Regression,Submit Public Sector Workday Sourcing,Workday access is provisioned and Public Sector test data exists,"1. Open Workday Sourcing.
2. Execute: Recruiting -> Hire -> Onboard -> Time -> Payroll.
3. Perform validation and confirm downstream impact.","Recruiting -> Hire -> Onboard -> Time -> Payroll completes successfully with approvals, validations, and audit trail",High,Integration,"{""worker"": ""Jane Doe"", ""company"": ""Global Demo"", ""region"": ""US""}"
WD-REC-00973,Workday,RECRUITING,Sourcing,Public Sector,Budget -> Expense -> Journal -> Dashboard,Performance,Update Public Sector Workday Sourcing,Workday access is provisioned and Public Sector test data exists,"1. Open Workday Sourcing.
2. Execute: Budget -> Expense -> Journal -> Dashboard.
3. Perform validation and confirm downstream impact.","Budget -> Expense -> Journal -> Dashboard completes successfully with approvals, validations, and audit trail",Low,Mobile,"{""worker"": ""Jane Doe"", ""company"": ""Global Demo"", ""region"": ""US""}"
WD-REC-00974,Workday,RECRUITING,Sourcing,Hospitality,Requisition -> Offer -> Hire -> Onboard -> Payroll,Performance,Submit Hospitality Workday Sourcing,Workday access is provisioned and Hospitality test data exists,"1. Open Workday Sourcing.
2. Execute: Requisition -> Offer -> Hire -> Onboard -> Payroll.
3. Perform validation and confirm downstream impact.","Requisition -> Offer -> Hire -> Onboard -> Payroll completes successfully with approvals, validations, and audit trail",Medium,Functional,"{""worker"": ""Jane Doe"", ""company"": ""Global Demo"", ""region"": ""US""}"
WD-REC-00975,Workday,RECRUITING,Sourcing,Hospitality,Employee Life Event -> Benefits -> Payroll -> Reporting,Integration,Create Hospitality Workday Sourcing,Workday access is provisioned and Hospitality test data exists,"1. Open Workday Sourcing.
2. Execute: Employee Life Event -> Benefits -> Payroll -> Reporting.
3. Perform validation and confirm downstream impact.","Employee Life Event -> Benefits -> Payroll -> Reporting completes successfully with approvals, validations, and audit trail",Medium,Workflow,"{""worker"": ""Jane Doe"", ""company"": ""Global Demo"", ""region"": ""US""}"
WD-REC-00976,Workday,RECRUITING,Sourcing,Hospitality,Expense Submit -> Approval -> Accounting -> Reimbursement,Accessibility,Approve Hospitality Workday Sourcing,Workday access is provisioned and Hospitality test data exists,"1. Open Workday Sourcing.
2. Execute: Expense Submit -> Approval -> Accounting -> Reimbursement.
3. Perform validation and confirm downstream impact.","Expense Submit -> Approval -> Accounting -> Reimbursement completes successfully with approvals, validations, and audit trail",Medium,Data Migration,"{""worker"": ""Jane Doe"", ""company"": ""Global Demo"", ""region"": ""US""}"
WD-REC-00977,Workday,RECRUITING,Sourcing,Hospitality,Supplier Invoice -> Matching -> Approval -> Payment,Accessibility,Close Hospitality Workday Sourcing,Workday access is provisioned and Hospitality test data exists,"1. Open Workday Sourcing.
2. Execute: Supplier Invoice -> Matching -> Approval -> Payment.
3. Perform validation and confirm downstream impact.","Supplier Invoice -> Matching -> Approval -> Payment completes successfully with approvals, validations, and audit trail",Medium,Workflow,"{""worker"": ""Jane Doe"", ""company"": ""Global Demo"", ""region"": ""US""}"
WD-REC-00978,Workday,RECRUITING,Sourcing,Hospitality,Integration Load -> Validate -> Error Handling -> Reprocess,Workflow,Close Hospitality Workday Sourcing,Workday access is provisioned and Hospitality test data exists,"1. Open Workday Sourcing.
2. Execute: Integration Load -> Validate -> Error Handling -> Reprocess.
3. Perform validation and confirm downstream impact.","Integration Load -> Validate -> Error Handling -> Reprocess completes successfully with approvals, validations, and audit trail",High,Performance,"{""worker"": ""Jane Doe"", ""company"": ""Global Demo"", ""region"": ""US""}"
WD-REC-00979,Workday,RECRUITING,Sourcing,Hospitality,Recruiting -> Hire -> Onboard -> Time -> Payroll,Performance,Update Hospitality Workday Sourcing,Workday access is provisioned and Hospitality test data exists,"1. Open Workday Sourcing.
2. Execute: Recruiting -> Hire -> Onboard -> Time -> Payroll.
3. Perform validation and confirm downstream impact.","Recruiting -> Hire -> Onboard -> Time -> Payroll completes successfully with approvals, validations, and audit trail",Medium,Data Migration,"{""worker"": ""Jane Doe"", ""company"": ""Global Demo"", ""region"": ""US""}"
WD-REC-00980,Workday,RECRUITING,Sourcing,Hospitality,Budget -> Expense -> Journal -> Dashboard,Integration,Export Hospitality Workday Sourcing,Workday access is provisioned and Hospitality test data exists,"1. Open Workday Sourcing.
2. Execute: Budget -> Expense -> Journal -> Dashboard.
3. Perform validation and confirm downstream impact.","Budget -> Expense -> Journal -> Dashboard completes successfully with approvals, validations, and audit trail",Medium,Regression,"{""worker"": ""Jane Doe"", ""company"": ""Global Demo"", ""region"": ""US""}"
WD-REC-00981,Workday,RECRUITING,Interview,Corporate,Requisition -> Offer -> Hire -> Onboard -> Payroll,Security,Export Corporate Workday Interview,Workday access is provisioned and Corporate test data exists,"1. Open Workday Interview.
2. Execute: Requisition -> Offer -> Hire -> Onboard -> Payroll.
3. Perform validation and confirm downstream impact.","Requisition -> Offer -> Hire -> Onboard -> Payroll completes successfully with approvals, validations, and audit trail",Low,Accessibility,"{""worker"": ""Jane Doe"", ""company"": ""Global Demo"", ""region"": ""US""}"
WD-REC-00982,Workday,RECRUITING,Interview,Corporate,Employee Life Event -> Benefits -> Payroll -> Reporting,Functional,Review Corporate Workday Interview,Workday access is provisioned and Corporate test data exists,"1. Open Workday Interview.
2. Execute: Employee Life Event -> Benefits -> Payroll -> Reporting.
3. Perform validation and confirm downstream impact.","Employee Life Event -> Benefits -> Payroll -> Reporting completes successfully with approvals, validations, and audit trail",Low,Accessibility,"{""worker"": ""Jane Doe"", ""company"": ""Global Demo"", ""region"": ""US""}"
WD-REC-00983,Workday,RECRUITING,Interview,Corporate,Expense Submit -> Approval -> Accounting -> Reimbursement,Accessibility,Reject Corporate Workday Interview,Workday access is provisioned and Corporate test data exists,"1. Open Workday Interview.
2. Execute: Expense Submit -> Approval -> Accounting -> Reimbursement.
3. Perform validation and confirm downstream impact.","Expense Submit -> Approval -> Accounting -> Reimbursement completes successfully with approvals, validations, and audit trail",Medium,Data Migration,"{""worker"": ""Jane Doe"", ""company"": ""Global Demo"", ""region"": ""US""}"
WD-REC-00984,Workday,RECRUITING,Interview,Corporate,Supplier Invoice -> Matching -> Approval -> Payment,Mobile,Update Corporate Workday Interview,Workday access is provisioned and Corporate test data exists,"1. Open Workday Interview.
2. Execute: Supplier Invoice -> Matching -> Approval -> Payment.
3. Perform validation and confirm downstream impact.","Supplier Invoice -> Matching -> Approval -> Payment completes successfully with approvals, validations, and audit trail",Medium,Integration,"{""worker"": ""Jane Doe"", ""company"": ""Global Demo"", ""region"": ""US""}"
WD-REC-00985,Workday,RECRUITING,Interview,Corporate,Integration Load -> Validate -> Error Handling -> Reprocess,UI,Route Corporate Workday Interview,Workday access is provisioned and Corporate test data exists,"1. Open Workday Interview.
2. Execute: Integration Load -> Validate -> Error Handling -> Reprocess.
3. Perform validation and confirm downstream impact.","Integration Load -> Validate -> Error Handling -> Reprocess completes successfully with approvals, validations, and audit trail",High,Data Migration,"{""worker"": ""Jane Doe"", ""company"": ""Global Demo"", ""region"": ""US""}"
WD-REC-00986,Workday,RECRUITING,Interview,Corporate,Recruiting -> Hire -> Onboard -> Time -> Payroll,UI,Close Corporate Workday Interview,Workday access is provisioned and Corporate test data exists,"1. Open Workday Interview.
2. Execute: Recruiting -> Hire -> Onboard -> Time -> Payroll.
3. Perform validation and confirm downstream impact.","Recruiting -> Hire -> Onboard -> Time -> Payroll completes successfully with approvals, validations, and audit trail",Medium,Data Migration,"{""worker"": ""Jane Doe"", ""company"": ""Global Demo"", ""region"": ""US""}"
WD-REC-00987,Workday,RECRUITING,Interview,Corporate,Budget -> Expense -> Journal -> Dashboard,Workflow,Export Corporate Workday Interview,Workday access is provisioned and Corporate test data exists,"1. Open Workday Interview.
2. Execute: Budget -> Expense -> Journal -> Dashboard.
3. Perform validation and confirm downstream impact.","Budget -> Expense -> Journal -> Dashboard completes successfully with approvals, validations, and audit trail",Low,Functional,"{""worker"": ""Jane Doe"", ""company"": ""Global Demo"", ""region"": ""US""}"
WD-REC-00988,Workday,RECRUITING,Interview,Retail,Requisition -> Offer -> Hire -> Onboard -> Payroll,UI,Create Retail Workday Interview,Workday access is provisioned and Retail test data exists,"1. Open Workday Interview.
2. Execute: Requisition -> Offer -> Hire -> Onboard -> Payroll.
3. Perform validation and confirm downstream impact.","Requisition -> Offer -> Hire -> Onboard -> Payroll completes successfully with approvals, validations, and audit trail",Medium,Workflow,"{""worker"": ""Jane Doe"", ""company"": ""Global Demo"", ""region"": ""US""}"
WD-REC-00989,Workday,RECRUITING,Interview,Retail,Employee Life Event -> Benefits -> Payroll -> Reporting,Integration,Route Retail Workday Interview,Workday access is provisioned and Retail test data exists,"1. Open Workday Interview.
2. Execute: Employee Life Event -> Benefits -> Payroll -> Reporting.
3. Perform validation and confirm downstream impact.","Employee Life Event -> Benefits -> Payroll -> Reporting completes successfully with approvals, validations, and audit trail",High,Performance,"{""worker"": ""Jane Doe"", ""company"": ""Global Demo"", ""region"": ""US""}"
WD-REC-00990,Workday,RECRUITING,Interview,Retail,Expense Submit -> Approval -> Accounting -> Reimbursement,Integration,Sync Retail Workday Interview,Workday access is provisioned and Retail test data exists,"1. Open Workday Interview.
2. Execute: Expense Submit -> Approval -> Accounting -> Reimbursement.
3. Perform validation and confirm downstream impact.","Expense Submit -> Approval -> Accounting -> Reimbursement completes successfully with approvals, validations, and audit trail",Low,Accessibility,"{""worker"": ""Jane Doe"", ""company"": ""Global Demo"", ""region"": ""US""}"
WD-REC-00991,Workday,RECRUITING,Interview,Retail,Supplier Invoice -> Matching -> Approval -> Payment,Workflow,Update Retail Workday Interview,Workday access is provisioned and Retail test data exists,"1. Open Workday Interview.
2. Execute: Supplier Invoice -> Matching -> Approval -> Payment.
3. Perform validation and confirm downstream impact.","Supplier Invoice -> Matching -> Approval -> Payment completes successfully with approvals, validations, and audit trail",High,Workflow,"{""worker"": ""Jane Doe"", ""company"": ""Global Demo"", ""region"": ""US""}"
WD-REC-00992,Workday,RECRUITING,Interview,Retail,Integration Load -> Validate -> Error Handling -> Reprocess,Regression,Reject Retail Workday Interview,Workday access is provisioned and Retail test data exists,"1. Open Workday Interview.
2. Execute: Integration Load -> Validate -> Error Handling -> Reprocess.
3. Perform validation and confirm downstream impact.","Integration Load -> Validate -> Error Handling -> Reprocess completes successfully with approvals, validations, and audit trail",Medium,Accessibility,"{""worker"": ""Jane Doe"", ""company"": ""Global Demo"", ""region"": ""US""}"
WD-REC-00993,Workday,RECRUITING,Interview,Retail,Recruiting -> Hire -> Onboard -> Time -> Payroll,Data Migration,Export Retail Workday Interview,Workday access is provisioned and Retail test data exists,"1. Open Workday Interview.
2. Execute: Recruiting -> Hire -> Onboard -> Time -> Payroll.
3. Perform validation and confirm downstream impact.","Recruiting -> Hire -> Onboard -> Time -> Payroll completes successfully with approvals, validations, and audit trail",Low,UI,"{""worker"": ""Jane Doe"", ""company"": ""Global Demo"", ""region"": ""US""}"
WD-REC-00994,Workday,RECRUITING,Interview,Retail,Budget -> Expense -> Journal -> Dashboard,Performance,Edit Retail Workday Interview,Workday access is provisioned and Retail test data exists,"1. Open Workday Interview.
2. Execute: Budget -> Expense -> Journal -> Dashboard.
3. Perform validation and confirm downstream impact.","Budget -> Expense -> Journal -> Dashboard completes successfully with approvals, validations, and audit trail",Low,UI,"{""worker"": ""Jane Doe"", ""company"": ""Global Demo"", ""region"": ""US""}"
WD-REC-00995,Workday,RECRUITING,Interview,Healthcare,Requisition -> Offer -> Hire -> Onboard -> Payroll,Data Migration,Validate Healthcare Workday Interview,Workday access is provisioned and Healthcare test data exists,"1. Open Workday Interview.
2. Execute: Requisition -> Offer -> Hire -> Onboard -> Payroll.
3. Perform validation and confirm downstream impact.","Requisition -> Offer -> Hire -> Onboard -> Payroll completes successfully with approvals, validations, and audit trail",Low,Functional,"{""worker"": ""Jane Doe"", ""company"": ""Global Demo"", ""region"": ""US""}"
WD-REC-00996,Workday,RECRUITING,Interview,Healthcare,Employee Life Event -> Benefits -> Payroll -> Reporting,Regression,Submit Healthcare Workday Interview,Workday access is provisioned and Healthcare test data exists,"1. Open Workday Interview.
2. Execute: Employee Life Event -> Benefits -> Payroll -> Reporting.
3. Perform validation and confirm downstream impact.","Employee Life Event -> Benefits -> Payroll -> Reporting completes successfully with approvals, validations, and audit trail",Medium,Performance,"{""worker"": ""Jane Doe"", ""company"": ""Global Demo"", ""region"": ""US""}"
WD-REC-00997,Workday,RECRUITING,Interview,Healthcare,Expense Submit -> Approval -> Accounting -> Reimbursement,Security,Export Healthcare Workday Interview,Workday access is provisioned and Healthcare test data exists,"1. Open Workday Interview.
2. Execute: Expense Submit -> Approval -> Accounting -> Reimbursement.
3. Perform validation and confirm downstream impact.","Expense Submit -> Approval -> Accounting -> Reimbursement completes successfully with approvals, validations, and audit trail",Low,Integration,"{""worker"": ""Jane Doe"", ""company"": ""Global Demo"", ""region"": ""US""}"
WD-REC-00998,Workday,RECRUITING,Interview,Healthcare,Supplier Invoice -> Matching -> Approval -> Payment,Workflow,Update Healthcare Workday Interview,Workday access is provisioned and Healthcare test data exists,"1. Open Workday Interview.
2. Execute: Supplier Invoice -> Matching -> Approval -> Payment.
3. Perform validation and confirm downstream impact.","Supplier Invoice -> Matching -> Approval -> Payment completes successfully with approvals, validations, and audit trail",High,Accessibility,"{""worker"": ""Jane Doe"", ""company"": ""Global Demo"", ""region"": ""US""}"
WD-REC-00999,Workday,RECRUITING,Interview,Healthcare,Integration Load -> Validate -> Error Handling -> Reprocess,Accessibility,Submit Healthcare Workday Interview,Workday access is provisioned and Healthcare test data exists,"1. Open Workday Interview.
2. Execute: Integration Load -> Validate -> Error Handling -> Reprocess.
3. Perform validation and confirm downstream impact.","Integration Load -> Validate -> Error Handling -> Reprocess completes successfully with approvals, validations, and audit trail",Low,Performance,"{""worker"": ""Jane Doe"", ""company"": ""Global Demo"", ""region"": ""US""}"
WD-REC-01000,Workday,RECRUITING,Interview,Healthcare,Recruiting -> Hire -> Onboard -> Time -> Payroll,Regression,Sync Healthcare Workday Interview,Workday access is provisioned and Healthcare test data exists,"1. Open Workday Interview.
2. Execute: Recruiting -> Hire -> Onboard -> Time -> Payroll.
3. Perform validation and confirm downstream impact.","Recruiting -> Hire -> Onboard -> Time -> Payroll completes successfully with approvals, validations, and audit trail",High,Data Migration,"{""worker"": ""Jane Doe"", ""company"": ""Global Demo"", ""region"": ""US""}"
WD-REC-01001,Workday,RECRUITING,Interview,Healthcare,Budget -> Expense -> Journal -> Dashboard,Accessibility,Approve Healthcare Workday Interview,Workday access is provisioned and Healthcare test data exists,"1. Open Workday Interview.
2. Execute: Budget -> Expense -> Journal -> Dashboard.
3. Perform validation and confirm downstream impact.","Budget -> Expense -> Journal -> Dashboard completes successfully with approvals, validations, and audit trail",Low,Performance,"{""worker"": ""Jane Doe"", ""company"": ""Global Demo"", ""region"": ""US""}"
WD-REC-01002,Workday,RECRUITING,Interview,Manufacturing,Requisition -> Offer -> Hire -> Onboard -> Payroll,Regression,Reject Manufacturing Workday Interview,Workday access is provisioned and Manufacturing test data exists,"1. Open Workday Interview.
2. Execute: Requisition -> Offer -> Hire -> Onboard -> Payroll.
3. Perform validation and confirm downstream impact.","Requisition -> Offer -> Hire -> Onboard -> Payroll completes successfully with approvals, validations, and audit trail",Low,Integration,"{""worker"": ""Jane Doe"", ""company"": ""Global Demo"", ""region"": ""US""}"
WD-REC-01003,Workday,RECRUITING,Interview,Manufacturing,Employee Life Event -> Benefits -> Payroll -> Reporting,Security,Close Manufacturing Workday Interview,Workday access is provisioned and Manufacturing test data exists,"1. Open Workday Interview.
2. Execute: Employee Life Event -> Benefits -> Payroll -> Reporting.
3. Perform validation and confirm downstream impact.","Employee Life Event -> Benefits -> Payroll -> Reporting completes successfully with approvals, validations, and audit trail",High,Accessibility,"{""worker"": ""Jane Doe"", ""company"": ""Global Demo"", ""region"": ""US""}"
WD-REC-01004,Workday,RECRUITING,Interview,Manufacturing,Expense Submit -> Approval -> Accounting -> Reimbursement,Integration,Close Manufacturing Workday Interview,Workday access is provisioned and Manufacturing test data exists,"1. Open Workday Interview.
2. Execute: Expense Submit -> Approval -> Accounting -> Reimbursement.
3. Perform validation and confirm downstream impact.","Expense Submit -> Approval -> Accounting -> Reimbursement completes successfully with approvals, validations, and audit trail",Low,Functional,"{""worker"": ""Jane Doe"", ""company"": ""Global Demo"", ""region"": ""US""}"
WD-REC-01005,Workday,RECRUITING,Interview,Manufacturing,Supplier Invoice -> Matching -> Approval -> Payment,Workflow,Export Manufacturing Workday Interview,Workday access is provisioned and Manufacturing test data exists,"1. Open Workday Interview.
2. Execute: Supplier Invoice -> Matching -> Approval -> Payment.
3. Perform validation and confirm downstream impact.","Supplier Invoice -> Matching -> Approval -> Payment completes successfully with approvals, validations, and audit trail",High,Security,"{""worker"": ""Jane Doe"", ""company"": ""Global Demo"", ""region"": ""US""}"
WD-REC-01006,Workday,RECRUITING,Interview,Manufacturing,Integration Load -> Validate -> Error Handling -> Reprocess,Accessibility,Close Manufacturing Workday Interview,Workday access is provisioned and Manufacturing test data exists,"1. Open Workday Interview.
2. Execute: Integration Load -> Validate -> Error Handling -> Reprocess.
3. Perform validation and confirm downstream impact.","Integration Load -> Validate -> Error Handling -> Reprocess completes successfully with approvals, validations, and audit trail",Low,Data Migration,"{""worker"": ""Jane Doe"", ""company"": ""Global Demo"", ""region"": ""US""}"
WD-REC-01007,Workday,RECRUITING,Interview,Manufacturing,Recruiting -> Hire -> Onboard -> Time -> Payroll,Security,Import Manufacturing Workday Interview,Workday access is provisioned and Manufacturing test data exists,"1. Open Workday Interview.
2. Execute: Recruiting -> Hire -> Onboard -> Time -> Payroll.
3. Perform validation and confirm downstream impact.","Recruiting -> Hire -> Onboard -> Time -> Payroll completes successfully with approvals, validations, and audit trail",High,Mobile,"{""worker"": ""Jane Doe"", ""company"": ""Global Demo"", ""region"": ""US""}"
WD-REC-01008,Workday,RECRUITING,Interview,Manufacturing,Budget -> Expense -> Journal -> Dashboard,Performance,Export Manufacturing Workday Interview,Workday access is provisioned and Manufacturing test data exists,"1. Open Workday Interview.
2. Execute: Budget -> Expense -> Journal -> Dashboard.
3. Perform validation and confirm downstream impact.","Budget -> Expense -> Journal -> Dashboard completes successfully with approvals, validations, and audit trail",Low,UI,"{""worker"": ""Jane Doe"", ""company"": ""Global Demo"", ""region"": ""US""}"
WD-REC-01009,Workday,RECRUITING,Interview,Education,Requisition -> Offer -> Hire -> Onboard -> Payroll,Data Migration,Reject Education Workday Interview,Workday access is provisioned and Education test data exists,"1. Open Workday Interview.
2. Execute: Requisition -> Offer -> Hire -> Onboard -> Payroll.
3. Perform validation and confirm downstream impact.","Requisition -> Offer -> Hire -> Onboard -> Payroll completes successfully with approvals, validations, and audit trail",High,Accessibility,"{""worker"": ""Jane Doe"", ""company"": ""Global Demo"", ""region"": ""US""}"
WD-REC-01010,Workday,RECRUITING,Interview,Education,Employee Life Event -> Benefits -> Payroll -> Reporting,Integration,Create Education Workday Interview,Workday access is provisioned and Education test data exists,"1. Open Workday Interview.
2. Execute: Employee Life Event -> Benefits -> Payroll -> Reporting.
3. Perform validation and confirm downstream impact.","Employee Life Event -> Benefits -> Payroll -> Reporting completes successfully with approvals, validations, and audit trail",Low,Performance,"{""worker"": ""Jane Doe"", ""company"": ""Global Demo"", ""region"": ""US""}"
WD-REC-01011,Workday,RECRUITING,Interview,Education,Expense Submit -> Approval -> Accounting -> Reimbursement,Functional,Approve Education Workday Interview,Workday access is provisioned and Education test data exists,"1. Open Workday Interview.
2. Execute: Expense Submit -> Approval -> Accounting -> Reimbursement.
3. Perform validation and confirm downstream impact.","Expense Submit -> Approval -> Accounting -> Reimbursement completes successfully with approvals, validations, and audit trail",Low,Accessibility,"{""worker"": ""Jane Doe"", ""company"": ""Global Demo"", ""region"": ""US""}"
WD-REC-01012,Workday,RECRUITING,Interview,Education,Supplier Invoice -> Matching -> Approval -> Payment,Performance,Create Education Workday Interview,Workday access is provisioned and Education test data exists,"1. Open Workday Interview.
2. Execute: Supplier Invoice -> Matching -> Approval -> Payment.
3. Perform validation and confirm downstream impact.","Supplier Invoice -> Matching -> Approval -> Payment completes successfully with approvals, validations, and audit trail",Low,Accessibility,"{""worker"": ""Jane Doe"", ""company"": ""Global Demo"", ""region"": ""US""}"
WD-REC-01013,Workday,RECRUITING,Interview,Education,Integration Load -> Validate -> Error Handling -> Reprocess,Regression,Create Education Workday Interview,Workday access is provisioned and Education test data exists,"1. Open Workday Interview.
2. Execute: Integration Load -> Validate -> Error Handling -> Reprocess.
3. Perform validation and confirm downstream impact.","Integration Load -> Validate -> Error Handling -> Reprocess completes successfully with approvals, validations, and audit trail",High,Accessibility,"{""worker"": ""Jane Doe"", ""company"": ""Global Demo"", ""region"": ""US""}"
WD-REC-01014,Workday,RECRUITING,Interview,Education,Recruiting -> Hire -> Onboard -> Time -> Payroll,Security,Update Education Workday Interview,Workday access is provisioned and Education test data exists,"1. Open Workday Interview.
2. Execute: Recruiting -> Hire -> Onboard -> Time -> Payroll.
3. Perform validation and confirm downstream impact.","Recruiting -> Hire -> Onboard -> Time -> Payroll completes successfully with approvals, validations, and audit trail",Medium,Functional,"{""worker"": ""Jane Doe"", ""company"": ""Global Demo"", ""region"": ""US""}"
WD-REC-01015,Workday,RECRUITING,Interview,Education,Budget -> Expense -> Journal -> Dashboard,Mobile,Submit Education Workday Interview,Workday access is provisioned and Education test data exists,"1. Open Workday Interview.
2. Execute: Budget -> Expense -> Journal -> Dashboard.
3. Perform validation and confirm downstream impact.","Budget -> Expense -> Journal -> Dashboard completes successfully with approvals, validations, and audit trail",High,Performance,"{""worker"": ""Jane Doe"", ""company"": ""Global Demo"", ""region"": ""US""}"
WD-REC-01016,Workday,RECRUITING,Interview,Nonprofit,Requisition -> Offer -> Hire -> Onboard -> Payroll,Accessibility,Approve Nonprofit Workday Interview,Workday access is provisioned and Nonprofit test data exists,"1. Open Workday Interview.
2. Execute: Requisition -> Offer -> Hire -> Onboard -> Payroll.
3. Perform validation and confirm downstream impact.","Requisition -> Offer -> Hire -> Onboard -> Payroll completes successfully with approvals, validations, and audit trail",Low,Accessibility,"{""worker"": ""Jane Doe"", ""company"": ""Global Demo"", ""region"": ""US""}"
WD-REC-01017,Workday,RECRUITING,Interview,Nonprofit,Employee Life Event -> Benefits -> Payroll -> Reporting,Accessibility,Review Nonprofit Workday Interview,Workday access is provisioned and Nonprofit test data exists,"1. Open Workday Interview.
2. Execute: Employee Life Event -> Benefits -> Payroll -> Reporting.
3. Perform validation and confirm downstream impact.","Employee Life Event -> Benefits -> Payroll -> Reporting completes successfully with approvals, validations, and audit trail",Low,Security,"{""worker"": ""Jane Doe"", ""company"": ""Global Demo"", ""region"": ""US""}"
WD-REC-01018,Workday,RECRUITING,Interview,Nonprofit,Expense Submit -> Approval -> Accounting -> Reimbursement,Mobile,Import Nonprofit Workday Interview,Workday access is provisioned and Nonprofit test data exists,"1. Open Workday Interview.
2. Execute: Expense Submit -> Approval -> Accounting -> Reimbursement.
3. Perform validation and confirm downstream impact.","Expense Submit -> Approval -> Accounting -> Reimbursement completes successfully with approvals, validations, and audit trail",Low,Functional,"{""worker"": ""Jane Doe"", ""company"": ""Global Demo"", ""region"": ""US""}"
WD-REC-01019,Workday,RECRUITING,Interview,Nonprofit,Supplier Invoice -> Matching -> Approval -> Payment,Data Migration,Create Nonprofit Workday Interview,Workday access is provisioned and Nonprofit test data exists,"1. Open Workday Interview.
2. Execute: Supplier Invoice -> Matching -> Approval -> Payment.
3. Perform validation and confirm downstream impact.","Supplier Invoice -> Matching -> Approval -> Payment completes successfully with approvals, validations, and audit trail",Medium,Functional,"{""worker"": ""Jane Doe"", ""company"": ""Global Demo"", ""region"": ""US""}"
WD-REC-01020,Workday,RECRUITING,Interview,Nonprofit,Integration Load -> Validate -> Error Handling -> Reprocess,Integration,Create Nonprofit Workday Interview,Workday access is provisioned and Nonprofit test data exists,"1. Open Workday Interview.
2. Execute: Integration Load -> Validate -> Error Handling -> Reprocess.
3. Perform validation and confirm downstream impact.","Integration Load -> Validate -> Error Handling -> Reprocess completes successfully with approvals, validations, and audit trail",Low,Regression,"{""worker"": ""Jane Doe"", ""company"": ""Global Demo"", ""region"": ""US""}"
WD-REC-01021,Workday,RECRUITING,Interview,Nonprofit,Recruiting -> Hire -> Onboard -> Time -> Payroll,Integration,Sync Nonprofit Workday Interview,Workday access is provisioned and Nonprofit test data exists,"1. Open Workday Interview.
2. Execute: Recruiting -> Hire -> Onboard -> Time -> Payroll.
3. Perform validation and confirm downstream impact.","Recruiting -> Hire -> Onboard -> Time -> Payroll completes successfully with approvals, validations, and audit trail",Low,Performance,"{""worker"": ""Jane Doe"", ""company"": ""Global Demo"", ""region"": ""US""}"
WD-REC-01022,Workday,RECRUITING,Interview,Nonprofit,Budget -> Expense -> Journal -> Dashboard,Integration,Close Nonprofit Workday Interview,Workday access is provisioned and Nonprofit test data exists,"1. Open Workday Interview.
2. Execute: Budget -> Expense -> Journal -> Dashboard.
3. Perform validation and confirm downstream impact.","Budget -> Expense -> Journal -> Dashboard completes successfully with approvals, validations, and audit trail",Low,Workflow,"{""worker"": ""Jane Doe"", ""company"": ""Global Demo"", ""region"": ""US""}"
WD-REC-01023,Workday,RECRUITING,Interview,Financial Services,Requisition -> Offer -> Hire -> Onboard -> Payroll,Data Migration,Create Financial Services Workday Interview,Workday access is provisioned and Financial Services test data exists,"1. Open Workday Interview.
2. Execute: Requisition -> Offer -> Hire -> Onboard -> Payroll.
3. Perform validation and confirm downstream impact.","Requisition -> Offer -> Hire -> Onboard -> Payroll completes successfully with approvals, validations, and audit trail",Medium,Data Migration,"{""worker"": ""Jane Doe"", ""company"": ""Global Demo"", ""region"": ""US""}"
WD-REC-01024,Workday,RECRUITING,Interview,Financial Services,Employee Life Event -> Benefits -> Payroll -> Reporting,Functional,Route Financial Services Workday Interview,Workday access is provisioned and Financial Services test data exists,"1. Open Workday Interview.
2. Execute: Employee Life Event -> Benefits -> Payroll -> Reporting.
3. Perform validation and confirm downstream impact.","Employee Life Event -> Benefits -> Payroll -> Reporting completes successfully with approvals, validations, and audit trail",Medium,Performance,"{""worker"": ""Jane Doe"", ""company"": ""Global Demo"", ""region"": ""US""}"
WD-REC-01025,Workday,RECRUITING,Interview,Financial Services,Expense Submit -> Approval -> Accounting -> Reimbursement,Workflow,Review Financial Services Workday Interview,Workday access is provisioned and Financial Services test data exists,"1. Open Workday Interview.
2. Execute: Expense Submit -> Approval -> Accounting -> Reimbursement.
3. Perform validation and confirm downstream impact.","Expense Submit -> Approval -> Accounting -> Reimbursement completes successfully with approvals, validations, and audit trail",Medium,Security,"{""worker"": ""Jane Doe"", ""company"": ""Global Demo"", ""region"": ""US""}"
WD-REC-01026,Workday,RECRUITING,Interview,Financial Services,Supplier Invoice -> Matching -> Approval -> Payment,Integration,Edit Financial Services Workday Interview,Workday access is provisioned and Financial Services test data exists,"1. Open Workday Interview.
2. Execute: Supplier Invoice -> Matching -> Approval -> Payment.
3. Perform validation and confirm downstream impact.","Supplier Invoice -> Matching -> Approval -> Payment completes successfully with approvals, validations, and audit trail",Low,Performance,"{""worker"": ""Jane Doe"", ""company"": ""Global Demo"", ""region"": ""US""}"
WD-REC-01027,Workday,RECRUITING,Interview,Financial Services,Integration Load -> Validate -> Error Handling -> Reprocess,Accessibility,Export Financial Services Workday Interview,Workday access is provisioned and Financial Services test data exists,"1. Open Workday Interview.
2. Execute: Integration Load -> Validate -> Error Handling -> Reprocess.
3. Perform validation and confirm downstream impact.","Integration Load -> Validate -> Error Handling -> Reprocess completes successfully with approvals, validations, and audit trail",Low,Regression,"{""worker"": ""Jane Doe"", ""company"": ""Global Demo"", ""region"": ""US""}"
WD-REC-01028,Workday,RECRUITING,Interview,Financial Services,Recruiting -> Hire -> Onboard -> Time -> Payroll,Regression,Edit Financial Services Workday Interview,Workday access is provisioned and Financial Services test data exists,"1. Open Workday Interview.
2. Execute: Recruiting -> Hire -> Onboard -> Time -> Payroll.
3. Perform validation and confirm downstream impact.","Recruiting -> Hire -> Onboard -> Time -> Payroll completes successfully with approvals, validations, and audit trail",Low,Workflow,"{""worker"": ""Jane Doe"", ""company"": ""Global Demo"", ""region"": ""US""}"
WD-REC-01029,Workday,RECRUITING,Interview,Financial Services,Budget -> Expense -> Journal -> Dashboard,Security,Reject Financial Services Workday Interview,Workday access is provisioned and Financial Services test data exists,"1. Open Workday Interview.
2. Execute: Budget -> Expense -> Journal -> Dashboard.
3. Perform validation and confirm downstream impact.","Budget -> Expense -> Journal -> Dashboard completes successfully with approvals, validations, and audit trail",Low,Mobile,"{""worker"": ""Jane Doe"", ""company"": ""Global Demo"", ""region"": ""US""}"
WD-REC-01030,Workday,RECRUITING,Interview,Technology,Requisition -> Offer -> Hire -> Onboard -> Payroll,Integration,Approve Technology Workday Interview,Workday access is provisioned and Technology test data exists,"1. Open Workday Interview.
2. Execute: Requisition -> Offer -> Hire -> Onboard -> Payroll.
3. Perform validation and confirm downstream impact.","Requisition -> Offer -> Hire -> Onboard -> Payroll completes successfully with approvals, validations, and audit trail",High,Integration,"{""worker"": ""Jane Doe"", ""company"": ""Global Demo"", ""region"": ""US""}"
WD-REC-01031,Workday,RECRUITING,Interview,Technology,Employee Life Event -> Benefits -> Payroll -> Reporting,Performance,Create Technology Workday Interview,Workday access is provisioned and Technology test data exists,"1. Open Workday Interview.
2. Execute: Employee Life Event -> Benefits -> Payroll -> Reporting.
3. Perform validation and confirm downstream impact.","Employee Life Event -> Benefits -> Payroll -> Reporting completes successfully with approvals, validations, and audit trail",High,Security,"{""worker"": ""Jane Doe"", ""company"": ""Global Demo"", ""region"": ""US""}"
WD-REC-01032,Workday,RECRUITING,Interview,Technology,Expense Submit -> Approval -> Accounting -> Reimbursement,Data Migration,Review Technology Workday Interview,Workday access is provisioned and Technology test data exists,"1. Open Workday Interview.
2. Execute: Expense Submit -> Approval -> Accounting -> Reimbursement.
3. Perform validation and confirm downstream impact.","Expense Submit -> Approval -> Accounting -> Reimbursement completes successfully with approvals, validations, and audit trail",Medium,Workflow,"{""worker"": ""Jane Doe"", ""company"": ""Global Demo"", ""region"": ""US""}"
WD-REC-01033,Workday,RECRUITING,Interview,Technology,Supplier Invoice -> Matching -> Approval -> Payment,Accessibility,Sync Technology Workday Interview,Workday access is provisioned and Technology test data exists,"1. Open Workday Interview.
2. Execute: Supplier Invoice -> Matching -> Approval -> Payment.
3. Perform validation and confirm downstream impact.","Supplier Invoice -> Matching -> Approval -> Payment completes successfully with approvals, validations, and audit trail",Medium,Data Migration,"{""worker"": ""Jane Doe"", ""company"": ""Global Demo"", ""region"": ""US""}"
WD-REC-01034,Workday,RECRUITING,Interview,Technology,Integration Load -> Validate -> Error Handling -> Reprocess,Security,Validate Technology Workday Interview,Workday access is provisioned and Technology test data exists,"1. Open Workday Interview.
2. Execute: Integration Load -> Validate -> Error Handling -> Reprocess.
3. Perform validation and confirm downstream impact.","Integration Load -> Validate -> Error Handling -> Reprocess completes successfully with approvals, validations, and audit trail",Medium,Performance,"{""worker"": ""Jane Doe"", ""company"": ""Global Demo"", ""region"": ""US""}"
WD-REC-01035,Workday,RECRUITING,Interview,Technology,Recruiting -> Hire -> Onboard -> Time -> Payroll,Data Migration,Sync Technology Workday Interview,Workday access is provisioned and Technology test data exists,"1. Open Workday Interview.
2. Execute: Recruiting -> Hire -> Onboard -> Time -> Payroll.
3. Perform validation and confirm downstream impact.","Recruiting -> Hire -> Onboard -> Time -> Payroll completes successfully with approvals, validations, and audit trail",Low,Regression,"{""worker"": ""Jane Doe"", ""company"": ""Global Demo"", ""region"": ""US""}"
WD-REC-01036,Workday,RECRUITING,Interview,Technology,Budget -> Expense -> Journal -> Dashboard,Security,Update Technology Workday Interview,Workday access is provisioned and Technology test data exists,"1. Open Workday Interview.
2. Execute: Budget -> Expense -> Journal -> Dashboard.
3. Perform validation and confirm downstream impact.","Budget -> Expense -> Journal -> Dashboard completes successfully with approvals, validations, and audit trail",High,Functional,"{""worker"": ""Jane Doe"", ""company"": ""Global Demo"", ""region"": ""US""}"
WD-REC-01037,Workday,RECRUITING,Interview,Public Sector,Requisition -> Offer -> Hire -> Onboard -> Payroll,Performance,Validate Public Sector Workday Interview,Workday access is provisioned and Public Sector test data exists,"1. Open Workday Interview.
2. Execute: Requisition -> Offer -> Hire -> Onboard -> Payroll.
3. Perform validation and confirm downstream impact.","Requisition -> Offer -> Hire -> Onboard -> Payroll completes successfully with approvals, validations, and audit trail",High,Mobile,"{""worker"": ""Jane Doe"", ""company"": ""Global Demo"", ""region"": ""US""}"
WD-REC-01038,Workday,RECRUITING,Interview,Public Sector,Employee Life Event -> Benefits -> Payroll -> Reporting,Mobile,Approve Public Sector Workday Interview,Workday access is provisioned and Public Sector test data exists,"1. Open Workday Interview.
2. Execute: Employee Life Event -> Benefits -> Payroll -> Reporting.
3. Perform validation and confirm downstream impact.","Employee Life Event -> Benefits -> Payroll -> Reporting completes successfully with approvals, validations, and audit trail",Low,Performance,"{""worker"": ""Jane Doe"", ""company"": ""Global Demo"", ""region"": ""US""}"
WD-REC-01039,Workday,RECRUITING,Interview,Public Sector,Expense Submit -> Approval -> Accounting -> Reimbursement,Data Migration,Validate Public Sector Workday Interview,Workday access is provisioned and Public Sector test data exists,"1. Open Workday Interview.
2. Execute: Expense Submit -> Approval -> Accounting -> Reimbursement.
3. Perform validation and confirm downstream impact.","Expense Submit -> Approval -> Accounting -> Reimbursement completes successfully with approvals, validations, and audit trail",Medium,Security,"{""worker"": ""Jane Doe"", ""company"": ""Global Demo"", ""region"": ""US""}"
WD-REC-01040,Workday,RECRUITING,Interview,Public Sector,Supplier Invoice -> Matching -> Approval -> Payment,Workflow,Edit Public Sector Workday Interview,Workday access is provisioned and Public Sector test data exists,"1. Open Workday Interview.
2. Execute: Supplier Invoice -> Matching -> Approval -> Payment.
3. Perform validation and confirm downstream impact.","Supplier Invoice -> Matching -> Approval -> Payment completes successfully with approvals, validations, and audit trail",Low,Data Migration,"{""worker"": ""Jane Doe"", ""company"": ""Global Demo"", ""region"": ""US""}"
WD-REC-01041,Workday,RECRUITING,Interview,Public Sector,Integration Load -> Validate -> Error Handling -> Reprocess,Data Migration,Create Public Sector Workday Interview,Workday access is provisioned and Public Sector test data exists,"1. Open Workday Interview.
2. Execute: Integration Load -> Validate -> Error Handling -> Reprocess.
3. Perform validation and confirm downstream impact.","Integration Load -> Validate -> Error Handling -> Reprocess completes successfully with approvals, validations, and audit trail",Medium,Mobile,"{""worker"": ""Jane Doe"", ""company"": ""Global Demo"", ""region"": ""US""}"
WD-REC-01042,Workday,RECRUITING,Interview,Public Sector,Recruiting -> Hire -> Onboard -> Time -> Payroll,Workflow,Create Public Sector Workday Interview,Workday access is provisioned and Public Sector test data exists,"1. Open Workday Interview.
2. Execute: Recruiting -> Hire -> Onboard -> Time -> Payroll.
3. Perform validation and confirm downstream impact.","Recruiting -> Hire -> Onboard -> Time -> Payroll completes successfully with approvals, validations, and audit trail",Medium,Security,"{""worker"": ""Jane Doe"", ""company"": ""Global Demo"", ""region"": ""US""}"
WD-REC-01043,Workday,RECRUITING,Interview,Public Sector,Budget -> Expense -> Journal -> Dashboard,Performance,Sync Public Sector Workday Interview,Workday access is provisioned and Public Sector test data exists,"1. Open Workday Interview.
2. Execute: Budget -> Expense -> Journal -> Dashboard.
3. Perform validation and confirm downstream impact.","Budget -> Expense -> Journal -> Dashboard completes successfully with approvals, validations, and audit trail",Medium,Workflow,"{""worker"": ""Jane Doe"", ""company"": ""Global Demo"", ""region"": ""US""}"
WD-REC-01044,Workday,RECRUITING,Interview,Hospitality,Requisition -> Offer -> Hire -> Onboard -> Payroll,Performance,Close Hospitality Workday Interview,Workday access is provisioned and Hospitality test data exists,"1. Open Workday Interview.
2. Execute: Requisition -> Offer -> Hire -> Onboard -> Payroll.
3. Perform validation and confirm downstream impact.","Requisition -> Offer -> Hire -> Onboard -> Payroll completes successfully with approvals, validations, and audit trail",Medium,Security,"{""worker"": ""Jane Doe"", ""company"": ""Global Demo"", ""region"": ""US""}"
WD-REC-01045,Workday,RECRUITING,Interview,Hospitality,Employee Life Event -> Benefits -> Payroll -> Reporting,Integration,Import Hospitality Workday Interview,Workday access is provisioned and Hospitality test data exists,"1. Open Workday Interview.
2. Execute: Employee Life Event -> Benefits -> Payroll -> Reporting.
3. Perform validation and confirm downstream impact.","Employee Life Event -> Benefits -> Payroll -> Reporting completes successfully with approvals, validations, and audit trail",Medium,Functional,"{""worker"": ""Jane Doe"", ""company"": ""Global Demo"", ""region"": ""US""}"
WD-REC-01046,Workday,RECRUITING,Interview,Hospitality,Expense Submit -> Approval -> Accounting -> Reimbursement,Security,Submit Hospitality Workday Interview,Workday access is provisioned and Hospitality test data exists,"1. Open Workday Interview.
2. Execute: Expense Submit -> Approval -> Accounting -> Reimbursement.
3. Perform validation and confirm downstream impact.","Expense Submit -> Approval -> Accounting -> Reimbursement completes successfully with approvals, validations, and audit trail",Low,Regression,"{""worker"": ""Jane Doe"", ""company"": ""Global Demo"", ""region"": ""US""}"
WD-REC-01047,Workday,RECRUITING,Interview,Hospitality,Supplier Invoice -> Matching -> Approval -> Payment,Security,Review Hospitality Workday Interview,Workday access is provisioned and Hospitality test data exists,"1. Open Workday Interview.
2. Execute: Supplier Invoice -> Matching -> Approval -> Payment.
3. Perform validation and confirm downstream impact.","Supplier Invoice -> Matching -> Approval -> Payment completes successfully with approvals, validations, and audit trail",Medium,Mobile,"{""worker"": ""Jane Doe"", ""company"": ""Global Demo"", ""region"": ""US""}"
WD-REC-01048,Workday,RECRUITING,Interview,Hospitality,Integration Load -> Validate -> Error Handling -> Reprocess,Accessibility,Import Hospitality Workday Interview,Workday access is provisioned and Hospitality test data exists,"1. Open Workday Interview.
2. Execute: Integration Load -> Validate -> Error Handling -> Reprocess.
3. Perform validation and confirm downstream impact.","Integration Load -> Validate -> Error Handling -> Reprocess completes successfully with approvals, validations, and audit trail",High,Security,"{""worker"": ""Jane Doe"", ""company"": ""Global Demo"", ""region"": ""US""}"
WD-REC-01049,Workday,RECRUITING,Interview,Hospitality,Recruiting -> Hire -> Onboard -> Time -> Payroll,Integration,Edit Hospitality Workday Interview,Workday access is provisioned and Hospitality test data exists,"1. Open Workday Interview.
2. Execute: Recruiting -> Hire -> Onboard -> Time -> Payroll.
3. Perform validation and confirm downstream impact.","Recruiting -> Hire -> Onboard -> Time -> Payroll completes successfully with approvals, validations, and audit trail",High,Functional,"{""worker"": ""Jane Doe"", ""company"": ""Global Demo"", ""region"": ""US""}"
WD-REC-01050,Workday,RECRUITING,Interview,Hospitality,Budget -> Expense -> Journal -> Dashboard,Regression,Create Hospitality Workday Interview,Workday access is provisioned and Hospitality test data exists,"1. Open Workday Interview.
2. Execute: Budget -> Expense -> Journal -> Dashboard.
3. Perform validation and confirm downstream impact.","Budget -> Expense -> Journal -> Dashboard completes successfully with approvals, validations, and audit trail",Medium,Workflow,"{""worker"": ""Jane Doe"", ""company"": ""Global Demo"", ""region"": ""US""}"
WD-REC-01051,Workday,RECRUITING,Offer,Corporate,Requisition -> Offer -> Hire -> Onboard -> Payroll,Workflow,Review Corporate Workday Offer,Workday access is provisioned and Corporate test data exists,"1. Open Workday Offer.
2. Execute: Requisition -> Offer -> Hire -> Onboard -> Payroll.
3. Perform validation and confirm downstream impact.","Requisition -> Offer -> Hire -> Onboard -> Payroll completes successfully with approvals, validations, and audit trail",Low,Accessibility,"{""worker"": ""Jane Doe"", ""company"": ""Global Demo"", ""region"": ""US""}"
WD-REC-01052,Workday,RECRUITING,Offer,Corporate,Employee Life Event -> Benefits -> Payroll -> Reporting,Accessibility,Import Corporate Workday Offer,Workday access is provisioned and Corporate test data exists,"1. Open Workday Offer.
2. Execute: Employee Life Event -> Benefits -> Payroll -> Reporting.
3. Perform validation and confirm downstream impact.","Employee Life Event -> Benefits -> Payroll -> Reporting completes successfully with approvals, validations, and audit trail",Low,Integration,"{""worker"": ""Jane Doe"", ""company"": ""Global Demo"", ""region"": ""US""}"
WD-REC-01053,Workday,RECRUITING,Offer,Corporate,Expense Submit -> Approval -> Accounting -> Reimbursement,UI,Edit Corporate Workday Offer,Workday access is provisioned and Corporate test data exists,"1. Open Workday Offer.
2. Execute: Expense Submit -> Approval -> Accounting -> Reimbursement.
3. Perform validation and confirm downstream impact.","Expense Submit -> Approval -> Accounting -> Reimbursement completes successfully with approvals, validations, and audit trail",High,Data Migration,"{""worker"": ""Jane Doe"", ""company"": ""Global Demo"", ""region"": ""US""}"
WD-REC-01054,Workday,RECRUITING,Offer,Corporate,Supplier Invoice -> Matching -> Approval -> Payment,Regression,Edit Corporate Workday Offer,Workday access is provisioned and Corporate test data exists,"1. Open Workday Offer.
2. Execute: Supplier Invoice -> Matching -> Approval -> Payment.
3. Perform validation and confirm downstream impact.","Supplier Invoice -> Matching -> Approval -> Payment completes successfully with approvals, validations, and audit trail",Low,Data Migration,"{""worker"": ""Jane Doe"", ""company"": ""Global Demo"", ""region"": ""US""}"
WD-REC-01055,Workday,RECRUITING,Offer,Corporate,Integration Load -> Validate -> Error Handling -> Reprocess,Mobile,Edit Corporate Workday Offer,Workday access is provisioned and Corporate test data exists,"1. Open Workday Offer.
2. Execute: Integration Load -> Validate -> Error Handling -> Reprocess.
3. Perform validation and confirm downstream impact.","Integration Load -> Validate -> Error Handling -> Reprocess completes successfully with approvals, validations, and audit trail",Medium,Performance,"{""worker"": ""Jane Doe"", ""company"": ""Global Demo"", ""region"": ""US""}"
WD-REC-01056,Workday,RECRUITING,Offer,Corporate,Recruiting -> Hire -> Onboard -> Time -> Payroll,Regression,Import Corporate Workday Offer,Workday access is provisioned and Corporate test data exists,"1. Open Workday Offer.
2. Execute: Recruiting -> Hire -> Onboard -> Time -> Payroll.
3. Perform validation and confirm downstream impact.","Recruiting -> Hire -> Onboard -> Time -> Payroll completes successfully with approvals, validations, and audit trail",Low,Performance,"{""worker"": ""Jane Doe"", ""company"": ""Global Demo"", ""region"": ""US""}"
WD-REC-01057,Workday,RECRUITING,Offer,Corporate,Budget -> Expense -> Journal -> Dashboard,Security,Import Corporate Workday Offer,Workday access is provisioned and Corporate test data exists,"1. Open Workday Offer.
2. Execute: Budget -> Expense -> Journal -> Dashboard.
3. Perform validation and confirm downstream impact.","Budget -> Expense -> Journal -> Dashboard completes successfully with approvals, validations, and audit trail",High,UI,"{""worker"": ""Jane Doe"", ""company"": ""Global Demo"", ""region"": ""US""}"
WD-REC-01058,Workday,RECRUITING,Offer,Retail,Requisition -> Offer -> Hire -> Onboard -> Payroll,Performance,Review Retail Workday Offer,Workday access is provisioned and Retail test data exists,"1. Open Workday Offer.
2. Execute: Requisition -> Offer -> Hire -> Onboard -> Payroll.
3. Perform validation and confirm downstream impact.","Requisition -> Offer -> Hire -> Onboard -> Payroll completes successfully with approvals, validations, and audit trail",Low,Data Migration,"{""worker"": ""Jane Doe"", ""company"": ""Global Demo"", ""region"": ""US""}"
WD-REC-01059,Workday,RECRUITING,Offer,Retail,Employee Life Event -> Benefits -> Payroll -> Reporting,Regression,Export Retail Workday Offer,Workday access is provisioned and Retail test data exists,"1. Open Workday Offer.
2. Execute: Employee Life Event -> Benefits -> Payroll -> Reporting.
3. Perform validation and confirm downstream impact.","Employee Life Event -> Benefits -> Payroll -> Reporting completes successfully with approvals, validations, and audit trail",High,Mobile,"{""worker"": ""Jane Doe"", ""company"": ""Global Demo"", ""region"": ""US""}"
WD-REC-01060,Workday,RECRUITING,Offer,Retail,Expense Submit -> Approval -> Accounting -> Reimbursement,Regression,Submit Retail Workday Offer,Workday access is provisioned and Retail test data exists,"1. Open Workday Offer.
2. Execute: Expense Submit -> Approval -> Accounting -> Reimbursement.
3. Perform validation and confirm downstream impact.","Expense Submit -> Approval -> Accounting -> Reimbursement completes successfully with approvals, validations, and audit trail",High,Data Migration,"{""worker"": ""Jane Doe"", ""company"": ""Global Demo"", ""region"": ""US""}"
WD-REC-01061,Workday,RECRUITING,Offer,Retail,Supplier Invoice -> Matching -> Approval -> Payment,Performance,Import Retail Workday Offer,Workday access is provisioned and Retail test data exists,"1. Open Workday Offer.
2. Execute: Supplier Invoice -> Matching -> Approval -> Payment.
3. Perform validation and confirm downstream impact.","Supplier Invoice -> Matching -> Approval -> Payment completes successfully with approvals, validations, and audit trail",Low,Workflow,"{""worker"": ""Jane Doe"", ""company"": ""Global Demo"", ""region"": ""US""}"
WD-REC-01062,Workday,RECRUITING,Offer,Retail,Integration Load -> Validate -> Error Handling -> Reprocess,Data Migration,Route Retail Workday Offer,Workday access is provisioned and Retail test data exists,"1. Open Workday Offer.
2. Execute: Integration Load -> Validate -> Error Handling -> Reprocess.
3. Perform validation and confirm downstream impact.","Integration Load -> Validate -> Error Handling -> Reprocess completes successfully with approvals, validations, and audit trail",Medium,Functional,"{""worker"": ""Jane Doe"", ""company"": ""Global Demo"", ""region"": ""US""}"
WD-REC-01063,Workday,RECRUITING,Offer,Retail,Recruiting -> Hire -> Onboard -> Time -> Payroll,Regression,Submit Retail Workday Offer,Workday access is provisioned and Retail test data exists,"1. Open Workday Offer.
2. Execute: Recruiting -> Hire -> Onboard -> Time -> Payroll.
3. Perform validation and confirm downstream impact.","Recruiting -> Hire -> Onboard -> Time -> Payroll completes successfully with approvals, validations, and audit trail",Medium,Accessibility,"{""worker"": ""Jane Doe"", ""company"": ""Global Demo"", ""region"": ""US""}"
WD-REC-01064,Workday,RECRUITING,Offer,Retail,Budget -> Expense -> Journal -> Dashboard,UI,Validate Retail Workday Offer,Workday access is provisioned and Retail test data exists,"1. Open Workday Offer.
2. Execute: Budget -> Expense -> Journal -> Dashboard.
3. Perform validation and confirm downstream impact.","Budget -> Expense -> Journal -> Dashboard completes successfully with approvals, validations, and audit trail",Low,Accessibility,"{""worker"": ""Jane Doe"", ""company"": ""Global Demo"", ""region"": ""US""}"
WD-REC-01065,Workday,RECRUITING,Offer,Healthcare,Requisition -> Offer -> Hire -> Onboard -> Payroll,Mobile,Import Healthcare Workday Offer,Workday access is provisioned and Healthcare test data exists,"1. Open Workday Offer.
2. Execute: Requisition -> Offer -> Hire -> Onboard -> Payroll.
3. Perform validation and confirm downstream impact.","Requisition -> Offer -> Hire -> Onboard -> Payroll completes successfully with approvals, validations, and audit trail",High,UI,"{""worker"": ""Jane Doe"", ""company"": ""Global Demo"", ""region"": ""US""}"
WD-REC-01066,Workday,RECRUITING,Offer,Healthcare,Employee Life Event -> Benefits -> Payroll -> Reporting,Workflow,Close Healthcare Workday Offer,Workday access is provisioned and Healthcare test data exists,"1. Open Workday Offer.
2. Execute: Employee Life Event -> Benefits -> Payroll -> Reporting.
3. Perform validation and confirm downstream impact.","Employee Life Event -> Benefits -> Payroll -> Reporting completes successfully with approvals, validations, and audit trail",Medium,Regression,"{""worker"": ""Jane Doe"", ""company"": ""Global Demo"", ""region"": ""US""}"
WD-REC-01067,Workday,RECRUITING,Offer,Healthcare,Expense Submit -> Approval -> Accounting -> Reimbursement,Performance,Approve Healthcare Workday Offer,Workday access is provisioned and Healthcare test data exists,"1. Open Workday Offer.
2. Execute: Expense Submit -> Approval -> Accounting -> Reimbursement.
3. Perform validation and confirm downstream impact.","Expense Submit -> Approval -> Accounting -> Reimbursement completes successfully with approvals, validations, and audit trail",Medium,Accessibility,"{""worker"": ""Jane Doe"", ""company"": ""Global Demo"", ""region"": ""US""}"
WD-REC-01068,Workday,RECRUITING,Offer,Healthcare,Supplier Invoice -> Matching -> Approval -> Payment,Data Migration,Update Healthcare Workday Offer,Workday access is provisioned and Healthcare test data exists,"1. Open Workday Offer.
2. Execute: Supplier Invoice -> Matching -> Approval -> Payment.
3. Perform validation and confirm downstream impact.","Supplier Invoice -> Matching -> Approval -> Payment completes successfully with approvals, validations, and audit trail",Low,Mobile,"{""worker"": ""Jane Doe"", ""company"": ""Global Demo"", ""region"": ""US""}"
WD-REC-01069,Workday,RECRUITING,Offer,Healthcare,Integration Load -> Validate -> Error Handling -> Reprocess,Workflow,Approve Healthcare Workday Offer,Workday access is provisioned and Healthcare test data exists,"1. Open Workday Offer.
2. Execute: Integration Load -> Validate -> Error Handling -> Reprocess.
3. Perform validation and confirm downstream impact.","Integration Load -> Validate -> Error Handling -> Reprocess completes successfully with approvals, validations, and audit trail",Low,Accessibility,"{""worker"": ""Jane Doe"", ""company"": ""Global Demo"", ""region"": ""US""}"
WD-REC-01070,Workday,RECRUITING,Offer,Healthcare,Recruiting -> Hire -> Onboard -> Time -> Payroll,Performance,Sync Healthcare Workday Offer,Workday access is provisioned and Healthcare test data exists,"1. Open Workday Offer.
2. Execute: Recruiting -> Hire -> Onboard -> Time -> Payroll.
3. Perform validation and confirm downstream impact.","Recruiting -> Hire -> Onboard -> Time -> Payroll completes successfully with approvals, validations, and audit trail",Medium,Regression,"{""worker"": ""Jane Doe"", ""company"": ""Global Demo"", ""region"": ""US""}"
WD-REC-01071,Workday,RECRUITING,Offer,Healthcare,Budget -> Expense -> Journal -> Dashboard,Security,Review Healthcare Workday Offer,Workday access is provisioned and Healthcare test data exists,"1. Open Workday Offer.
2. Execute: Budget -> Expense -> Journal -> Dashboard.
3. Perform validation and confirm downstream impact.","Budget -> Expense -> Journal -> Dashboard completes successfully with approvals, validations, and audit trail",Low,Functional,"{""worker"": ""Jane Doe"", ""company"": ""Global Demo"", ""region"": ""US""}"
WD-REC-01072,Workday,RECRUITING,Offer,Manufacturing,Requisition -> Offer -> Hire -> Onboard -> Payroll,Functional,Review Manufacturing Workday Offer,Workday access is provisioned and Manufacturing test data exists,"1. Open Workday Offer.
2. Execute: Requisition -> Offer -> Hire -> Onboard -> Payroll.
3. Perform validation and confirm downstream impact.","Requisition -> Offer -> Hire -> Onboard -> Payroll completes successfully with approvals, validations, and audit trail",High,Performance,"{""worker"": ""Jane Doe"", ""company"": ""Global Demo"", ""region"": ""US""}"
WD-REC-01073,Workday,RECRUITING,Offer,Manufacturing,Employee Life Event -> Benefits -> Payroll -> Reporting,Workflow,Route Manufacturing Workday Offer,Workday access is provisioned and Manufacturing test data exists,"1. Open Workday Offer.
2. Execute: Employee Life Event -> Benefits -> Payroll -> Reporting.
3. Perform validation and confirm downstream impact.","Employee Life Event -> Benefits -> Payroll -> Reporting completes successfully with approvals, validations, and audit trail",High,Regression,"{""worker"": ""Jane Doe"", ""company"": ""Global Demo"", ""region"": ""US""}"
WD-REC-01074,Workday,RECRUITING,Offer,Manufacturing,Expense Submit -> Approval -> Accounting -> Reimbursement,Functional,Approve Manufacturing Workday Offer,Workday access is provisioned and Manufacturing test data exists,"1. Open Workday Offer.
2. Execute: Expense Submit -> Approval -> Accounting -> Reimbursement.
3. Perform validation and confirm downstream impact.","Expense Submit -> Approval -> Accounting -> Reimbursement completes successfully with approvals, validations, and audit trail",Medium,Integration,"{""worker"": ""Jane Doe"", ""company"": ""Global Demo"", ""region"": ""US""}"
WD-REC-01075,Workday,RECRUITING,Offer,Manufacturing,Supplier Invoice -> Matching -> Approval -> Payment,Workflow,Close Manufacturing Workday Offer,Workday access is provisioned and Manufacturing test data exists,"1. Open Workday Offer.
2. Execute: Supplier Invoice -> Matching -> Approval -> Payment.
3. Perform validation and confirm downstream impact.","Supplier Invoice -> Matching -> Approval -> Payment completes successfully with approvals, validations, and audit trail",Medium,Performance,"{""worker"": ""Jane Doe"", ""company"": ""Global Demo"", ""region"": ""US""}"
WD-REC-01076,Workday,RECRUITING,Offer,Manufacturing,Integration Load -> Validate -> Error Handling -> Reprocess,Functional,Validate Manufacturing Workday Offer,Workday access is provisioned and Manufacturing test data exists,"1. Open Workday Offer.
2. Execute: Integration Load -> Validate -> Error Handling -> Reprocess.
3. Perform validation and confirm downstream impact.","Integration Load -> Validate -> Error Handling -> Reprocess completes successfully with approvals, validations, and audit trail",Low,Accessibility,"{""worker"": ""Jane Doe"", ""company"": ""Global Demo"", ""region"": ""US""}"
WD-REC-01077,Workday,RECRUITING,Offer,Manufacturing,Recruiting -> Hire -> Onboard -> Time -> Payroll,Data Migration,Reject Manufacturing Workday Offer,Workday access is provisioned and Manufacturing test data exists,"1. Open Workday Offer.
2. Execute: Recruiting -> Hire -> Onboard -> Time -> Payroll.
3. Perform validation and confirm downstream impact.","Recruiting -> Hire -> Onboard -> Time -> Payroll completes successfully with approvals, validations, and audit trail",High,Performance,"{""worker"": ""Jane Doe"", ""company"": ""Global Demo"", ""region"": ""US""}"
WD-REC-01078,Workday,RECRUITING,Offer,Manufacturing,Budget -> Expense -> Journal -> Dashboard,Data Migration,Sync Manufacturing Workday Offer,Workday access is provisioned and Manufacturing test data exists,"1. Open Workday Offer.
2. Execute: Budget -> Expense -> Journal -> Dashboard.
3. Perform validation and confirm downstream impact.","Budget -> Expense -> Journal -> Dashboard completes successfully with approvals, validations, and audit trail",High,UI,"{""worker"": ""Jane Doe"", ""company"": ""Global Demo"", ""region"": ""US""}"
WD-REC-01079,Workday,RECRUITING,Offer,Education,Requisition -> Offer -> Hire -> Onboard -> Payroll,Workflow,Close Education Workday Offer,Workday access is provisioned and Education test data exists,"1. Open Workday Offer.
2. Execute: Requisition -> Offer -> Hire -> Onboard -> Payroll.
3. Perform validation and confirm downstream impact.","Requisition -> Offer -> Hire -> Onboard -> Payroll completes successfully with approvals, validations, and audit trail",Low,Regression,"{""worker"": ""Jane Doe"", ""company"": ""Global Demo"", ""region"": ""US""}"
WD-REC-01080,Workday,RECRUITING,Offer,Education,Employee Life Event -> Benefits -> Payroll -> Reporting,Data Migration,Edit Education Workday Offer,Workday access is provisioned and Education test data exists,"1. Open Workday Offer.
2. Execute: Employee Life Event -> Benefits -> Payroll -> Reporting.
3. Perform validation and confirm downstream impact.","Employee Life Event -> Benefits -> Payroll -> Reporting completes successfully with approvals, validations, and audit trail",High,Functional,"{""worker"": ""Jane Doe"", ""company"": ""Global Demo"", ""region"": ""US""}"
WD-REC-01081,Workday,RECRUITING,Offer,Education,Expense Submit -> Approval -> Accounting -> Reimbursement,Data Migration,Update Education Workday Offer,Workday access is provisioned and Education test data exists,"1. Open Workday Offer.
2. Execute: Expense Submit -> Approval -> Accounting -> Reimbursement.
3. Perform validation and confirm downstream impact.","Expense Submit -> Approval -> Accounting -> Reimbursement completes successfully with approvals, validations, and audit trail",High,Functional,"{""worker"": ""Jane Doe"", ""company"": ""Global Demo"", ""region"": ""US""}"
WD-REC-01082,Workday,RECRUITING,Offer,Education,Supplier Invoice -> Matching -> Approval -> Payment,Functional,Close Education Workday Offer,Workday access is provisioned and Education test data exists,"1. Open Workday Offer.
2. Execute: Supplier Invoice -> Matching -> Approval -> Payment.
3. Perform validation and confirm downstream impact.","Supplier Invoice -> Matching -> Approval -> Payment completes successfully with approvals, validations, and audit trail",High,Mobile,"{""worker"": ""Jane Doe"", ""company"": ""Global Demo"", ""region"": ""US""}"
WD-REC-01083,Workday,RECRUITING,Offer,Education,Integration Load -> Validate -> Error Handling -> Reprocess,Accessibility,Create Education Workday Offer,Workday access is provisioned and Education test data exists,"1. Open Workday Offer.
2. Execute: Integration Load -> Validate -> Error Handling -> Reprocess.
3. Perform validation and confirm downstream impact.","Integration Load -> Validate -> Error Handling -> Reprocess completes successfully with approvals, validations, and audit trail",Medium,Data Migration,"{""worker"": ""Jane Doe"", ""company"": ""Global Demo"", ""region"": ""US""}"
WD-REC-01084,Workday,RECRUITING,Offer,Education,Recruiting -> Hire -> Onboard -> Time -> Payroll,Mobile,Edit Education Workday Offer,Workday access is provisioned and Education test data exists,"1. Open Workday Offer.
2. Execute: Recruiting -> Hire -> Onboard -> Time -> Payroll.
3. Perform validation and confirm downstream impact.","Recruiting -> Hire -> Onboard -> Time -> Payroll completes successfully with approvals, validations, and audit trail",Low,Accessibility,"{""worker"": ""Jane Doe"", ""company"": ""Global Demo"", ""region"": ""US""}"
WD-REC-01085,Workday,RECRUITING,Offer,Education,Budget -> Expense -> Journal -> Dashboard,Functional,Review Education Workday Offer,Workday access is provisioned and Education test data exists,"1. Open Workday Offer.
2. Execute: Budget -> Expense -> Journal -> Dashboard.
3. Perform validation and confirm downstream impact.","Budget -> Expense -> Journal -> Dashboard completes successfully with approvals, validations, and audit trail",Low,Performance,"{""worker"": ""Jane Doe"", ""company"": ""Global Demo"", ""region"": ""US""}"
WD-REC-01086,Workday,RECRUITING,Offer,Nonprofit,Requisition -> Offer -> Hire -> Onboard -> Payroll,Accessibility,Approve Nonprofit Workday Offer,Workday access is provisioned and Nonprofit test data exists,"1. Open Workday Offer.
2. Execute: Requisition -> Offer -> Hire -> Onboard -> Payroll.
3. Perform validation and confirm downstream impact.","Requisition -> Offer -> Hire -> Onboard -> Payroll completes successfully with approvals, validations, and audit trail",Medium,UI,"{""worker"": ""Jane Doe"", ""company"": ""Global Demo"", ""region"": ""US""}"
WD-REC-01087,Workday,RECRUITING,Offer,Nonprofit,Employee Life Event -> Benefits -> Payroll -> Reporting,Performance,Route Nonprofit Workday Offer,Workday access is provisioned and Nonprofit test data exists,"1. Open Workday Offer.
2. Execute: Employee Life Event -> Benefits -> Payroll -> Reporting.
3. Perform validation and confirm downstream impact.","Employee Life Event -> Benefits -> Payroll -> Reporting completes successfully with approvals, validations, and audit trail",High,Accessibility,"{""worker"": ""Jane Doe"", ""company"": ""Global Demo"", ""region"": ""US""}"
WD-REC-01088,Workday,RECRUITING,Offer,Nonprofit,Expense Submit -> Approval -> Accounting -> Reimbursement,Performance,Route Nonprofit Workday Offer,Workday access is provisioned and Nonprofit test data exists,"1. Open Workday Offer.
2. Execute: Expense Submit -> Approval -> Accounting -> Reimbursement.
3. Perform validation and confirm downstream impact.","Expense Submit -> Approval -> Accounting -> Reimbursement completes successfully with approvals, validations, and audit trail",Medium,Accessibility,"{""worker"": ""Jane Doe"", ""company"": ""Global Demo"", ""region"": ""US""}"
WD-REC-01089,Workday,RECRUITING,Offer,Nonprofit,Supplier Invoice -> Matching -> Approval -> Payment,Accessibility,Export Nonprofit Workday Offer,Workday access is provisioned and Nonprofit test data exists,"1. Open Workday Offer.
2. Execute: Supplier Invoice -> Matching -> Approval -> Payment.
3. Perform validation and confirm downstream impact.","Supplier Invoice -> Matching -> Approval -> Payment completes successfully with approvals, validations, and audit trail",Low,UI,"{""worker"": ""Jane Doe"", ""company"": ""Global Demo"", ""region"": ""US""}"
WD-REC-01090,Workday,RECRUITING,Offer,Nonprofit,Integration Load -> Validate -> Error Handling -> Reprocess,Accessibility,Edit Nonprofit Workday Offer,Workday access is provisioned and Nonprofit test data exists,"1. Open Workday Offer.
2. Execute: Integration Load -> Validate -> Error Handling -> Reprocess.
3. Perform validation and confirm downstream impact.","Integration Load -> Validate -> Error Handling -> Reprocess completes successfully with approvals, validations, and audit trail",Medium,Mobile,"{""worker"": ""Jane Doe"", ""company"": ""Global Demo"", ""region"": ""US""}"
WD-REC-01091,Workday,RECRUITING,Offer,Nonprofit,Recruiting -> Hire -> Onboard -> Time -> Payroll,UI,Reject Nonprofit Workday Offer,Workday access is provisioned and Nonprofit test data exists,"1. Open Workday Offer.
2. Execute: Recruiting -> Hire -> Onboard -> Time -> Payroll.
3. Perform validation and confirm downstream impact.","Recruiting -> Hire -> Onboard -> Time -> Payroll completes successfully with approvals, validations, and audit trail",High,Workflow,"{""worker"": ""Jane Doe"", ""company"": ""Global Demo"", ""region"": ""US""}"
WD-REC-01092,Workday,RECRUITING,Offer,Nonprofit,Budget -> Expense -> Journal -> Dashboard,Regression,Validate Nonprofit Workday Offer,Workday access is provisioned and Nonprofit test data exists,"1. Open Workday Offer.
2. Execute: Budget -> Expense -> Journal -> Dashboard.
3. Perform validation and confirm downstream impact.","Budget -> Expense -> Journal -> Dashboard completes successfully with approvals, validations, and audit trail",High,Workflow,"{""worker"": ""Jane Doe"", ""company"": ""Global Demo"", ""region"": ""US""}"
WD-REC-01093,Workday,RECRUITING,Offer,Financial Services,Requisition -> Offer -> Hire -> Onboard -> Payroll,Workflow,Submit Financial Services Workday Offer,Workday access is provisioned and Financial Services test data exists,"1. Open Workday Offer.
2. Execute: Requisition -> Offer -> Hire -> Onboard -> Payroll.
3. Perform validation and confirm downstream impact.","Requisition -> Offer -> Hire -> Onboard -> Payroll completes successfully with approvals, validations, and audit trail",High,Performance,"{""worker"": ""Jane Doe"", ""company"": ""Global Demo"", ""region"": ""US""}"
WD-REC-01094,Workday,RECRUITING,Offer,Financial Services,Employee Life Event -> Benefits -> Payroll -> Reporting,UI,Update Financial Services Workday Offer,Workday access is provisioned and Financial Services test data exists,"1. Open Workday Offer.
2. Execute: Employee Life Event -> Benefits -> Payroll -> Reporting.
3. Perform validation and confirm downstream impact.","Employee Life Event -> Benefits -> Payroll -> Reporting completes successfully with approvals, validations, and audit trail",Medium,Workflow,"{""worker"": ""Jane Doe"", ""company"": ""Global Demo"", ""region"": ""US""}"
WD-REC-01095,Workday,RECRUITING,Offer,Financial Services,Expense Submit -> Approval -> Accounting -> Reimbursement,Workflow,Create Financial Services Workday Offer,Workday access is provisioned and Financial Services test data exists,"1. Open Workday Offer.
2. Execute: Expense Submit -> Approval -> Accounting -> Reimbursement.
3. Perform validation and confirm downstream impact.","Expense Submit -> Approval -> Accounting -> Reimbursement completes successfully with approvals, validations, and audit trail",Medium,Functional,"{""worker"": ""Jane Doe"", ""company"": ""Global Demo"", ""region"": ""US""}"
WD-REC-01096,Workday,RECRUITING,Offer,Financial Services,Supplier Invoice -> Matching -> Approval -> Payment,Workflow,Update Financial Services Workday Offer,Workday access is provisioned and Financial Services test data exists,"1. Open Workday Offer.
2. Execute: Supplier Invoice -> Matching -> Approval -> Payment.
3. Perform validation and confirm downstream impact.","Supplier Invoice -> Matching -> Approval -> Payment completes successfully with approvals, validations, and audit trail",Low,Performance,"{""worker"": ""Jane Doe"", ""company"": ""Global Demo"", ""region"": ""US""}"
WD-REC-01097,Workday,RECRUITING,Offer,Financial Services,Integration Load -> Validate -> Error Handling -> Reprocess,Workflow,Validate Financial Services Workday Offer,Workday access is provisioned and Financial Services test data exists,"1. Open Workday Offer.
2. Execute: Integration Load -> Validate -> Error Handling -> Reprocess.
3. Perform validation and confirm downstream impact.","Integration Load -> Validate -> Error Handling -> Reprocess completes successfully with approvals, validations, and audit trail",Medium,Functional,"{""worker"": ""Jane Doe"", ""company"": ""Global Demo"", ""region"": ""US""}"
WD-REC-01098,Workday,RECRUITING,Offer,Financial Services,Recruiting -> Hire -> Onboard -> Time -> Payroll,Security,Create Financial Services Workday Offer,Workday access is provisioned and Financial Services test data exists,"1. Open Workday Offer.
2. Execute: Recruiting -> Hire -> Onboard -> Time -> Payroll.
3. Perform validation and confirm downstream impact.","Recruiting -> Hire -> Onboard -> Time -> Payroll completes successfully with approvals, validations, and audit trail",High,Accessibility,"{""worker"": ""Jane Doe"", ""company"": ""Global Demo"", ""region"": ""US""}"
WD-REC-01099,Workday,RECRUITING,Offer,Financial Services,Budget -> Expense -> Journal -> Dashboard,Data Migration,Update Financial Services Workday Offer,Workday access is provisioned and Financial Services test data exists,"1. Open Workday Offer.
2. Execute: Budget -> Expense -> Journal -> Dashboard.
3. Perform validation and confirm downstream impact.","Budget -> Expense -> Journal -> Dashboard completes successfully with approvals, validations, and audit trail",High,Functional,"{""worker"": ""Jane Doe"", ""company"": ""Global Demo"", ""region"": ""US""}"
WD-REC-01100,Workday,RECRUITING,Offer,Technology,Requisition -> Offer -> Hire -> Onboard -> Payroll,Mobile,Reject Technology Workday Offer,Workday access is provisioned and Technology test data exists,"1. Open Workday Offer.
2. Execute: Requisition -> Offer -> Hire -> Onboard -> Payroll.
3. Perform validation and confirm downstream impact.","Requisition -> Offer -> Hire -> Onboard -> Payroll completes successfully with approvals, validations, and audit trail",Medium,Workflow,"{""worker"": ""Jane Doe"", ""company"": ""Global Demo"", ""region"": ""US""}"
WD-REC-01101,Workday,RECRUITING,Offer,Technology,Employee Life Event -> Benefits -> Payroll -> Reporting,Accessibility,Sync Technology Workday Offer,Workday access is provisioned and Technology test data exists,"1. Open Workday Offer.
2. Execute: Employee Life Event -> Benefits -> Payroll -> Reporting.
3. Perform validation and confirm downstream impact.","Employee Life Event -> Benefits -> Payroll -> Reporting completes successfully with approvals, validations, and audit trail",Low,Integration,"{""worker"": ""Jane Doe"", ""company"": ""Global Demo"", ""region"": ""US""}"
WD-REC-01102,Workday,RECRUITING,Offer,Technology,Expense Submit -> Approval -> Accounting -> Reimbursement,Mobile,Edit Technology Workday Offer,Workday access is provisioned and Technology test data exists,"1. Open Workday Offer.
2. Execute: Expense Submit -> Approval -> Accounting -> Reimbursement.
3. Perform validation and confirm downstream impact.","Expense Submit -> Approval -> Accounting -> Reimbursement completes successfully with approvals, validations, and audit trail",High,UI,"{""worker"": ""Jane Doe"", ""company"": ""Global Demo"", ""region"": ""US""}"
WD-REC-01103,Workday,RECRUITING,Offer,Technology,Supplier Invoice -> Matching -> Approval -> Payment,Data Migration,Review Technology Workday Offer,Workday access is provisioned and Technology test data exists,"1. Open Workday Offer.
2. Execute: Supplier Invoice -> Matching -> Approval -> Payment.
3. Perform validation and confirm downstream impact.","Supplier Invoice -> Matching -> Approval -> Payment completes successfully with approvals, validations, and audit trail",High,Mobile,"{""worker"": ""Jane Doe"", ""company"": ""Global Demo"", ""region"": ""US""}"
WD-REC-01104,Workday,RECRUITING,Offer,Technology,Integration Load -> Validate -> Error Handling -> Reprocess,Regression,Update Technology Workday Offer,Workday access is provisioned and Technology test data exists,"1. Open Workday Offer.
2. Execute: Integration Load -> Validate -> Error Handling -> Reprocess.
3. Perform validation and confirm downstream impact.","Integration Load -> Validate -> Error Handling -> Reprocess completes successfully with approvals, validations, and audit trail",Low,Functional,"{""worker"": ""Jane Doe"", ""company"": ""Global Demo"", ""region"": ""US""}"
WD-REC-01105,Workday,RECRUITING,Offer,Technology,Recruiting -> Hire -> Onboard -> Time -> Payroll,Workflow,Sync Technology Workday Offer,Workday access is provisioned and Technology test data exists,"1. Open Workday Offer.
2. Execute: Recruiting -> Hire -> Onboard -> Time -> Payroll.
3. Perform validation and confirm downstream impact.","Recruiting -> Hire -> Onboard -> Time -> Payroll completes successfully with approvals, validations, and audit trail",Medium,Regression,"{""worker"": ""Jane Doe"", ""company"": ""Global Demo"", ""region"": ""US""}"
WD-REC-01106,Workday,RECRUITING,Offer,Technology,Budget -> Expense -> Journal -> Dashboard,Integration,Approve Technology Workday Offer,Workday access is provisioned and Technology test data exists,"1. Open Workday Offer.
2. Execute: Budget -> Expense -> Journal -> Dashboard.
3. Perform validation and confirm downstream impact.","Budget -> Expense -> Journal -> Dashboard completes successfully with approvals, validations, and audit trail",Medium,Functional,"{""worker"": ""Jane Doe"", ""company"": ""Global Demo"", ""region"": ""US""}"
WD-REC-01107,Workday,RECRUITING,Offer,Public Sector,Requisition -> Offer -> Hire -> Onboard -> Payroll,Data Migration,Validate Public Sector Workday Offer,Workday access is provisioned and Public Sector test data exists,"1. Open Workday Offer.
2. Execute: Requisition -> Offer -> Hire -> Onboard -> Payroll.
3. Perform validation and confirm downstream impact.","Requisition -> Offer -> Hire -> Onboard -> Payroll completes successfully with approvals, validations, and audit trail",Low,Security,"{""worker"": ""Jane Doe"", ""company"": ""Global Demo"", ""region"": ""US""}"
WD-REC-01108,Workday,RECRUITING,Offer,Public Sector,Employee Life Event -> Benefits -> Payroll -> Reporting,Functional,Reject Public Sector Workday Offer,Workday access is provisioned and Public Sector test data exists,"1. Open Workday Offer.
2. Execute: Employee Life Event -> Benefits -> Payroll -> Reporting.
3. Perform validation and confirm downstream impact.","Employee Life Event -> Benefits -> Payroll -> Reporting completes successfully with approvals, validations, and audit trail",High,Mobile,"{""worker"": ""Jane Doe"", ""company"": ""Global Demo"", ""region"": ""US""}"
WD-REC-01109,Workday,RECRUITING,Offer,Public Sector,Expense Submit -> Approval -> Accounting -> Reimbursement,Functional,Import Public Sector Workday Offer,Workday access is provisioned and Public Sector test data exists,"1. Open Workday Offer.
2. Execute: Expense Submit -> Approval -> Accounting -> Reimbursement.
3. Perform validation and confirm downstream impact.","Expense Submit -> Approval -> Accounting -> Reimbursement completes successfully with approvals, validations, and audit trail",High,Performance,"{""worker"": ""Jane Doe"", ""company"": ""Global Demo"", ""region"": ""US""}"
WD-REC-01110,Workday,RECRUITING,Offer,Public Sector,Supplier Invoice -> Matching -> Approval -> Payment,Mobile,Route Public Sector Workday Offer,Workday access is provisioned and Public Sector test data exists,"1. Open Workday Offer.
2. Execute: Supplier Invoice -> Matching -> Approval -> Payment.
3. Perform validation and confirm downstream impact.","Supplier Invoice -> Matching -> Approval -> Payment completes successfully with approvals, validations, and audit trail",Medium,Regression,"{""worker"": ""Jane Doe"", ""company"": ""Global Demo"", ""region"": ""US""}"
WD-REC-01111,Workday,RECRUITING,Offer,Public Sector,Integration Load -> Validate -> Error Handling -> Reprocess,Performance,Sync Public Sector Workday Offer,Workday access is provisioned and Public Sector test data exists,"1. Open Workday Offer.
2. Execute: Integration Load -> Validate -> Error Handling -> Reprocess.
3. Perform validation and confirm downstream impact.","Integration Load -> Validate -> Error Handling -> Reprocess completes successfully with approvals, validations, and audit trail",High,Regression,"{""worker"": ""Jane Doe"", ""company"": ""Global Demo"", ""region"": ""US""}"
WD-REC-01112,Workday,RECRUITING,Offer,Public Sector,Recruiting -> Hire -> Onboard -> Time -> Payroll,Performance,Approve Public Sector Workday Offer,Workday access is provisioned and Public Sector test data exists,"1. Open Workday Offer.
2. Execute: Recruiting -> Hire -> Onboard -> Time -> Payroll.
3. Perform validation and confirm downstream impact.","Recruiting -> Hire -> Onboard -> Time -> Payroll completes successfully with approvals, validations, and audit trail",Low,Functional,"{""worker"": ""Jane Doe"", ""company"": ""Global Demo"", ""region"": ""US""}"
WD-REC-01113,Workday,RECRUITING,Offer,Public Sector,Budget -> Expense -> Journal -> Dashboard,Regression,Sync Public Sector Workday Offer,Workday access is provisioned and Public Sector test data exists,"1. Open Workday Offer.
2. Execute: Budget -> Expense -> Journal -> Dashboard.
3. Perform validation and confirm downstream impact.","Budget -> Expense -> Journal -> Dashboard completes successfully with approvals, validations, and audit trail",Low,Data Migration,"{""worker"": ""Jane Doe"", ""company"": ""Global Demo"", ""region"": ""US""}"
WD-REC-01114,Workday,RECRUITING,Offer,Hospitality,Requisition -> Offer -> Hire -> Onboard -> Payroll,Accessibility,Export Hospitality Workday Offer,Workday access is provisioned and Hospitality test data exists,"1. Open Workday Offer.
2. Execute: Requisition -> Offer -> Hire -> Onboard -> Payroll.
3. Perform validation and confirm downstream impact.","Requisition -> Offer -> Hire -> Onboard -> Payroll completes successfully with approvals, validations, and audit trail",Low,Performance,"{""worker"": ""Jane Doe"", ""company"": ""Global Demo"", ""region"": ""US""}"
WD-REC-01115,Workday,RECRUITING,Offer,Hospitality,Employee Life Event -> Benefits -> Payroll -> Reporting,Security,Validate Hospitality Workday Offer,Workday access is provisioned and Hospitality test data exists,"1. Open Workday Offer.
2. Execute: Employee Life Event -> Benefits -> Payroll -> Reporting.
3. Perform validation and confirm downstream impact.","Employee Life Event -> Benefits -> Payroll -> Reporting completes successfully with approvals, validations, and audit trail",High,UI,"{""worker"": ""Jane Doe"", ""company"": ""Global Demo"", ""region"": ""US""}"
WD-REC-01116,Workday,RECRUITING,Offer,Hospitality,Expense Submit -> Approval -> Accounting -> Reimbursement,Data Migration,Validate Hospitality Workday Offer,Workday access is provisioned and Hospitality test data exists,"1. Open Workday Offer.
2. Execute: Expense Submit -> Approval -> Accounting -> Reimbursement.
3. Perform validation and confirm downstream impact.","Expense Submit -> Approval -> Accounting -> Reimbursement completes successfully with approvals, validations, and audit trail",High,Data Migration,"{""worker"": ""Jane Doe"", ""company"": ""Global Demo"", ""region"": ""US""}"
WD-REC-01117,Workday,RECRUITING,Offer,Hospitality,Supplier Invoice -> Matching -> Approval -> Payment,Performance,Approve Hospitality Workday Offer,Workday access is provisioned and Hospitality test data exists,"1. Open Workday Offer.
2. Execute: Supplier Invoice -> Matching -> Approval -> Payment.
3. Perform validation and confirm downstream impact.","Supplier Invoice -> Matching -> Approval -> Payment completes successfully with approvals, validations, and audit trail",Medium,Security,"{""worker"": ""Jane Doe"", ""company"": ""Global Demo"", ""region"": ""US""}"
WD-REC-01118,Workday,RECRUITING,Offer,Hospitality,Integration Load -> Validate -> Error Handling -> Reprocess,Performance,Route Hospitality Workday Offer,Workday access is provisioned and Hospitality test data exists,"1. Open Workday Offer.
2. Execute: Integration Load -> Validate -> Error Handling -> Reprocess.
3. Perform validation and confirm downstream impact.","Integration Load -> Validate -> Error Handling -> Reprocess completes successfully with approvals, validations, and audit trail",Low,Mobile,"{""worker"": ""Jane Doe"", ""company"": ""Global Demo"", ""region"": ""US""}"
WD-REC-01119,Workday,RECRUITING,Offer,Hospitality,Recruiting -> Hire -> Onboard -> Time -> Payroll,Performance,Route Hospitality Workday Offer,Workday access is provisioned and Hospitality test data exists,"1. Open Workday Offer.
2. Execute: Recruiting -> Hire -> Onboard -> Time -> Payroll.
3. Perform validation and confirm downstream impact.","Recruiting -> Hire -> Onboard -> Time -> Payroll completes successfully with approvals, validations, and audit trail",Medium,Regression,"{""worker"": ""Jane Doe"", ""company"": ""Global Demo"", ""region"": ""US""}"
WD-REC-01120,Workday,RECRUITING,Offer,Hospitality,Budget -> Expense -> Journal -> Dashboard,Regression,Submit Hospitality Workday Offer,Workday access is provisioned and Hospitality test data exists,"1. Open Workday Offer.
2. Execute: Budget -> Expense -> Journal -> Dashboard.
3. Perform validation and confirm downstream impact.","Budget -> Expense -> Journal -> Dashboard completes successfully with approvals, validations, and audit trail",High,Accessibility,"{""worker"": ""Jane Doe"", ""company"": ""Global Demo"", ""region"": ""US""}"
WD-REC-01121,Workday,RECRUITING,Candidate Pipeline,Corporate,Requisition -> Offer -> Hire -> Onboard -> Payroll,Performance,Validate Corporate Workday Candidate Pipeline,Workday access is provisioned and Corporate test data exists,"1. Open Workday Candidate Pipeline.
2. Execute: Requisition -> Offer -> Hire -> Onboard -> Payroll.
3. Perform validation and confirm downstream impact.","Requisition -> Offer -> Hire -> Onboard -> Payroll completes successfully with approvals, validations, and audit trail",High,Regression,"{""worker"": ""Jane Doe"", ""company"": ""Global Demo"", ""region"": ""US""}"
WD-REC-01122,Workday,RECRUITING,Candidate Pipeline,Corporate,Employee Life Event -> Benefits -> Payroll -> Reporting,Data Migration,Reject Corporate Workday Candidate Pipeline,Workday access is provisioned and Corporate test data exists,"1. Open Workday Candidate Pipeline.
2. Execute: Employee Life Event -> Benefits -> Payroll -> Reporting.
3. Perform validation and confirm downstream impact.","Employee Life Event -> Benefits -> Payroll -> Reporting completes successfully with approvals, validations, and audit trail",Low,Mobile,"{""worker"": ""Jane Doe"", ""company"": ""Global Demo"", ""region"": ""US""}"
WD-REC-01123,Workday,RECRUITING,Candidate Pipeline,Corporate,Expense Submit -> Approval -> Accounting -> Reimbursement,Regression,Sync Corporate Workday Candidate Pipeline,Workday access is provisioned and Corporate test data exists,"1. Open Workday Candidate Pipeline.
2. Execute: Expense Submit -> Approval -> Accounting -> Reimbursement.
3. Perform validation and confirm downstream impact.","Expense Submit -> Approval -> Accounting -> Reimbursement completes successfully with approvals, validations, and audit trail",Low,Performance,"{""worker"": ""Jane Doe"", ""company"": ""Global Demo"", ""region"": ""US""}"
WD-REC-01124,Workday,RECRUITING,Candidate Pipeline,Corporate,Supplier Invoice -> Matching -> Approval -> Payment,Accessibility,Review Corporate Workday Candidate Pipeline,Workday access is provisioned and Corporate test data exists,"1. Open Workday Candidate Pipeline.
2. Execute: Supplier Invoice -> Matching -> Approval -> Payment.
3. Perform validation and confirm downstream impact.","Supplier Invoice -> Matching -> Approval -> Payment completes successfully with approvals, validations, and audit trail",Medium,UI,"{""worker"": ""Jane Doe"", ""company"": ""Global Demo"", ""region"": ""US""}"
WD-REC-01125,Workday,RECRUITING,Candidate Pipeline,Corporate,Integration Load -> Validate -> Error Handling -> Reprocess,Functional,Submit Corporate Workday Candidate Pipeline,Workday access is provisioned and Corporate test data exists,"1. Open Workday Candidate Pipeline.
2. Execute: Integration Load -> Validate -> Error Handling -> Reprocess.
3. Perform validation and confirm downstream impact.","Integration Load -> Validate -> Error Handling -> Reprocess completes successfully with approvals, validations, and audit trail",Low,Performance,"{""worker"": ""Jane Doe"", ""company"": ""Global Demo"", ""region"": ""US""}"
WD-REC-01126,Workday,RECRUITING,Candidate Pipeline,Corporate,Recruiting -> Hire -> Onboard -> Time -> Payroll,Mobile,Export Corporate Workday Candidate Pipeline,Workday access is provisioned and Corporate test data exists,"1. Open Workday Candidate Pipeline.
2. Execute: Recruiting -> Hire -> Onboard -> Time -> Payroll.
3. Perform validation and confirm downstream impact.","Recruiting -> Hire -> Onboard -> Time -> Payroll completes successfully with approvals, validations, and audit trail",High,Integration,"{""worker"": ""Jane Doe"", ""company"": ""Global Demo"", ""region"": ""US""}"
WD-REC-01127,Workday,RECRUITING,Candidate Pipeline,Corporate,Budget -> Expense -> Journal -> Dashboard,Workflow,Import Corporate Workday Candidate Pipeline,Workday access is provisioned and Corporate test data exists,"1. Open Workday Candidate Pipeline.
2. Execute: Budget -> Expense -> Journal -> Dashboard.
3. Perform validation and confirm downstream impact.","Budget -> Expense -> Journal -> Dashboard completes successfully with approvals, validations, and audit trail",High,Data Migration,"{""worker"": ""Jane Doe"", ""company"": ""Global Demo"", ""region"": ""US""}"
WD-REC-01128,Workday,RECRUITING,Candidate Pipeline,Retail,Requisition -> Offer -> Hire -> Onboard -> Payroll,Regression,Review Retail Workday Candidate Pipeline,Workday access is provisioned and Retail test data exists,"1. Open Workday Candidate Pipeline.
2. Execute: Requisition -> Offer -> Hire -> Onboard -> Payroll.
3. Perform validation and confirm downstream impact.","Requisition -> Offer -> Hire -> Onboard -> Payroll completes successfully with approvals, validations, and audit trail",Low,Regression,"{""worker"": ""Jane Doe"", ""company"": ""Global Demo"", ""region"": ""US""}"
WD-REC-01129,Workday,RECRUITING,Candidate Pipeline,Retail,Employee Life Event -> Benefits -> Payroll -> Reporting,Integration,Reject Retail Workday Candidate Pipeline,Workday access is provisioned and Retail test data exists,"1. Open Workday Candidate Pipeline.
2. Execute: Employee Life Event -> Benefits -> Payroll -> Reporting.
3. Perform validation and confirm downstream impact.","Employee Life Event -> Benefits -> Payroll -> Reporting completes successfully with approvals, validations, and audit trail",High,Regression,"{""worker"": ""Jane Doe"", ""company"": ""Global Demo"", ""region"": ""US""}"
WD-REC-01130,Workday,RECRUITING,Candidate Pipeline,Retail,Expense Submit -> Approval -> Accounting -> Reimbursement,Regression,Create Retail Workday Candidate Pipeline,Workday access is provisioned and Retail test data exists,"1. Open Workday Candidate Pipeline.
2. Execute: Expense Submit -> Approval -> Accounting -> Reimbursement.
3. Perform validation and confirm downstream impact.","Expense Submit -> Approval -> Accounting -> Reimbursement completes successfully with approvals, validations, and audit trail",High,Functional,"{""worker"": ""Jane Doe"", ""company"": ""Global Demo"", ""region"": ""US""}"
WD-REC-01131,Workday,RECRUITING,Candidate Pipeline,Retail,Supplier Invoice -> Matching -> Approval -> Payment,Mobile,Reject Retail Workday Candidate Pipeline,Workday access is provisioned and Retail test data exists,"1. Open Workday Candidate Pipeline.
2. Execute: Supplier Invoice -> Matching -> Approval -> Payment.
3. Perform validation and confirm downstream impact.","Supplier Invoice -> Matching -> Approval -> Payment completes successfully with approvals, validations, and audit trail",Low,Workflow,"{""worker"": ""Jane Doe"", ""company"": ""Global Demo"", ""region"": ""US""}"
WD-REC-01132,Workday,RECRUITING,Candidate Pipeline,Retail,Integration Load -> Validate -> Error Handling -> Reprocess,Regression,Approve Retail Workday Candidate Pipeline,Workday access is provisioned and Retail test data exists,"1. Open Workday Candidate Pipeline.
2. Execute: Integration Load -> Validate -> Error Handling -> Reprocess.
3. Perform validation and confirm downstream impact.","Integration Load -> Validate -> Error Handling -> Reprocess completes successfully with approvals, validations, and audit trail",High,Workflow,"{""worker"": ""Jane Doe"", ""company"": ""Global Demo"", ""region"": ""US""}"
WD-REC-01133,Workday,RECRUITING,Candidate Pipeline,Retail,Recruiting -> Hire -> Onboard -> Time -> Payroll,Security,Close Retail Workday Candidate Pipeline,Workday access is provisioned and Retail test data exists,"1. Open Workday Candidate Pipeline.
2. Execute: Recruiting -> Hire -> Onboard -> Time -> Payroll.
3. Perform validation and confirm downstream impact.","Recruiting -> Hire -> Onboard -> Time -> Payroll completes successfully with approvals, validations, and audit trail",High,Mobile,"{""worker"": ""Jane Doe"", ""company"": ""Global Demo"", ""region"": ""US""}"
WD-REC-01134,Workday,RECRUITING,Candidate Pipeline,Retail,Budget -> Expense -> Journal -> Dashboard,Integration,Approve Retail Workday Candidate Pipeline,Workday access is provisioned and Retail test data exists,"1. Open Workday Candidate Pipeline.
2. Execute: Budget -> Expense -> Journal -> Dashboard.
3. Perform validation and confirm downstream impact.","Budget -> Expense -> Journal -> Dashboard completes successfully with approvals, validations, and audit trail",Low,Mobile,"{""worker"": ""Jane Doe"", ""company"": ""Global Demo"", ""region"": ""US""}"
WD-REC-01135,Workday,RECRUITING,Candidate Pipeline,Healthcare,Requisition -> Offer -> Hire -> Onboard -> Payroll,Data Migration,Close Healthcare Workday Candidate Pipeline,Workday access is provisioned and Healthcare test data exists,"1. Open Workday Candidate Pipeline.
2. Execute: Requisition -> Offer -> Hire -> Onboard -> Payroll.
3. Perform validation and confirm downstream impact.","Requisition -> Offer -> Hire -> Onboard -> Payroll completes successfully with approvals, validations, and audit trail",Low,Workflow,"{""worker"": ""Jane Doe"", ""company"": ""Global Demo"", ""region"": ""US""}"
WD-REC-01136,Workday,RECRUITING,Candidate Pipeline,Healthcare,Employee Life Event -> Benefits -> Payroll -> Reporting,Regression,Update Healthcare Workday Candidate Pipeline,Workday access is provisioned and Healthcare test data exists,"1. Open Workday Candidate Pipeline.
2. Execute: Employee Life Event -> Benefits -> Payroll -> Reporting.
3. Perform validation and confirm downstream impact.","Employee Life Event -> Benefits -> Payroll -> Reporting completes successfully with approvals, validations, and audit trail",High,Regression,"{""worker"": ""Jane Doe"", ""company"": ""Global Demo"", ""region"": ""US""}"
WD-REC-01137,Workday,RECRUITING,Candidate Pipeline,Healthcare,Expense Submit -> Approval -> Accounting -> Reimbursement,Functional,Update Healthcare Workday Candidate Pipeline,Workday access is provisioned and Healthcare test data exists,"1. Open Workday Candidate Pipeline.
2. Execute: Expense Submit -> Approval -> Accounting -> Reimbursement.
3. Perform validation and confirm downstream impact.","Expense Submit -> Approval -> Accounting -> Reimbursement completes successfully with approvals, validations, and audit trail",Low,Accessibility,"{""worker"": ""Jane Doe"", ""company"": ""Global Demo"", ""region"": ""US""}"
WD-REC-01138,Workday,RECRUITING,Candidate Pipeline,Healthcare,Supplier Invoice -> Matching -> Approval -> Payment,Integration,Validate Healthcare Workday Candidate Pipeline,Workday access is provisioned and Healthcare test data exists,"1. Open Workday Candidate Pipeline.
2. Execute: Supplier Invoice -> Matching -> Approval -> Payment.
3. Perform validation and confirm downstream impact.","Supplier Invoice -> Matching -> Approval -> Payment completes successfully with approvals, validations, and audit trail",High,Regression,"{""worker"": ""Jane Doe"", ""company"": ""Global Demo"", ""region"": ""US""}"
WD-REC-01139,Workday,RECRUITING,Candidate Pipeline,Healthcare,Integration Load -> Validate -> Error Handling -> Reprocess,Integration,Validate Healthcare Workday Candidate Pipeline,Workday access is provisioned and Healthcare test data exists,"1. Open Workday Candidate Pipeline.
2. Execute: Integration Load -> Validate -> Error Handling -> Reprocess.
3. Perform validation and confirm downstream impact.","Integration Load -> Validate -> Error Handling -> Reprocess completes successfully with approvals, validations, and audit trail",Medium,Integration,"{""worker"": ""Jane Doe"", ""company"": ""Global Demo"", ""region"": ""US""}"
WD-REC-01140,Workday,RECRUITING,Candidate Pipeline,Healthcare,Recruiting -> Hire -> Onboard -> Time -> Payroll,Workflow,Route Healthcare Workday Candidate Pipeline,Workday access is provisioned and Healthcare test data exists,"1. Open Workday Candidate Pipeline.
2. Execute: Recruiting -> Hire -> Onboard -> Time -> Payroll.
3. Perform validation and confirm downstream impact.","Recruiting -> Hire -> Onboard -> Time -> Payroll completes successfully with approvals, validations, and audit trail",Medium,Mobile,"{""worker"": ""Jane Doe"", ""company"": ""Global Demo"", ""region"": ""US""}"
WD-REC-01141,Workday,RECRUITING,Candidate Pipeline,Healthcare,Budget -> Expense -> Journal -> Dashboard,Accessibility,Submit Healthcare Workday Candidate Pipeline,Workday access is provisioned and Healthcare test data exists,"1. Open Workday Candidate Pipeline.
2. Execute: Budget -> Expense -> Journal -> Dashboard.
3. Perform validation and confirm downstream impact.","Budget -> Expense -> Journal -> Dashboard completes successfully with approvals, validations, and audit trail",Medium,Integration,"{""worker"": ""Jane Doe"", ""company"": ""Global Demo"", ""region"": ""US""}"
WD-REC-01142,Workday,RECRUITING,Candidate Pipeline,Manufacturing,Requisition -> Offer -> Hire -> Onboard -> Payroll,Data Migration,Reject Manufacturing Workday Candidate Pipeline,Workday access is provisioned and Manufacturing test data exists,"1. Open Workday Candidate Pipeline.
2. Execute: Requisition -> Offer -> Hire -> Onboard -> Payroll.
3. Perform validation and confirm downstream impact.","Requisition -> Offer -> Hire -> Onboard -> Payroll completes successfully with approvals, validations, and audit trail",Medium,Data Migration,"{""worker"": ""Jane Doe"", ""company"": ""Global Demo"", ""region"": ""US""}"
WD-REC-01143,Workday,RECRUITING,Candidate Pipeline,Manufacturing,Employee Life Event -> Benefits -> Payroll -> Reporting,Workflow,Update Manufacturing Workday Candidate Pipeline,Workday access is provisioned and Manufacturing test data exists,"1. Open Workday Candidate Pipeline.
2. Execute: Employee Life Event -> Benefits -> Payroll -> Reporting.
3. Perform validation and confirm downstream impact.","Employee Life Event -> Benefits -> Payroll -> Reporting completes successfully with approvals, validations, and audit trail",Medium,Performance,"{""worker"": ""Jane Doe"", ""company"": ""Global Demo"", ""region"": ""US""}"
WD-REC-01144,Workday,RECRUITING,Candidate Pipeline,Manufacturing,Expense Submit -> Approval -> Accounting -> Reimbursement,Workflow,Sync Manufacturing Workday Candidate Pipeline,Workday access is provisioned and Manufacturing test data exists,"1. Open Workday Candidate Pipeline.
2. Execute: Expense Submit -> Approval -> Accounting -> Reimbursement.
3. Perform validation and confirm downstream impact.","Expense Submit -> Approval -> Accounting -> Reimbursement completes successfully with approvals, validations, and audit trail",Low,Workflow,"{""worker"": ""Jane Doe"", ""company"": ""Global Demo"", ""region"": ""US""}"
WD-REC-01145,Workday,RECRUITING,Candidate Pipeline,Manufacturing,Supplier Invoice -> Matching -> Approval -> Payment,Integration,Export Manufacturing Workday Candidate Pipeline,Workday access is provisioned and Manufacturing test data exists,"1. Open Workday Candidate Pipeline.
2. Execute: Supplier Invoice -> Matching -> Approval -> Payment.
3. Perform validation and confirm downstream impact.","Supplier Invoice -> Matching -> Approval -> Payment completes successfully with approvals, validations, and audit trail",High,Performance,"{""worker"": ""Jane Doe"", ""company"": ""Global Demo"", ""region"": ""US""}"
WD-REC-01146,Workday,RECRUITING,Candidate Pipeline,Manufacturing,Integration Load -> Validate -> Error Handling -> Reprocess,Data Migration,Reject Manufacturing Workday Candidate Pipeline,Workday access is provisioned and Manufacturing test data exists,"1. Open Workday Candidate Pipeline.
2. Execute: Integration Load -> Validate -> Error Handling -> Reprocess.
3. Perform validation and confirm downstream impact.","Integration Load -> Validate -> Error Handling -> Reprocess completes successfully with approvals, validations, and audit trail",Low,UI,"{""worker"": ""Jane Doe"", ""company"": ""Global Demo"", ""region"": ""US""}"
WD-REC-01147,Workday,RECRUITING,Candidate Pipeline,Manufacturing,Recruiting -> Hire -> Onboard -> Time -> Payroll,Security,Route Manufacturing Workday Candidate Pipeline,Workday access is provisioned and Manufacturing test data exists,"1. Open Workday Candidate Pipeline.
2. Execute: Recruiting -> Hire -> Onboard -> Time -> Payroll.
3. Perform validation and confirm downstream impact.","Recruiting -> Hire -> Onboard -> Time -> Payroll completes successfully with approvals, validations, and audit trail",High,Regression,"{""worker"": ""Jane Doe"", ""company"": ""Global Demo"", ""region"": ""US""}"
WD-REC-01148,Workday,RECRUITING,Candidate Pipeline,Manufacturing,Budget -> Expense -> Journal -> Dashboard,Mobile,Import Manufacturing Workday Candidate Pipeline,Workday access is provisioned and Manufacturing test data exists,"1. Open Workday Candidate Pipeline.
2. Execute: Budget -> Expense -> Journal -> Dashboard.
3. Perform validation and confirm downstream impact.","Budget -> Expense -> Journal -> Dashboard completes successfully with approvals, validations, and audit trail",Medium,Accessibility,"{""worker"": ""Jane Doe"", ""company"": ""Global Demo"", ""region"": ""US""}"
WD-REC-01149,Workday,RECRUITING,Candidate Pipeline,Education,Requisition -> Offer -> Hire -> Onboard -> Payroll,Mobile,Submit Education Workday Candidate Pipeline,Workday access is provisioned and Education test data exists,"1. Open Workday Candidate Pipeline.
2. Execute: Requisition -> Offer -> Hire -> Onboard -> Payroll.
3. Perform validation and confirm downstream impact.","Requisition -> Offer -> Hire -> Onboard -> Payroll completes successfully with approvals, validations, and audit trail",Low,Integration,"{""worker"": ""Jane Doe"", ""company"": ""Global Demo"", ""region"": ""US""}"
WD-REC-01150,Workday,RECRUITING,Candidate Pipeline,Education,Employee Life Event -> Benefits -> Payroll -> Reporting,Data Migration,Reject Education Workday Candidate Pipeline,Workday access is provisioned and Education test data exists,"1. Open Workday Candidate Pipeline.
2. Execute: Employee Life Event -> Benefits -> Payroll -> Reporting.
3. Perform validation and confirm downstream impact.","Employee Life Event -> Benefits -> Payroll -> Reporting completes successfully with approvals, validations, and audit trail",High,Integration,"{""worker"": ""Jane Doe"", ""company"": ""Global Demo"", ""region"": ""US""}"
WD-REC-01151,Workday,RECRUITING,Candidate Pipeline,Education,Expense Submit -> Approval -> Accounting -> Reimbursement,Security,Import Education Workday Candidate Pipeline,Workday access is provisioned and Education test data exists,"1. Open Workday Candidate Pipeline.
2. Execute: Expense Submit -> Approval -> Accounting -> Reimbursement.
3. Perform validation and confirm downstream impact.","Expense Submit -> Approval -> Accounting -> Reimbursement completes successfully with approvals, validations, and audit trail",Medium,Workflow,"{""worker"": ""Jane Doe"", ""company"": ""Global Demo"", ""region"": ""US""}"
WD-REC-01152,Workday,RECRUITING,Candidate Pipeline,Education,Supplier Invoice -> Matching -> Approval -> Payment,Regression,Import Education Workday Candidate Pipeline,Workday access is provisioned and Education test data exists,"1. Open Workday Candidate Pipeline.
2. Execute: Supplier Invoice -> Matching -> Approval -> Payment.
3. Perform validation and confirm downstream impact.","Supplier Invoice -> Matching -> Approval -> Payment completes successfully with approvals, validations, and audit trail",Low,Workflow,"{""worker"": ""Jane Doe"", ""company"": ""Global Demo"", ""region"": ""US""}"
WD-REC-01153,Workday,RECRUITING,Candidate Pipeline,Education,Integration Load -> Validate -> Error Handling -> Reprocess,Regression,Approve Education Workday Candidate Pipeline,Workday access is provisioned and Education test data exists,"1. Open Workday Candidate Pipeline.
2. Execute: Integration Load -> Validate -> Error Handling -> Reprocess.
3. Perform validation and confirm downstream impact.","Integration Load -> Validate -> Error Handling -> Reprocess completes successfully with approvals, validations, and audit trail",Medium,Functional,"{""worker"": ""Jane Doe"", ""company"": ""Global Demo"", ""region"": ""US""}"
WD-REC-01154,Workday,RECRUITING,Candidate Pipeline,Education,Recruiting -> Hire -> Onboard -> Time -> Payroll,Mobile,Submit Education Workday Candidate Pipeline,Workday access is provisioned and Education test data exists,"1. Open Workday Candidate Pipeline.
2. Execute: Recruiting -> Hire -> Onboard -> Time -> Payroll.
3. Perform validation and confirm downstream impact.","Recruiting -> Hire -> Onboard -> Time -> Payroll completes successfully with approvals, validations, and audit trail",Medium,Workflow,"{""worker"": ""Jane Doe"", ""company"": ""Global Demo"", ""region"": ""US""}"
WD-REC-01155,Workday,RECRUITING,Candidate Pipeline,Education,Budget -> Expense -> Journal -> Dashboard,Accessibility,Create Education Workday Candidate Pipeline,Workday access is provisioned and Education test data exists,"1. Open Workday Candidate Pipeline.
2. Execute: Budget -> Expense -> Journal -> Dashboard.
3. Perform validation and confirm downstream impact.","Budget -> Expense -> Journal -> Dashboard completes successfully with approvals, validations, and audit trail",Medium,Performance,"{""worker"": ""Jane Doe"", ""company"": ""Global Demo"", ""region"": ""US""}"
WD-REC-01156,Workday,RECRUITING,Candidate Pipeline,Nonprofit,Requisition -> Offer -> Hire -> Onboard -> Payroll,Accessibility,Review Nonprofit Workday Candidate Pipeline,Workday access is provisioned and Nonprofit test data exists,"1. Open Workday Candidate Pipeline.
2. Execute: Requisition -> Offer -> Hire -> Onboard -> Payroll.
3. Perform validation and confirm downstream impact.","Requisition -> Offer -> Hire -> Onboard -> Payroll completes successfully with approvals, validations, and audit trail",High,Data Migration,"{""worker"": ""Jane Doe"", ""company"": ""Global Demo"", ""region"": ""US""}"
WD-REC-01157,Workday,RECRUITING,Candidate Pipeline,Nonprofit,Employee Life Event -> Benefits -> Payroll -> Reporting,Security,Sync Nonprofit Workday Candidate Pipeline,Workday access is provisioned and Nonprofit test data exists,"1. Open Workday Candidate Pipeline.
2. Execute: Employee Life Event -> Benefits -> Payroll -> Reporting.
3. Perform validation and confirm downstream impact.","Employee Life Event -> Benefits -> Payroll -> Reporting completes successfully with approvals, validations, and audit trail",High,UI,"{""worker"": ""Jane Doe"", ""company"": ""Global Demo"", ""region"": ""US""}"
WD-REC-01158,Workday,RECRUITING,Candidate Pipeline,Nonprofit,Expense Submit -> Approval -> Accounting -> Reimbursement,Data Migration,Export Nonprofit Workday Candidate Pipeline,Workday access is provisioned and Nonprofit test data exists,"1. Open Workday Candidate Pipeline.
2. Execute: Expense Submit -> Approval -> Accounting -> Reimbursement.
3. Perform validation and confirm downstream impact.","Expense Submit -> Approval -> Accounting -> Reimbursement completes successfully with approvals, validations, and audit trail",Low,Mobile,"{""worker"": ""Jane Doe"", ""company"": ""Global Demo"", ""region"": ""US""}"
WD-REC-01159,Workday,RECRUITING,Candidate Pipeline,Nonprofit,Supplier Invoice -> Matching -> Approval -> Payment,Functional,Export Nonprofit Workday Candidate Pipeline,Workday access is provisioned and Nonprofit test data exists,"1. Open Workday Candidate Pipeline.
2. Execute: Supplier Invoice -> Matching -> Approval -> Payment.
3. Perform validation and confirm downstream impact.","Supplier Invoice -> Matching -> Approval -> Payment completes successfully with approvals, validations, and audit trail",Medium,Security,"{""worker"": ""Jane Doe"", ""company"": ""Global Demo"", ""region"": ""US""}"
WD-REC-01160,Workday,RECRUITING,Candidate Pipeline,Nonprofit,Integration Load -> Validate -> Error Handling -> Reprocess,Accessibility,Route Nonprofit Workday Candidate Pipeline,Workday access is provisioned and Nonprofit test data exists,"1. Open Workday Candidate Pipeline.
2. Execute: Integration Load -> Validate -> Error Handling -> Reprocess.
3. Perform validation and confirm downstream impact.","Integration Load -> Validate -> Error Handling -> Reprocess completes successfully with approvals, validations, and audit trail",Low,Functional,"{""worker"": ""Jane Doe"", ""company"": ""Global Demo"", ""region"": ""US""}"
WD-REC-01161,Workday,RECRUITING,Candidate Pipeline,Nonprofit,Recruiting -> Hire -> Onboard -> Time -> Payroll,Functional,Validate Nonprofit Workday Candidate Pipeline,Workday access is provisioned and Nonprofit test data exists,"1. Open Workday Candidate Pipeline.
2. Execute: Recruiting -> Hire -> Onboard -> Time -> Payroll.
3. Perform validation and confirm downstream impact.","Recruiting -> Hire -> Onboard -> Time -> Payroll completes successfully with approvals, validations, and audit trail",High,Integration,"{""worker"": ""Jane Doe"", ""company"": ""Global Demo"", ""region"": ""US""}"
WD-REC-01162,Workday,RECRUITING,Candidate Pipeline,Nonprofit,Budget -> Expense -> Journal -> Dashboard,Mobile,Update Nonprofit Workday Candidate Pipeline,Workday access is provisioned and Nonprofit test data exists,"1. Open Workday Candidate Pipeline.
2. Execute: Budget -> Expense -> Journal -> Dashboard.
3. Perform validation and confirm downstream impact.","Budget -> Expense -> Journal -> Dashboard completes successfully with approvals, validations, and audit trail",Low,Performance,"{""worker"": ""Jane Doe"", ""company"": ""Global Demo"", ""region"": ""US""}"
WD-REC-01163,Workday,RECRUITING,Candidate Pipeline,Financial Services,Requisition -> Offer -> Hire -> Onboard -> Payroll,Mobile,Update Financial Services Workday Candidate Pipeline,Workday access is provisioned and Financial Services test data exists,"1. Open Workday Candidate Pipeline.
2. Execute: Requisition -> Offer -> Hire -> Onboard -> Payroll.
3. Perform validation and confirm downstream impact.","Requisition -> Offer -> Hire -> Onboard -> Payroll completes successfully with approvals, validations, and audit trail",High,Security,"{""worker"": ""Jane Doe"", ""company"": ""Global Demo"", ""region"": ""US""}"
WD-REC-01164,Workday,RECRUITING,Candidate Pipeline,Financial Services,Employee Life Event -> Benefits -> Payroll -> Reporting,Integration,Close Financial Services Workday Candidate Pipeline,Workday access is provisioned and Financial Services test data exists,"1. Open Workday Candidate Pipeline.
2. Execute: Employee Life Event -> Benefits -> Payroll -> Reporting.
3. Perform validation and confirm downstream impact.","Employee Life Event -> Benefits -> Payroll -> Reporting completes successfully with approvals, validations, and audit trail",Medium,Workflow,"{""worker"": ""Jane Doe"", ""company"": ""Global Demo"", ""region"": ""US""}"
WD-REC-01165,Workday,RECRUITING,Candidate Pipeline,Financial Services,Expense Submit -> Approval -> Accounting -> Reimbursement,Security,Validate Financial Services Workday Candidate Pipeline,Workday access is provisioned and Financial Services test data exists,"1. Open Workday Candidate Pipeline.
2. Execute: Expense Submit -> Approval -> Accounting -> Reimbursement.
3. Perform validation and confirm downstream impact.","Expense Submit -> Approval -> Accounting -> Reimbursement completes successfully with approvals, validations, and audit trail",Low,Data Migration,"{""worker"": ""Jane Doe"", ""company"": ""Global Demo"", ""region"": ""US""}"
WD-REC-01166,Workday,RECRUITING,Candidate Pipeline,Financial Services,Supplier Invoice -> Matching -> Approval -> Payment,Mobile,Close Financial Services Workday Candidate Pipeline,Workday access is provisioned and Financial Services test data exists,"1. Open Workday Candidate Pipeline.
2. Execute: Supplier Invoice -> Matching -> Approval -> Payment.
3. Perform validation and confirm downstream impact.","Supplier Invoice -> Matching -> Approval -> Payment completes successfully with approvals, validations, and audit trail",High,UI,"{""worker"": ""Jane Doe"", ""company"": ""Global Demo"", ""region"": ""US""}"
WD-REC-01167,Workday,RECRUITING,Candidate Pipeline,Financial Services,Integration Load -> Validate -> Error Handling -> Reprocess,Data Migration,Reject Financial Services Workday Candidate Pipeline,Workday access is provisioned and Financial Services test data exists,"1. Open Workday Candidate Pipeline.
2. Execute: Integration Load -> Validate -> Error Handling -> Reprocess.
3. Perform validation and confirm downstream impact.","Integration Load -> Validate -> Error Handling -> Reprocess completes successfully with approvals, validations, and audit trail",Medium,UI,"{""worker"": ""Jane Doe"", ""company"": ""Global Demo"", ""region"": ""US""}"
WD-REC-01168,Workday,RECRUITING,Candidate Pipeline,Financial Services,Recruiting -> Hire -> Onboard -> Time -> Payroll,Data Migration,Sync Financial Services Workday Candidate Pipeline,Workday access is provisioned and Financial Services test data exists,"1. Open Workday Candidate Pipeline.
2. Execute: Recruiting -> Hire -> Onboard -> Time -> Payroll.
3. Perform validation and confirm downstream impact.","Recruiting -> Hire -> Onboard -> Time -> Payroll completes successfully with approvals, validations, and audit trail",Low,UI,"{""worker"": ""Jane Doe"", ""company"": ""Global Demo"", ""region"": ""US""}"
WD-REC-01169,Workday,RECRUITING,Candidate Pipeline,Financial Services,Budget -> Expense -> Journal -> Dashboard,Accessibility,Close Financial Services Workday Candidate Pipeline,Workday access is provisioned and Financial Services test data exists,"1. Open Workday Candidate Pipeline.
2. Execute: Budget -> Expense -> Journal -> Dashboard.
3. Perform validation and confirm downstream impact.","Budget -> Expense -> Journal -> Dashboard completes successfully with approvals, validations, and audit trail",High,Data Migration,"{""worker"": ""Jane Doe"", ""company"": ""Global Demo"", ""region"": ""US""}"
WD-REC-01170,Workday,RECRUITING,Candidate Pipeline,Technology,Requisition -> Offer -> Hire -> Onboard -> Payroll,Regression,Update Technology Workday Candidate Pipeline,Workday access is provisioned and Technology test data exists,"1. Open Workday Candidate Pipeline.
2. Execute: Requisition -> Offer -> Hire -> Onboard -> Payroll.
3. Perform validation and confirm downstream impact.","Requisition -> Offer -> Hire -> Onboard -> Payroll completes successfully with approvals, validations, and audit trail",Low,Data Migration,"{""worker"": ""Jane Doe"", ""company"": ""Global Demo"", ""region"": ""US""}"
WD-REC-01171,Workday,RECRUITING,Candidate Pipeline,Technology,Employee Life Event -> Benefits -> Payroll -> Reporting,Data Migration,Export Technology Workday Candidate Pipeline,Workday access is provisioned and Technology test data exists,"1. Open Workday Candidate Pipeline.
2. Execute: Employee Life Event -> Benefits -> Payroll -> Reporting.
3. Perform validation and confirm downstream impact.","Employee Life Event -> Benefits -> Payroll -> Reporting completes successfully with approvals, validations, and audit trail",Low,Accessibility,"{""worker"": ""Jane Doe"", ""company"": ""Global Demo"", ""region"": ""US""}"
WD-REC-01172,Workday,RECRUITING,Candidate Pipeline,Technology,Expense Submit -> Approval -> Accounting -> Reimbursement,Functional,Approve Technology Workday Candidate Pipeline,Workday access is provisioned and Technology test data exists,"1. Open Workday Candidate Pipeline.
2. Execute: Expense Submit -> Approval -> Accounting -> Reimbursement.
3. Perform validation and confirm downstream impact.","Expense Submit -> Approval -> Accounting -> Reimbursement completes successfully with approvals, validations, and audit trail",Medium,UI,"{""worker"": ""Jane Doe"", ""company"": ""Global Demo"", ""region"": ""US""}"
WD-REC-01173,Workday,RECRUITING,Candidate Pipeline,Technology,Supplier Invoice -> Matching -> Approval -> Payment,Security,Reject Technology Workday Candidate Pipeline,Workday access is provisioned and Technology test data exists,"1. Open Workday Candidate Pipeline.
2. Execute: Supplier Invoice -> Matching -> Approval -> Payment.
3. Perform validation and confirm downstream impact.","Supplier Invoice -> Matching -> Approval -> Payment completes successfully with approvals, validations, and audit trail",High,Mobile,"{""worker"": ""Jane Doe"", ""company"": ""Global Demo"", ""region"": ""US""}"
WD-REC-01174,Workday,RECRUITING,Candidate Pipeline,Technology,Integration Load -> Validate -> Error Handling -> Reprocess,Performance,Sync Technology Workday Candidate Pipeline,Workday access is provisioned and Technology test data exists,"1. Open Workday Candidate Pipeline.
2. Execute: Integration Load -> Validate -> Error Handling -> Reprocess.
3. Perform validation and confirm downstream impact.","Integration Load -> Validate -> Error Handling -> Reprocess completes successfully with approvals, validations, and audit trail",Low,Workflow,"{""worker"": ""Jane Doe"", ""company"": ""Global Demo"", ""region"": ""US""}"
WD-REC-01175,Workday,RECRUITING,Candidate Pipeline,Technology,Recruiting -> Hire -> Onboard -> Time -> Payroll,Workflow,Submit Technology Workday Candidate Pipeline,Workday access is provisioned and Technology test data exists,"1. Open Workday Candidate Pipeline.
2. Execute: Recruiting -> Hire -> Onboard -> Time -> Payroll.
3. Perform validation and confirm downstream impact.","Recruiting -> Hire -> Onboard -> Time -> Payroll completes successfully with approvals, validations, and audit trail",High,Security,"{""worker"": ""Jane Doe"", ""company"": ""Global Demo"", ""region"": ""US""}"
WD-REC-01176,Workday,RECRUITING,Candidate Pipeline,Technology,Budget -> Expense -> Journal -> Dashboard,Mobile,Submit Technology Workday Candidate Pipeline,Workday access is provisioned and Technology test data exists,"1. Open Workday Candidate Pipeline.
2. Execute: Budget -> Expense -> Journal -> Dashboard.
3. Perform validation and confirm downstream impact.","Budget -> Expense -> Journal -> Dashboard completes successfully with approvals, validations, and audit trail",Low,Mobile,"{""worker"": ""Jane Doe"", ""company"": ""Global Demo"", ""region"": ""US""}"
WD-REC-01177,Workday,RECRUITING,Candidate Pipeline,Public Sector,Requisition -> Offer -> Hire -> Onboard -> Payroll,Workflow,Review Public Sector Workday Candidate Pipeline,Workday access is provisioned and Public Sector test data exists,"1. Open Workday Candidate Pipeline.
2. Execute: Requisition -> Offer -> Hire -> Onboard -> Payroll.
3. Perform validation and confirm downstream impact.","Requisition -> Offer -> Hire -> Onboard -> Payroll completes successfully with approvals, validations, and audit trail",Low,Performance,"{""worker"": ""Jane Doe"", ""company"": ""Global Demo"", ""region"": ""US""}"
WD-REC-01178,Workday,RECRUITING,Candidate Pipeline,Public Sector,Employee Life Event -> Benefits -> Payroll -> Reporting,Workflow,Sync Public Sector Workday Candidate Pipeline,Workday access is provisioned and Public Sector test data exists,"1. Open Workday Candidate Pipeline.
2. Execute: Employee Life Event -> Benefits -> Payroll -> Reporting.
3. Perform validation and confirm downstream impact.","Employee Life Event -> Benefits -> Payroll -> Reporting completes successfully with approvals, validations, and audit trail",High,Accessibility,"{""worker"": ""Jane Doe"", ""company"": ""Global Demo"", ""region"": ""US""}"
WD-REC-01179,Workday,RECRUITING,Candidate Pipeline,Public Sector,Expense Submit -> Approval -> Accounting -> Reimbursement,Security,Validate Public Sector Workday Candidate Pipeline,Workday access is provisioned and Public Sector test data exists,"1. Open Workday Candidate Pipeline.
2. Execute: Expense Submit -> Approval -> Accounting -> Reimbursement.
3. Perform validation and confirm downstream impact.","Expense Submit -> Approval -> Accounting -> Reimbursement completes successfully with approvals, validations, and audit trail",Medium,Integration,"{""worker"": ""Jane Doe"", ""company"": ""Global Demo"", ""region"": ""US""}"
WD-REC-01180,Workday,RECRUITING,Candidate Pipeline,Public Sector,Supplier Invoice -> Matching -> Approval -> Payment,Security,Validate Public Sector Workday Candidate Pipeline,Workday access is provisioned and Public Sector test data exists,"1. Open Workday Candidate Pipeline.
2. Execute: Supplier Invoice -> Matching -> Approval -> Payment.
3. Perform validation and confirm downstream impact.","Supplier Invoice -> Matching -> Approval -> Payment completes successfully with approvals, validations, and audit trail",Low,Mobile,"{""worker"": ""Jane Doe"", ""company"": ""Global Demo"", ""region"": ""US""}"
WD-REC-01181,Workday,RECRUITING,Candidate Pipeline,Public Sector,Integration Load -> Validate -> Error Handling -> Reprocess,Functional,Update Public Sector Workday Candidate Pipeline,Workday access is provisioned and Public Sector test data exists,"1. Open Workday Candidate Pipeline.
2. Execute: Integration Load -> Validate -> Error Handling -> Reprocess.
3. Perform validation and confirm downstream impact.","Integration Load -> Validate -> Error Handling -> Reprocess completes successfully with approvals, validations, and audit trail",Low,Performance,"{""worker"": ""Jane Doe"", ""company"": ""Global Demo"", ""region"": ""US""}"
WD-REC-01182,Workday,RECRUITING,Candidate Pipeline,Public Sector,Recruiting -> Hire -> Onboard -> Time -> Payroll,Security,Submit Public Sector Workday Candidate Pipeline,Workday access is provisioned and Public Sector test data exists,"1. Open Workday Candidate Pipeline.
2. Execute: Recruiting -> Hire -> Onboard -> Time -> Payroll.
3. Perform validation and confirm downstream impact.","Recruiting -> Hire -> Onboard -> Time -> Payroll completes successfully with approvals, validations, and audit trail",High,Data Migration,"{""worker"": ""Jane Doe"", ""company"": ""Global Demo"", ""region"": ""US""}"
WD-REC-01183,Workday,RECRUITING,Candidate Pipeline,Public Sector,Budget -> Expense -> Journal -> Dashboard,Accessibility,Review Public Sector Workday Candidate Pipeline,Workday access is provisioned and Public Sector test data exists,"1. Open Workday Candidate Pipeline.
2. Execute: Budget -> Expense -> Journal -> Dashboard.
3. Perform validation and confirm downstream impact.","Budget -> Expense -> Journal -> Dashboard completes successfully with approvals, validations, and audit trail",Medium,UI,"{""worker"": ""Jane Doe"", ""company"": ""Global Demo"", ""region"": ""US""}"
WD-REC-01184,Workday,RECRUITING,Candidate Pipeline,Hospitality,Requisition -> Offer -> Hire -> Onboard -> Payroll,Security,Validate Hospitality Workday Candidate Pipeline,Workday access is provisioned and Hospitality test data exists,"1. Open Workday Candidate Pipeline.
2. Execute: Requisition -> Offer -> Hire -> Onboard -> Payroll.
3. Perform validation and confirm downstream impact.","Requisition -> Offer -> Hire -> Onboard -> Payroll completes successfully with approvals, validations, and audit trail",Medium,Integration,"{""worker"": ""Jane Doe"", ""company"": ""Global Demo"", ""region"": ""US""}"
WD-REC-01185,Workday,RECRUITING,Candidate Pipeline,Hospitality,Employee Life Event -> Benefits -> Payroll -> Reporting,UI,Review Hospitality Workday Candidate Pipeline,Workday access is provisioned and Hospitality test data exists,"1. Open Workday Candidate Pipeline.
2. Execute: Employee Life Event -> Benefits -> Payroll -> Reporting.
3. Perform validation and confirm downstream impact.","Employee Life Event -> Benefits -> Payroll -> Reporting completes successfully with approvals, validations, and audit trail",Medium,Data Migration,"{""worker"": ""Jane Doe"", ""company"": ""Global Demo"", ""region"": ""US""}"
WD-REC-01186,Workday,RECRUITING,Candidate Pipeline,Hospitality,Expense Submit -> Approval -> Accounting -> Reimbursement,Mobile,Validate Hospitality Workday Candidate Pipeline,Workday access is provisioned and Hospitality test data exists,"1. Open Workday Candidate Pipeline.
2. Execute: Expense Submit -> Approval -> Accounting -> Reimbursement.
3. Perform validation and confirm downstream impact.","Expense Submit -> Approval -> Accounting -> Reimbursement completes successfully with approvals, validations, and audit trail",High,UI,"{""worker"": ""Jane Doe"", ""company"": ""Global Demo"", ""region"": ""US""}"
WD-REC-01187,Workday,RECRUITING,Candidate Pipeline,Hospitality,Supplier Invoice -> Matching -> Approval -> Payment,Workflow,Reject Hospitality Workday Candidate Pipeline,Workday access is provisioned and Hospitality test data exists,"1. Open Workday Candidate Pipeline.
2. Execute: Supplier Invoice -> Matching -> Approval -> Payment.
3. Perform validation and confirm downstream impact.","Supplier Invoice -> Matching -> Approval -> Payment completes successfully with approvals, validations, and audit trail",Medium,Regression,"{""worker"": ""Jane Doe"", ""company"": ""Global Demo"", ""region"": ""US""}"
WD-REC-01188,Workday,RECRUITING,Candidate Pipeline,Hospitality,Integration Load -> Validate -> Error Handling -> Reprocess,Functional,Export Hospitality Workday Candidate Pipeline,Workday access is provisioned and Hospitality test data exists,"1. Open Workday Candidate Pipeline.
2. Execute: Integration Load -> Validate -> Error Handling -> Reprocess.
3. Perform validation and confirm downstream impact.","Integration Load -> Validate -> Error Handling -> Reprocess completes successfully with approvals, validations, and audit trail",Low,Performance,"{""worker"": ""Jane Doe"", ""company"": ""Global Demo"", ""region"": ""US""}"
WD-REC-01189,Workday,RECRUITING,Candidate Pipeline,Hospitality,Recruiting -> Hire -> Onboard -> Time -> Payroll,Performance,Reject Hospitality Workday Candidate Pipeline,Workday access is provisioned and Hospitality test data exists,"1. Open Workday Candidate Pipeline.
2. Execute: Recruiting -> Hire -> Onboard -> Time -> Payroll.
3. Perform validation and confirm downstream impact.","Recruiting -> Hire -> Onboard -> Time -> Payroll completes successfully with approvals, validations, and audit trail",Medium,Regression,"{""worker"": ""Jane Doe"", ""company"": ""Global Demo"", ""region"": ""US""}"
WD-REC-01190,Workday,RECRUITING,Candidate Pipeline,Hospitality,Budget -> Expense -> Journal -> Dashboard,Data Migration,Update Hospitality Workday Candidate Pipeline,Workday access is provisioned and Hospitality test data exists,"1. Open Workday Candidate Pipeline.
2. Execute: Budget -> Expense -> Journal -> Dashboard.
3. Perform validation and confirm downstream impact.","Budget -> Expense -> Journal -> Dashboard completes successfully with approvals, validations, and audit trail",High,Security,"{""worker"": ""Jane Doe"", ""company"": ""Global Demo"", ""region"": ""US""}"
WD-REC-01191,Workday,RECRUITING,Background Check,Corporate,Requisition -> Offer -> Hire -> Onboard -> Payroll,Regression,Import Corporate Workday Background Check,Workday access is provisioned and Corporate test data exists,"1. Open Workday Background Check.
2. Execute: Requisition -> Offer -> Hire -> Onboard -> Payroll.
3. Perform validation and confirm downstream impact.","Requisition -> Offer -> Hire -> Onboard -> Payroll completes successfully with approvals, validations, and audit trail",Medium,Regression,"{""worker"": ""Jane Doe"", ""company"": ""Global Demo"", ""region"": ""US""}"
WD-REC-01192,Workday,RECRUITING,Background Check,Corporate,Employee Life Event -> Benefits -> Payroll -> Reporting,Workflow,Reject Corporate Workday Background Check,Workday access is provisioned and Corporate test data exists,"1. Open Workday Background Check.
2. Execute: Employee Life Event -> Benefits -> Payroll -> Reporting.
3. Perform validation and confirm downstream impact.","Employee Life Event -> Benefits -> Payroll -> Reporting completes successfully with approvals, validations, and audit trail",Low,Functional,"{""worker"": ""Jane Doe"", ""company"": ""Global Demo"", ""region"": ""US""}"
WD-REC-01193,Workday,RECRUITING,Background Check,Corporate,Expense Submit -> Approval -> Accounting -> Reimbursement,Mobile,Validate Corporate Workday Background Check,Workday access is provisioned and Corporate test data exists,"1. Open Workday Background Check.
2. Execute: Expense Submit -> Approval -> Accounting -> Reimbursement.
3. Perform validation and confirm downstream impact.","Expense Submit -> Approval -> Accounting -> Reimbursement completes successfully with approvals, validations, and audit trail",Low,Workflow,"{""worker"": ""Jane Doe"", ""company"": ""Global Demo"", ""region"": ""US""}"
WD-REC-01194,Workday,RECRUITING,Background Check,Corporate,Supplier Invoice -> Matching -> Approval -> Payment,Workflow,Export Corporate Workday Background Check,Workday access is provisioned and Corporate test data exists,"1. Open Workday Background Check.
2. Execute: Supplier Invoice -> Matching -> Approval -> Payment.
3. Perform validation and confirm downstream impact.","Supplier Invoice -> Matching -> Approval -> Payment completes successfully with approvals, validations, and audit trail",Medium,Performance,"{""worker"": ""Jane Doe"", ""company"": ""Global Demo"", ""region"": ""US""}"
WD-REC-01195,Workday,RECRUITING,Background Check,Corporate,Integration Load -> Validate -> Error Handling -> Reprocess,Integration,Review Corporate Workday Background Check,Workday access is provisioned and Corporate test data exists,"1. Open Workday Background Check.
2. Execute: Integration Load -> Validate -> Error Handling -> Reprocess.
3. Perform validation and confirm downstream impact.","Integration Load -> Validate -> Error Handling -> Reprocess completes successfully with approvals, validations, and audit trail",High,Functional,"{""worker"": ""Jane Doe"", ""company"": ""Global Demo"", ""region"": ""US""}"
WD-REC-01196,Workday,RECRUITING,Background Check,Corporate,Recruiting -> Hire -> Onboard -> Time -> Payroll,Integration,Approve Corporate Workday Background Check,Workday access is provisioned and Corporate test data exists,"1. Open Workday Background Check.
2. Execute: Recruiting -> Hire -> Onboard -> Time -> Payroll.
3. Perform validation and confirm downstream impact.","Recruiting -> Hire -> Onboard -> Time -> Payroll completes successfully with approvals, validations, and audit trail",Low,Workflow,"{""worker"": ""Jane Doe"", ""company"": ""Global Demo"", ""region"": ""US""}"
WD-REC-01197,Workday,RECRUITING,Background Check,Corporate,Budget -> Expense -> Journal -> Dashboard,Mobile,Edit Corporate Workday Background Check,Workday access is provisioned and Corporate test data exists,"1. Open Workday Background Check.
2. Execute: Budget -> Expense -> Journal -> Dashboard.
3. Perform validation and confirm downstream impact.","Budget -> Expense -> Journal -> Dashboard completes successfully with approvals, validations, and audit trail",High,Mobile,"{""worker"": ""Jane Doe"", ""company"": ""Global Demo"", ""region"": ""US""}"
WD-REC-01198,Workday,RECRUITING,Background Check,Retail,Requisition -> Offer -> Hire -> Onboard -> Payroll,Mobile,Review Retail Workday Background Check,Workday access is provisioned and Retail test data exists,"1. Open Workday Background Check.
2. Execute: Requisition -> Offer -> Hire -> Onboard -> Payroll.
3. Perform validation and confirm downstream impact.","Requisition -> Offer -> Hire -> Onboard -> Payroll completes successfully with approvals, validations, and audit trail",Low,Integration,"{""worker"": ""Jane Doe"", ""company"": ""Global Demo"", ""region"": ""US""}"
WD-REC-01199,Workday,RECRUITING,Background Check,Retail,Employee Life Event -> Benefits -> Payroll -> Reporting,Regression,Reject Retail Workday Background Check,Workday access is provisioned and Retail test data exists,"1. Open Workday Background Check.
2. Execute: Employee Life Event -> Benefits -> Payroll -> Reporting.
3. Perform validation and confirm downstream impact.","Employee Life Event -> Benefits -> Payroll -> Reporting completes successfully with approvals, validations, and audit trail",Low,Security,"{""worker"": ""Jane Doe"", ""company"": ""Global Demo"", ""region"": ""US""}"
WD-REC-01200,Workday,RECRUITING,Background Check,Retail,Expense Submit -> Approval -> Accounting -> Reimbursement,Security,Approve Retail Workday Background Check,Workday access is provisioned and Retail test data exists,"1. Open Workday Background Check.
2. Execute: Expense Submit -> Approval -> Accounting -> Reimbursement.
3. Perform validation and confirm downstream impact.","Expense Submit -> Approval -> Accounting -> Reimbursement completes successfully with approvals, validations, and audit trail",High,Accessibility,"{""worker"": ""Jane Doe"", ""company"": ""Global Demo"", ""region"": ""US""}"
WD-REC-01201,Workday,RECRUITING,Background Check,Retail,Supplier Invoice -> Matching -> Approval -> Payment,Functional,Create Retail Workday Background Check,Workday access is provisioned and Retail test data exists,"1. Open Workday Background Check.
2. Execute: Supplier Invoice -> Matching -> Approval -> Payment.
3. Perform validation and confirm downstream impact.","Supplier Invoice -> Matching -> Approval -> Payment completes successfully with approvals, validations, and audit trail",Low,Regression,"{""worker"": ""Jane Doe"", ""company"": ""Global Demo"", ""region"": ""US""}"
WD-REC-01202,Workday,RECRUITING,Background Check,Retail,Integration Load -> Validate -> Error Handling -> Reprocess,Performance,Create Retail Workday Background Check,Workday access is provisioned and Retail test data exists,"1. Open Workday Background Check.
2. Execute: Integration Load -> Validate -> Error Handling -> Reprocess.
3. Perform validation and confirm downstream impact.","Integration Load -> Validate -> Error Handling -> Reprocess completes successfully with approvals, validations, and audit trail",Medium,Security,"{""worker"": ""Jane Doe"", ""company"": ""Global Demo"", ""region"": ""US""}"
WD-REC-01203,Workday,RECRUITING,Background Check,Retail,Recruiting -> Hire -> Onboard -> Time -> Payroll,Security,Create Retail Workday Background Check,Workday access is provisioned and Retail test data exists,"1. Open Workday Background Check.
2. Execute: Recruiting -> Hire -> Onboard -> Time -> Payroll.
3. Perform validation and confirm downstream impact.","Recruiting -> Hire -> Onboard -> Time -> Payroll completes successfully with approvals, validations, and audit trail",High,Integration,"{""worker"": ""Jane Doe"", ""company"": ""Global Demo"", ""region"": ""US""}"
WD-REC-01204,Workday,RECRUITING,Background Check,Retail,Budget -> Expense -> Journal -> Dashboard,Integration,Export Retail Workday Background Check,Workday access is provisioned and Retail test data exists,"1. Open Workday Background Check.
2. Execute: Budget -> Expense -> Journal -> Dashboard.
3. Perform validation and confirm downstream impact.","Budget -> Expense -> Journal -> Dashboard completes successfully with approvals, validations, and audit trail",Low,Performance,"{""worker"": ""Jane Doe"", ""company"": ""Global Demo"", ""region"": ""US""}"
WD-REC-01205,Workday,RECRUITING,Background Check,Healthcare,Requisition -> Offer -> Hire -> Onboard -> Payroll,Data Migration,Validate Healthcare Workday Background Check,Workday access is provisioned and Healthcare test data exists,"1. Open Workday Background Check.
2. Execute: Requisition -> Offer -> Hire -> Onboard -> Payroll.
3. Perform validation and confirm downstream impact.","Requisition -> Offer -> Hire -> Onboard -> Payroll completes successfully with approvals, validations, and audit trail",Medium,Accessibility,"{""worker"": ""Jane Doe"", ""company"": ""Global Demo"", ""region"": ""US""}"
WD-REC-01206,Workday,RECRUITING,Background Check,Healthcare,Employee Life Event -> Benefits -> Payroll -> Reporting,Data Migration,Import Healthcare Workday Background Check,Workday access is provisioned and Healthcare test data exists,"1. Open Workday Background Check.
2. Execute: Employee Life Event -> Benefits -> Payroll -> Reporting.
3. Perform validation and confirm downstream impact.","Employee Life Event -> Benefits -> Payroll -> Reporting completes successfully with approvals, validations, and audit trail",Medium,UI,"{""worker"": ""Jane Doe"", ""company"": ""Global Demo"", ""region"": ""US""}"
WD-REC-01207,Workday,RECRUITING,Background Check,Healthcare,Expense Submit -> Approval -> Accounting -> Reimbursement,Regression,Submit Healthcare Workday Background Check,Workday access is provisioned and Healthcare test data exists,"1. Open Workday Background Check.
2. Execute: Expense Submit -> Approval -> Accounting -> Reimbursement.
3. Perform validation and confirm downstream impact.","Expense Submit -> Approval -> Accounting -> Reimbursement completes successfully with approvals, validations, and audit trail",Low,UI,"{""worker"": ""Jane Doe"", ""company"": ""Global Demo"", ""region"": ""US""}"
WD-REC-01208,Workday,RECRUITING,Background Check,Healthcare,Supplier Invoice -> Matching -> Approval -> Payment,Integration,Approve Healthcare Workday Background Check,Workday access is provisioned and Healthcare test data exists,"1. Open Workday Background Check.
2. Execute: Supplier Invoice -> Matching -> Approval -> Payment.
3. Perform validation and confirm downstream impact.","Supplier Invoice -> Matching -> Approval -> Payment completes successfully with approvals, validations, and audit trail",Low,Integration,"{""worker"": ""Jane Doe"", ""company"": ""Global Demo"", ""region"": ""US""}"
WD-REC-01209,Workday,RECRUITING,Background Check,Healthcare,Integration Load -> Validate -> Error Handling -> Reprocess,Security,Close Healthcare Workday Background Check,Workday access is provisioned and Healthcare test data exists,"1. Open Workday Background Check.
2. Execute: Integration Load -> Validate -> Error Handling -> Reprocess.
3. Perform validation and confirm downstream impact.","Integration Load -> Validate -> Error Handling -> Reprocess completes successfully with approvals, validations, and audit trail",Medium,UI,"{""worker"": ""Jane Doe"", ""company"": ""Global Demo"", ""region"": ""US""}"
WD-REC-01210,Workday,RECRUITING,Background Check,Healthcare,Recruiting -> Hire -> Onboard -> Time -> Payroll,Data Migration,Sync Healthcare Workday Background Check,Workday access is provisioned and Healthcare test data exists,"1. Open Workday Background Check.
2. Execute: Recruiting -> Hire -> Onboard -> Time -> Payroll.
3. Perform validation and confirm downstream impact.","Recruiting -> Hire -> Onboard -> Time -> Payroll completes successfully with approvals, validations, and audit trail",Medium,Mobile,"{""worker"": ""Jane Doe"", ""company"": ""Global Demo"", ""region"": ""US""}"
WD-REC-01211,Workday,RECRUITING,Background Check,Healthcare,Budget -> Expense -> Journal -> Dashboard,Integration,Edit Healthcare Workday Background Check,Workday access is provisioned and Healthcare test data exists,"1. Open Workday Background Check.
2. Execute: Budget -> Expense -> Journal -> Dashboard.
3. Perform validation and confirm downstream impact.","Budget -> Expense -> Journal -> Dashboard completes successfully with approvals, validations, and audit trail",Low,Mobile,"{""worker"": ""Jane Doe"", ""company"": ""Global Demo"", ""region"": ""US""}"
WD-REC-01212,Workday,RECRUITING,Background Check,Manufacturing,Requisition -> Offer -> Hire -> Onboard -> Payroll,Data Migration,Edit Manufacturing Workday Background Check,Workday access is provisioned and Manufacturing test data exists,"1. Open Workday Background Check.
2. Execute: Requisition -> Offer -> Hire -> Onboard -> Payroll.
3. Perform validation and confirm downstream impact.","Requisition -> Offer -> Hire -> Onboard -> Payroll completes successfully with approvals, validations, and audit trail",Low,Accessibility,"{""worker"": ""Jane Doe"", ""company"": ""Global Demo"", ""region"": ""US""}"
WD-REC-01213,Workday,RECRUITING,Background Check,Manufacturing,Employee Life Event -> Benefits -> Payroll -> Reporting,Regression,Sync Manufacturing Workday Background Check,Workday access is provisioned and Manufacturing test data exists,"1. Open Workday Background Check.
2. Execute: Employee Life Event -> Benefits -> Payroll -> Reporting.
3. Perform validation and confirm downstream impact.","Employee Life Event -> Benefits -> Payroll -> Reporting completes successfully with approvals, validations, and audit trail",Medium,Security,"{""worker"": ""Jane Doe"", ""company"": ""Global Demo"", ""region"": ""US""}"
WD-REC-01214,Workday,RECRUITING,Background Check,Manufacturing,Expense Submit -> Approval -> Accounting -> Reimbursement,Data Migration,Route Manufacturing Workday Background Check,Workday access is provisioned and Manufacturing test data exists,"1. Open Workday Background Check.
2. Execute: Expense Submit -> Approval -> Accounting -> Reimbursement.
3. Perform validation and confirm downstream impact.","Expense Submit -> Approval -> Accounting -> Reimbursement completes successfully with approvals, validations, and audit trail",High,Data Migration,"{""worker"": ""Jane Doe"", ""company"": ""Global Demo"", ""region"": ""US""}"
WD-REC-01215,Workday,RECRUITING,Background Check,Manufacturing,Supplier Invoice -> Matching -> Approval -> Payment,Integration,Submit Manufacturing Workday Background Check,Workday access is provisioned and Manufacturing test data exists,"1. Open Workday Background Check.
2. Execute: Supplier Invoice -> Matching -> Approval -> Payment.
3. Perform validation and confirm downstream impact.","Supplier Invoice -> Matching -> Approval -> Payment completes successfully with approvals, validations, and audit trail",Low,Performance,"{""worker"": ""Jane Doe"", ""company"": ""Global Demo"", ""region"": ""US""}"
WD-REC-01216,Workday,RECRUITING,Background Check,Manufacturing,Integration Load -> Validate -> Error Handling -> Reprocess,UI,Close Manufacturing Workday Background Check,Workday access is provisioned and Manufacturing test data exists,"1. Open Workday Background Check.
2. Execute: Integration Load -> Validate -> Error Handling -> Reprocess.
3. Perform validation and confirm downstream impact.","Integration Load -> Validate -> Error Handling -> Reprocess completes successfully with approvals, validations, and audit trail",High,Integration,"{""worker"": ""Jane Doe"", ""company"": ""Global Demo"", ""region"": ""US""}"
WD-REC-01217,Workday,RECRUITING,Background Check,Manufacturing,Recruiting -> Hire -> Onboard -> Time -> Payroll,Integration,Import Manufacturing Workday Background Check,Workday access is provisioned and Manufacturing test data exists,"1. Open Workday Background Check.
2. Execute: Recruiting -> Hire -> Onboard -> Time -> Payroll.
3. Perform validation and confirm downstream impact.","Recruiting -> Hire -> Onboard -> Time -> Payroll completes successfully with approvals, validations, and audit trail",High,Integration,"{""worker"": ""Jane Doe"", ""company"": ""Global Demo"", ""region"": ""US""}"
WD-REC-01218,Workday,RECRUITING,Background Check,Manufacturing,Budget -> Expense -> Journal -> Dashboard,Integration,Export Manufacturing Workday Background Check,Workday access is provisioned and Manufacturing test data exists,"1. Open Workday Background Check.
2. Execute: Budget -> Expense -> Journal -> Dashboard.
3. Perform validation and confirm downstream impact.","Budget -> Expense -> Journal -> Dashboard completes successfully with approvals, validations, and audit trail",Medium,Functional,"{""worker"": ""Jane Doe"", ""company"": ""Global Demo"", ""region"": ""US""}"
WD-REC-01219,Workday,RECRUITING,Background Check,Education,Requisition -> Offer -> Hire -> Onboard -> Payroll,UI,Route Education Workday Background Check,Workday access is provisioned and Education test data exists,"1. Open Workday Background Check.
2. Execute: Requisition -> Offer -> Hire -> Onboard -> Payroll.
3. Perform validation and confirm downstream impact.","Requisition -> Offer -> Hire -> Onboard -> Payroll completes successfully with approvals, validations, and audit trail",High,Functional,"{""worker"": ""Jane Doe"", ""company"": ""Global Demo"", ""region"": ""US""}"
WD-REC-01220,Workday,RECRUITING,Background Check,Education,Employee Life Event -> Benefits -> Payroll -> Reporting,UI,Sync Education Workday Background Check,Workday access is provisioned and Education test data exists,"1. Open Workday Background Check.
2. Execute: Employee Life Event -> Benefits -> Payroll -> Reporting.
3. Perform validation and confirm downstream impact.","Employee Life Event -> Benefits -> Payroll -> Reporting completes successfully with approvals, validations, and audit trail",Low,Data Migration,"{""worker"": ""Jane Doe"", ""company"": ""Global Demo"", ""region"": ""US""}"
WD-REC-01221,Workday,RECRUITING,Background Check,Education,Expense Submit -> Approval -> Accounting -> Reimbursement,Security,Import Education Workday Background Check,Workday access is provisioned and Education test data exists,"1. Open Workday Background Check.
2. Execute: Expense Submit -> Approval -> Accounting -> Reimbursement.
3. Perform validation and confirm downstream impact.","Expense Submit -> Approval -> Accounting -> Reimbursement completes successfully with approvals, validations, and audit trail",Medium,Regression,"{""worker"": ""Jane Doe"", ""company"": ""Global Demo"", ""region"": ""US""}"
WD-REC-01222,Workday,RECRUITING,Background Check,Education,Supplier Invoice -> Matching -> Approval -> Payment,Mobile,Close Education Workday Background Check,Workday access is provisioned and Education test data exists,"1. Open Workday Background Check.
2. Execute: Supplier Invoice -> Matching -> Approval -> Payment.
3. Perform validation and confirm downstream impact.","Supplier Invoice -> Matching -> Approval -> Payment completes successfully with approvals, validations, and audit trail",Medium,Regression,"{""worker"": ""Jane Doe"", ""company"": ""Global Demo"", ""region"": ""US""}"
WD-REC-01223,Workday,RECRUITING,Background Check,Education,Integration Load -> Validate -> Error Handling -> Reprocess,Performance,Route Education Workday Background Check,Workday access is provisioned and Education test data exists,"1. Open Workday Background Check.
2. Execute: Integration Load -> Validate -> Error Handling -> Reprocess.
3. Perform validation and confirm downstream impact.","Integration Load -> Validate -> Error Handling -> Reprocess completes successfully with approvals, validations, and audit trail",High,Mobile,"{""worker"": ""Jane Doe"", ""company"": ""Global Demo"", ""region"": ""US""}"
WD-REC-01224,Workday,RECRUITING,Background Check,Education,Recruiting -> Hire -> Onboard -> Time -> Payroll,Regression,Review Education Workday Background Check,Workday access is provisioned and Education test data exists,"1. Open Workday Background Check.
2. Execute: Recruiting -> Hire -> Onboard -> Time -> Payroll.
3. Perform validation and confirm downstream impact.","Recruiting -> Hire -> Onboard -> Time -> Payroll completes successfully with approvals, validations, and audit trail",High,Data Migration,"{""worker"": ""Jane Doe"", ""company"": ""Global Demo"", ""region"": ""US""}"
WD-REC-01225,Workday,RECRUITING,Background Check,Education,Budget -> Expense -> Journal -> Dashboard,Workflow,Create Education Workday Background Check,Workday access is provisioned and Education test data exists,"1. Open Workday Background Check.
2. Execute: Budget -> Expense -> Journal -> Dashboard.
3. Perform validation and confirm downstream impact.","Budget -> Expense -> Journal -> Dashboard completes successfully with approvals, validations, and audit trail",High,Data Migration,"{""worker"": ""Jane Doe"", ""company"": ""Global Demo"", ""region"": ""US""}"
WD-REC-01226,Workday,RECRUITING,Background Check,Nonprofit,Requisition -> Offer -> Hire -> Onboard -> Payroll,Integration,Validate Nonprofit Workday Background Check,Workday access is provisioned and Nonprofit test data exists,"1. Open Workday Background Check.
2. Execute: Requisition -> Offer -> Hire -> Onboard -> Payroll.
3. Perform validation and confirm downstream impact.","Requisition -> Offer -> Hire -> Onboard -> Payroll completes successfully with approvals, validations, and audit trail",Low,Data Migration,"{""worker"": ""Jane Doe"", ""company"": ""Global Demo"", ""region"": ""US""}"
WD-REC-01227,Workday,RECRUITING,Background Check,Nonprofit,Employee Life Event -> Benefits -> Payroll -> Reporting,Functional,Reject Nonprofit Workday Background Check,Workday access is provisioned and Nonprofit test data exists,"1. Open Workday Background Check.
2. Execute: Employee Life Event -> Benefits -> Payroll -> Reporting.
3. Perform validation and confirm downstream impact.","Employee Life Event -> Benefits -> Payroll -> Reporting completes successfully with approvals, validations, and audit trail",Low,Data Migration,"{""worker"": ""Jane Doe"", ""company"": ""Global Demo"", ""region"": ""US""}"
WD-REC-01228,Workday,RECRUITING,Background Check,Nonprofit,Expense Submit -> Approval -> Accounting -> Reimbursement,Security,Submit Nonprofit Workday Background Check,Workday access is provisioned and Nonprofit test data exists,"1. Open Workday Background Check.
2. Execute: Expense Submit -> Approval -> Accounting -> Reimbursement.
3. Perform validation and confirm downstream impact.","Expense Submit -> Approval -> Accounting -> Reimbursement completes successfully with approvals, validations, and audit trail",Medium,Functional,"{""worker"": ""Jane Doe"", ""company"": ""Global Demo"", ""region"": ""US""}"
WD-REC-01229,Workday,RECRUITING,Background Check,Nonprofit,Supplier Invoice -> Matching -> Approval -> Payment,Regression,Export Nonprofit Workday Background Check,Workday access is provisioned and Nonprofit test data exists,"1. Open Workday Background Check.
2. Execute: Supplier Invoice -> Matching -> Approval -> Payment.
3. Perform validation and confirm downstream impact.","Supplier Invoice -> Matching -> Approval -> Payment completes successfully with approvals, validations, and audit trail",Low,Mobile,"{""worker"": ""Jane Doe"", ""company"": ""Global Demo"", ""region"": ""US""}"
WD-REC-01230,Workday,RECRUITING,Background Check,Nonprofit,Integration Load -> Validate -> Error Handling -> Reprocess,UI,Reject Nonprofit Workday Background Check,Workday access is provisioned and Nonprofit test data exists,"1. Open Workday Background Check.
2. Execute: Integration Load -> Validate -> Error Handling -> Reprocess.
3. Perform validation and confirm downstream impact.","Integration Load -> Validate -> Error Handling -> Reprocess completes successfully with approvals, validations, and audit trail",High,UI,"{""worker"": ""Jane Doe"", ""company"": ""Global Demo"", ""region"": ""US""}"
WD-REC-01231,Workday,RECRUITING,Background Check,Nonprofit,Recruiting -> Hire -> Onboard -> Time -> Payroll,UI,Edit Nonprofit Workday Background Check,Workday access is provisioned and Nonprofit test data exists,"1. Open Workday Background Check.
2. Execute: Recruiting -> Hire -> Onboard -> Time -> Payroll.
3. Perform validation and confirm downstream impact.","Recruiting -> Hire -> Onboard -> Time -> Payroll completes successfully with approvals, validations, and audit trail",Low,UI,"{""worker"": ""Jane Doe"", ""company"": ""Global Demo"", ""region"": ""US""}"
WD-REC-01232,Workday,RECRUITING,Background Check,Nonprofit,Budget -> Expense -> Journal -> Dashboard,Regression,Create Nonprofit Workday Background Check,Workday access is provisioned and Nonprofit test data exists,"1. Open Workday Background Check.
2. Execute: Budget -> Expense -> Journal -> Dashboard.
3. Perform validation and confirm downstream impact.","Budget -> Expense -> Journal -> Dashboard completes successfully with approvals, validations, and audit trail",Medium,Mobile,"{""worker"": ""Jane Doe"", ""company"": ""Global Demo"", ""region"": ""US""}"
WD-REC-01233,Workday,RECRUITING,Background Check,Financial Services,Requisition -> Offer -> Hire -> Onboard -> Payroll,Integration,Update Financial Services Workday Background Check,Workday access is provisioned and Financial Services test data exists,"1. Open Workday Background Check.
2. Execute: Requisition -> Offer -> Hire -> Onboard -> Payroll.
3. Perform validation and confirm downstream impact.","Requisition -> Offer -> Hire -> Onboard -> Payroll completes successfully with approvals, validations, and audit trail",Medium,Data Migration,"{""worker"": ""Jane Doe"", ""company"": ""Global Demo"", ""region"": ""US""}"
WD-REC-01234,Workday,RECRUITING,Background Check,Financial Services,Employee Life Event -> Benefits -> Payroll -> Reporting,Accessibility,Export Financial Services Workday Background Check,Workday access is provisioned and Financial Services test data exists,"1. Open Workday Background Check.
2. Execute: Employee Life Event -> Benefits -> Payroll -> Reporting.
3. Perform validation and confirm downstream impact.","Employee Life Event -> Benefits -> Payroll -> Reporting completes successfully with approvals, validations, and audit trail",Low,Integration,"{""worker"": ""Jane Doe"", ""company"": ""Global Demo"", ""region"": ""US""}"
WD-REC-01235,Workday,RECRUITING,Background Check,Financial Services,Expense Submit -> Approval -> Accounting -> Reimbursement,Performance,Create Financial Services Workday Background Check,Workday access is provisioned and Financial Services test data exists,"1. Open Workday Background Check.
2. Execute: Expense Submit -> Approval -> Accounting -> Reimbursement.
3. Perform validation and confirm downstream impact.","Expense Submit -> Approval -> Accounting -> Reimbursement completes successfully with approvals, validations, and audit trail",Low,UI,"{""worker"": ""Jane Doe"", ""company"": ""Global Demo"", ""region"": ""US""}"
WD-REC-01236,Workday,RECRUITING,Background Check,Financial Services,Supplier Invoice -> Matching -> Approval -> Payment,Mobile,Approve Financial Services Workday Background Check,Workday access is provisioned and Financial Services test data exists,"1. Open Workday Background Check.
2. Execute: Supplier Invoice -> Matching -> Approval -> Payment.
3. Perform validation and confirm downstream impact.","Supplier Invoice -> Matching -> Approval -> Payment completes successfully with approvals, validations, and audit trail",Low,Regression,"{""worker"": ""Jane Doe"", ""company"": ""Global Demo"", ""region"": ""US""}"
WD-REC-01237,Workday,RECRUITING,Background Check,Financial Services,Integration Load -> Validate -> Error Handling -> Reprocess,Regression,Export Financial Services Workday Background Check,Workday access is provisioned and Financial Services test data exists,"1. Open Workday Background Check.
2. Execute: Integration Load -> Validate -> Error Handling -> Reprocess.
3. Perform validation and confirm downstream impact.","Integration Load -> Validate -> Error Handling -> Reprocess completes successfully with approvals, validations, and audit trail",Low,UI,"{""worker"": ""Jane Doe"", ""company"": ""Global Demo"", ""region"": ""US""}"
WD-REC-01238,Workday,RECRUITING,Background Check,Financial Services,Recruiting -> Hire -> Onboard -> Time -> Payroll,UI,Export Financial Services Workday Background Check,Workday access is provisioned and Financial Services test data exists,"1. Open Workday Background Check.
2. Execute: Recruiting -> Hire -> Onboard -> Time -> Payroll.
3. Perform validation and confirm downstream impact.","Recruiting -> Hire -> Onboard -> Time -> Payroll completes successfully with approvals, validations, and audit trail",Medium,UI,"{""worker"": ""Jane Doe"", ""company"": ""Global Demo"", ""region"": ""US""}"
WD-REC-01239,Workday,RECRUITING,Background Check,Financial Services,Budget -> Expense -> Journal -> Dashboard,Data Migration,Approve Financial Services Workday Background Check,Workday access is provisioned and Financial Services test data exists,"1. Open Workday Background Check.
2. Execute: Budget -> Expense -> Journal -> Dashboard.
3. Perform validation and confirm downstream impact.","Budget -> Expense -> Journal -> Dashboard completes successfully with approvals, validations, and audit trail",High,Performance,"{""worker"": ""Jane Doe"", ""company"": ""Global Demo"", ""region"": ""US""}"
WD-REC-01240,Workday,RECRUITING,Background Check,Technology,Requisition -> Offer -> Hire -> Onboard -> Payroll,Accessibility,Update Technology Workday Background Check,Workday access is provisioned and Technology test data exists,"1. Open Workday Background Check.
2. Execute: Requisition -> Offer -> Hire -> Onboard -> Payroll.
3. Perform validation and confirm downstream impact.","Requisition -> Offer -> Hire -> Onboard -> Payroll completes successfully with approvals, validations, and audit trail",High,Accessibility,"{""worker"": ""Jane Doe"", ""company"": ""Global Demo"", ""region"": ""US""}"
WD-REC-01241,Workday,RECRUITING,Background Check,Technology,Employee Life Event -> Benefits -> Payroll -> Reporting,Data Migration,Review Technology Workday Background Check,Workday access is provisioned and Technology test data exists,"1. Open Workday Background Check.
2. Execute: Employee Life Event -> Benefits -> Payroll -> Reporting.
3. Perform validation and confirm downstream impact.","Employee Life Event -> Benefits -> Payroll -> Reporting completes successfully with approvals, validations, and audit trail",High,UI,"{""worker"": ""Jane Doe"", ""company"": ""Global Demo"", ""region"": ""US""}"
WD-REC-01242,Workday,RECRUITING,Background Check,Technology,Expense Submit -> Approval -> Accounting -> Reimbursement,Mobile,Approve Technology Workday Background Check,Workday access is provisioned and Technology test data exists,"1. Open Workday Background Check.
2. Execute: Expense Submit -> Approval -> Accounting -> Reimbursement.
3. Perform validation and confirm downstream impact.","Expense Submit -> Approval -> Accounting -> Reimbursement completes successfully with approvals, validations, and audit trail",Medium,Functional,"{""worker"": ""Jane Doe"", ""company"": ""Global Demo"", ""region"": ""US""}"
WD-REC-01243,Workday,RECRUITING,Background Check,Technology,Supplier Invoice -> Matching -> Approval -> Payment,Workflow,Close Technology Workday Background Check,Workday access is provisioned and Technology test data exists,"1. Open Workday Background Check.
2. Execute: Supplier Invoice -> Matching -> Approval -> Payment.
3. Perform validation and confirm downstream impact.","Supplier Invoice -> Matching -> Approval -> Payment completes successfully with approvals, validations, and audit trail",High,UI,"{""worker"": ""Jane Doe"", ""company"": ""Global Demo"", ""region"": ""US""}"
WD-REC-01244,Workday,RECRUITING,Background Check,Technology,Integration Load -> Validate -> Error Handling -> Reprocess,Regression,Approve Technology Workday Background Check,Workday access is provisioned and Technology test data exists,"1. Open Workday Background Check.
2. Execute: Integration Load -> Validate -> Error Handling -> Reprocess.
3. Perform validation and confirm downstream impact.","Integration Load -> Validate -> Error Handling -> Reprocess completes successfully with approvals, validations, and audit trail",High,Data Migration,"{""worker"": ""Jane Doe"", ""company"": ""Global Demo"", ""region"": ""US""}"
WD-REC-01245,Workday,RECRUITING,Background Check,Technology,Recruiting -> Hire -> Onboard -> Time -> Payroll,Regression,Submit Technology Workday Background Check,Workday access is provisioned and Technology test data exists,"1. Open Workday Background Check.
2. Execute: Recruiting -> Hire -> Onboard -> Time -> Payroll.
3. Perform validation and confirm downstream impact.","Recruiting -> Hire -> Onboard -> Time -> Payroll completes successfully with approvals, validations, and audit trail",Low,UI,"{""worker"": ""Jane Doe"", ""company"": ""Global Demo"", ""region"": ""US""}"
WD-REC-01246,Workday,RECRUITING,Background Check,Technology,Budget -> Expense -> Journal -> Dashboard,Performance,Route Technology Workday Background Check,Workday access is provisioned and Technology test data exists,"1. Open Workday Background Check.
2. Execute: Budget -> Expense -> Journal -> Dashboard.
3. Perform validation and confirm downstream impact.","Budget -> Expense -> Journal -> Dashboard completes successfully with approvals, validations, and audit trail",Medium,Functional,"{""worker"": ""Jane Doe"", ""company"": ""Global Demo"", ""region"": ""US""}"
WD-REC-01247,Workday,RECRUITING,Background Check,Public Sector,Requisition -> Offer -> Hire -> Onboard -> Payroll,Mobile,Edit Public Sector Workday Background Check,Workday access is provisioned and Public Sector test data exists,"1. Open Workday Background Check.
2. Execute: Requisition -> Offer -> Hire -> Onboard -> Payroll.
3. Perform validation and confirm downstream impact.","Requisition -> Offer -> Hire -> Onboard -> Payroll completes successfully with approvals, validations, and audit trail",High,Workflow,"{""worker"": ""Jane Doe"", ""company"": ""Global Demo"", ""region"": ""US""}"
WD-REC-01248,Workday,RECRUITING,Background Check,Public Sector,Employee Life Event -> Benefits -> Payroll -> Reporting,UI,Update Public Sector Workday Background Check,Workday access is provisioned and Public Sector test data exists,"1. Open Workday Background Check.
2. Execute: Employee Life Event -> Benefits -> Payroll -> Reporting.
3. Perform validation and confirm downstream impact.","Employee Life Event -> Benefits -> Payroll -> Reporting completes successfully with approvals, validations, and audit trail",Low,Workflow,"{""worker"": ""Jane Doe"", ""company"": ""Global Demo"", ""region"": ""US""}"
WD-REC-01249,Workday,RECRUITING,Background Check,Public Sector,Expense Submit -> Approval -> Accounting -> Reimbursement,Mobile,Review Public Sector Workday Background Check,Workday access is provisioned and Public Sector test data exists,"1. Open Workday Background Check.
2. Execute: Expense Submit -> Approval -> Accounting -> Reimbursement.
3. Perform validation and confirm downstream impact.","Expense Submit -> Approval -> Accounting -> Reimbursement completes successfully with approvals, validations, and audit trail",High,Security,"{""worker"": ""Jane Doe"", ""company"": ""Global Demo"", ""region"": ""US""}"
WD-REC-01250,Workday,RECRUITING,Background Check,Public Sector,Supplier Invoice -> Matching -> Approval -> Payment,Mobile,Approve Public Sector Workday Background Check,Workday access is provisioned and Public Sector test data exists,"1. Open Workday Background Check.
2. Execute: Supplier Invoice -> Matching -> Approval -> Payment.
3. Perform validation and confirm downstream impact.","Supplier Invoice -> Matching -> Approval -> Payment completes successfully with approvals, validations, and audit trail",Low,Security,"{""worker"": ""Jane Doe"", ""company"": ""Global Demo"", ""region"": ""US""}"
WD-REC-01251,Workday,RECRUITING,Background Check,Public Sector,Integration Load -> Validate -> Error Handling -> Reprocess,UI,Reject Public Sector Workday Background Check,Workday access is provisioned and Public Sector test data exists,"1. Open Workday Background Check.
2. Execute: Integration Load -> Validate -> Error Handling -> Reprocess.
3. Perform validation and confirm downstream impact.","Integration Load -> Validate -> Error Handling -> Reprocess completes successfully with approvals, validations, and audit trail",High,Security,"{""worker"": ""Jane Doe"", ""company"": ""Global Demo"", ""region"": ""US""}"
WD-REC-01252,Workday,RECRUITING,Background Check,Public Sector,Recruiting -> Hire -> Onboard -> Time -> Payroll,Functional,Edit Public Sector Workday Background Check,Workday access is provisioned and Public Sector test data exists,"1. Open Workday Background Check.
2. Execute: Recruiting -> Hire -> Onboard -> Time -> Payroll.
3. Perform validation and confirm downstream impact.","Recruiting -> Hire -> Onboard -> Time -> Payroll completes successfully with approvals, validations, and audit trail",Medium,Mobile,"{""worker"": ""Jane Doe"", ""company"": ""Global Demo"", ""region"": ""US""}"
WD-REC-01253,Workday,RECRUITING,Background Check,Public Sector,Budget -> Expense -> Journal -> Dashboard,Regression,Reject Public Sector Workday Background Check,Workday access is provisioned and Public Sector test data exists,"1. Open Workday Background Check.
2. Execute: Budget -> Expense -> Journal -> Dashboard.
3. Perform validation and confirm downstream impact.","Budget -> Expense -> Journal -> Dashboard completes successfully with approvals, validations, and audit trail",Low,Regression,"{""worker"": ""Jane Doe"", ""company"": ""Global Demo"", ""region"": ""US""}"
WD-REC-01254,Workday,RECRUITING,Background Check,Hospitality,Requisition -> Offer -> Hire -> Onboard -> Payroll,Workflow,Approve Hospitality Workday Background Check,Workday access is provisioned and Hospitality test data exists,"1. Open Workday Background Check.
2. Execute: Requisition -> Offer -> Hire -> Onboard -> Payroll.
3. Perform validation and confirm downstream impact.","Requisition -> Offer -> Hire -> Onboard -> Payroll completes successfully with approvals, validations, and audit trail",High,Security,"{""worker"": ""Jane Doe"", ""company"": ""Global Demo"", ""region"": ""US""}"
WD-REC-01255,Workday,RECRUITING,Background Check,Hospitality,Employee Life Event -> Benefits -> Payroll -> Reporting,Accessibility,Sync Hospitality Workday Background Check,Workday access is provisioned and Hospitality test data exists,"1. Open Workday Background Check.
2. Execute: Employee Life Event -> Benefits -> Payroll -> Reporting.
3. Perform validation and confirm downstream impact.","Employee Life Event -> Benefits -> Payroll -> Reporting completes successfully with approvals, validations, and audit trail",High,Security,"{""worker"": ""Jane Doe"", ""company"": ""Global Demo"", ""region"": ""US""}"
WD-REC-01256,Workday,RECRUITING,Background Check,Hospitality,Expense Submit -> Approval -> Accounting -> Reimbursement,Accessibility,Import Hospitality Workday Background Check,Workday access is provisioned and Hospitality test data exists,"1. Open Workday Background Check.
2. Execute: Expense Submit -> Approval -> Accounting -> Reimbursement.
3. Perform validation and confirm downstream impact.","Expense Submit -> Approval -> Accounting -> Reimbursement completes successfully with approvals, validations, and audit trail",Low,Integration,"{""worker"": ""Jane Doe"", ""company"": ""Global Demo"", ""region"": ""US""}"
WD-REC-01257,Workday,RECRUITING,Background Check,Hospitality,Supplier Invoice -> Matching -> Approval -> Payment,Mobile,Close Hospitality Workday Background Check,Workday access is provisioned and Hospitality test data exists,"1. Open Workday Background Check.
2. Execute: Supplier Invoice -> Matching -> Approval -> Payment.
3. Perform validation and confirm downstream impact.","Supplier Invoice -> Matching -> Approval -> Payment completes successfully with approvals, validations, and audit trail",Low,Security,"{""worker"": ""Jane Doe"", ""company"": ""Global Demo"", ""region"": ""US""}"
WD-REC-01258,Workday,RECRUITING,Background Check,Hospitality,Integration Load -> Validate -> Error Handling -> Reprocess,Integration,Review Hospitality Workday Background Check,Workday access is provisioned and Hospitality test data exists,"1. Open Workday Background Check.
2. Execute: Integration Load -> Validate -> Error Handling -> Reprocess.
3. Perform validation and confirm downstream impact.","Integration Load -> Validate -> Error Handling -> Reprocess completes successfully with approvals, validations, and audit trail",Medium,Performance,"{""worker"": ""Jane Doe"", ""company"": ""Global Demo"", ""region"": ""US""}"
WD-REC-01259,Workday,RECRUITING,Background Check,Hospitality,Recruiting -> Hire -> Onboard -> Time -> Payroll,Performance,Create Hospitality Workday Background Check,Workday access is provisioned and Hospitality test data exists,"1. Open Workday Background Check.
2. Execute: Recruiting -> Hire -> Onboard -> Time -> Payroll.
3. Perform validation and confirm downstream impact.","Recruiting -> Hire -> Onboard -> Time -> Payroll completes successfully with approvals, validations, and audit trail",High,Accessibility,"{""worker"": ""Jane Doe"", ""company"": ""Global Demo"", ""region"": ""US""}"
WD-REC-01260,Workday,RECRUITING,Background Check,Hospitality,Budget -> Expense -> Journal -> Dashboard,Data Migration,Import Hospitality Workday Background Check,Workday access is provisioned and Hospitality test data exists,"1. Open Workday Background Check.
2. Execute: Budget -> Expense -> Journal -> Dashboard.
3. Perform validation and confirm downstream impact.","Budget -> Expense -> Journal -> Dashboard completes successfully with approvals, validations, and audit trail",Medium,UI,"{""worker"": ""Jane Doe"", ""company"": ""Global Demo"", ""region"": ""US""}"
WD-REC-01261,Workday,RECRUITING,Requisition,Corporate,Requisition -> Offer -> Hire -> Onboard -> Payroll,UI,Edit Corporate Workday Requisition,Workday access is provisioned and Corporate test data exists,"1. Open Workday Requisition.
2. Execute: Requisition -> Offer -> Hire -> Onboard -> Payroll.
3. Perform validation and confirm downstream impact.","Requisition -> Offer -> Hire -> Onboard -> Payroll completes successfully with approvals, validations, and audit trail",Medium,Functional,"{""worker"": ""Jane Doe"", ""company"": ""Global Demo"", ""region"": ""US""}"
WD-REC-01262,Workday,RECRUITING,Requisition,Corporate,Employee Life Event -> Benefits -> Payroll -> Reporting,Functional,Create Corporate Workday Requisition,Workday access is provisioned and Corporate test data exists,"1. Open Workday Requisition.
2. Execute: Employee Life Event -> Benefits -> Payroll -> Reporting.
3. Perform validation and confirm downstream impact.","Employee Life Event -> Benefits -> Payroll -> Reporting completes successfully with approvals, validations, and audit trail",Low,Integration,"{""worker"": ""Jane Doe"", ""company"": ""Global Demo"", ""region"": ""US""}"
WD-REC-01263,Workday,RECRUITING,Requisition,Corporate,Expense Submit -> Approval -> Accounting -> Reimbursement,Mobile,Update Corporate Workday Requisition,Workday access is provisioned and Corporate test data exists,"1. Open Workday Requisition.
2. Execute: Expense Submit -> Approval -> Accounting -> Reimbursement.
3. Perform validation and confirm downstream impact.","Expense Submit -> Approval -> Accounting -> Reimbursement completes successfully with approvals, validations, and audit trail",Low,Accessibility,"{""worker"": ""Jane Doe"", ""company"": ""Global Demo"", ""region"": ""US""}"
WD-REC-01264,Workday,RECRUITING,Requisition,Corporate,Supplier Invoice -> Matching -> Approval -> Payment,Security,Approve Corporate Workday Requisition,Workday access is provisioned and Corporate test data exists,"1. Open Workday Requisition.
2. Execute: Supplier Invoice -> Matching -> Approval -> Payment.
3. Perform validation and confirm downstream impact.","Supplier Invoice -> Matching -> Approval -> Payment completes successfully with approvals, validations, and audit trail",Medium,Data Migration,"{""worker"": ""Jane Doe"", ""company"": ""Global Demo"", ""region"": ""US""}"
WD-REC-01265,Workday,RECRUITING,Requisition,Corporate,Integration Load -> Validate -> Error Handling -> Reprocess,Functional,Export Corporate Workday Requisition,Workday access is provisioned and Corporate test data exists,"1. Open Workday Requisition.
2. Execute: Integration Load -> Validate -> Error Handling -> Reprocess.
3. Perform validation and confirm downstream impact.","Integration Load -> Validate -> Error Handling -> Reprocess completes successfully with approvals, validations, and audit trail",High,Accessibility,"{""worker"": ""Jane Doe"", ""company"": ""Global Demo"", ""region"": ""US""}"
WD-REC-01266,Workday,RECRUITING,Requisition,Corporate,Recruiting -> Hire -> Onboard -> Time -> Payroll,Performance,Create Corporate Workday Requisition,Workday access is provisioned and Corporate test data exists,"1. Open Workday Requisition.
2. Execute: Recruiting -> Hire -> Onboard -> Time -> Payroll.
3. Perform validation and confirm downstream impact.","Recruiting -> Hire -> Onboard -> Time -> Payroll completes successfully with approvals, validations, and audit trail",High,Data Migration,"{""worker"": ""Jane Doe"", ""company"": ""Global Demo"", ""region"": ""US""}"
WD-REC-01267,Workday,RECRUITING,Requisition,Corporate,Budget -> Expense -> Journal -> Dashboard,UI,Import Corporate Workday Requisition,Workday access is provisioned and Corporate test data exists,"1. Open Workday Requisition.
2. Execute: Budget -> Expense -> Journal -> Dashboard.
3. Perform validation and confirm downstream impact.","Budget -> Expense -> Journal -> Dashboard completes successfully with approvals, validations, and audit trail",Low,Performance,"{""worker"": ""Jane Doe"", ""company"": ""Global Demo"", ""region"": ""US""}"
WD-REC-01268,Workday,RECRUITING,Requisition,Retail,Requisition -> Offer -> Hire -> Onboard -> Payroll,Integration,Update Retail Workday Requisition,Workday access is provisioned and Retail test data exists,"1. Open Workday Requisition.
2. Execute: Requisition -> Offer -> Hire -> Onboard -> Payroll.
3. Perform validation and confirm downstream impact.","Requisition -> Offer -> Hire -> Onboard -> Payroll completes successfully with approvals, validations, and audit trail",Low,Regression,"{""worker"": ""Jane Doe"", ""company"": ""Global Demo"", ""region"": ""US""}"
WD-REC-01269,Workday,RECRUITING,Requisition,Retail,Employee Life Event -> Benefits -> Payroll -> Reporting,Integration,Approve Retail Workday Requisition,Workday access is provisioned and Retail test data exists,"1. Open Workday Requisition.
2. Execute: Employee Life Event -> Benefits -> Payroll -> Reporting.
3. Perform validation and confirm downstream impact.","Employee Life Event -> Benefits -> Payroll -> Reporting completes successfully with approvals, validations, and audit trail",Medium,Security,"{""worker"": ""Jane Doe"", ""company"": ""Global Demo"", ""region"": ""US""}"
WD-REC-01270,Workday,RECRUITING,Requisition,Retail,Expense Submit -> Approval -> Accounting -> Reimbursement,Workflow,Export Retail Workday Requisition,Workday access is provisioned and Retail test data exists,"1. Open Workday Requisition.
2. Execute: Expense Submit -> Approval -> Accounting -> Reimbursement.
3. Perform validation and confirm downstream impact.","Expense Submit -> Approval -> Accounting -> Reimbursement completes successfully with approvals, validations, and audit trail",High,Regression,"{""worker"": ""Jane Doe"", ""company"": ""Global Demo"", ""region"": ""US""}"
WD-REC-01271,Workday,RECRUITING,Requisition,Retail,Supplier Invoice -> Matching -> Approval -> Payment,Accessibility,Update Retail Workday Requisition,Workday access is provisioned and Retail test data exists,"1. Open Workday Requisition.
2. Execute: Supplier Invoice -> Matching -> Approval -> Payment.
3. Perform validation and confirm downstream impact.","Supplier Invoice -> Matching -> Approval -> Payment completes successfully with approvals, validations, and audit trail",High,Accessibility,"{""worker"": ""Jane Doe"", ""company"": ""Global Demo"", ""region"": ""US""}"
WD-REC-01272,Workday,RECRUITING,Requisition,Retail,Integration Load -> Validate -> Error Handling -> Reprocess,Workflow,Update Retail Workday Requisition,Workday access is provisioned and Retail test data exists,"1. Open Workday Requisition.
2. Execute: Integration Load -> Validate -> Error Handling -> Reprocess.
3. Perform validation and confirm downstream impact.","Integration Load -> Validate -> Error Handling -> Reprocess completes successfully with approvals, validations, and audit trail",High,Regression,"{""worker"": ""Jane Doe"", ""company"": ""Global Demo"", ""region"": ""US""}"
WD-REC-01273,Workday,RECRUITING,Requisition,Retail,Recruiting -> Hire -> Onboard -> Time -> Payroll,Security,Review Retail Workday Requisition,Workday access is provisioned and Retail test data exists,"1. Open Workday Requisition.
2. Execute: Recruiting -> Hire -> Onboard -> Time -> Payroll.
3. Perform validation and confirm downstream impact.","Recruiting -> Hire -> Onboard -> Time -> Payroll completes successfully with approvals, validations, and audit trail",High,Performance,"{""worker"": ""Jane Doe"", ""company"": ""Global Demo"", ""region"": ""US""}"
WD-REC-01274,Workday,RECRUITING,Requisition,Retail,Budget -> Expense -> Journal -> Dashboard,Performance,Export Retail Workday Requisition,Workday access is provisioned and Retail test data exists,"1. Open Workday Requisition.
2. Execute: Budget -> Expense -> Journal -> Dashboard.
3. Perform validation and confirm downstream impact.","Budget -> Expense -> Journal -> Dashboard completes successfully with approvals, validations, and audit trail",Low,Data Migration,"{""worker"": ""Jane Doe"", ""company"": ""Global Demo"", ""region"": ""US""}"
WD-REC-01275,Workday,RECRUITING,Requisition,Healthcare,Requisition -> Offer -> Hire -> Onboard -> Payroll,Workflow,Submit Healthcare Workday Requisition,Workday access is provisioned and Healthcare test data exists,"1. Open Workday Requisition.
2. Execute: Requisition -> Offer -> Hire -> Onboard -> Payroll.
3. Perform validation and confirm downstream impact.","Requisition -> Offer -> Hire -> Onboard -> Payroll completes successfully with approvals, validations, and audit trail",Medium,Mobile,"{""worker"": ""Jane Doe"", ""company"": ""Global Demo"", ""region"": ""US""}"
WD-REC-01276,Workday,RECRUITING,Requisition,Healthcare,Employee Life Event -> Benefits -> Payroll -> Reporting,Integration,Update Healthcare Workday Requisition,Workday access is provisioned and Healthcare test data exists,"1. Open Workday Requisition.
2. Execute: Employee Life Event -> Benefits -> Payroll -> Reporting.
3. Perform validation and confirm downstream impact.","Employee Life Event -> Benefits -> Payroll -> Reporting completes successfully with approvals, validations, and audit trail",Medium,Performance,"{""worker"": ""Jane Doe"", ""company"": ""Global Demo"", ""region"": ""US""}"
WD-REC-01277,Workday,RECRUITING,Requisition,Healthcare,Expense Submit -> Approval -> Accounting -> Reimbursement,Integration,Sync Healthcare Workday Requisition,Workday access is provisioned and Healthcare test data exists,"1. Open Workday Requisition.
2. Execute: Expense Submit -> Approval -> Accounting -> Reimbursement.
3. Perform validation and confirm downstream impact.","Expense Submit -> Approval -> Accounting -> Reimbursement completes successfully with approvals, validations, and audit trail",Low,Functional,"{""worker"": ""Jane Doe"", ""company"": ""Global Demo"", ""region"": ""US""}"
WD-REC-01278,Workday,RECRUITING,Requisition,Healthcare,Supplier Invoice -> Matching -> Approval -> Payment,Data Migration,Approve Healthcare Workday Requisition,Workday access is provisioned and Healthcare test data exists,"1. Open Workday Requisition.
2. Execute: Supplier Invoice -> Matching -> Approval -> Payment.
3. Perform validation and confirm downstream impact.","Supplier Invoice -> Matching -> Approval -> Payment completes successfully with approvals, validations, and audit trail",Low,UI,"{""worker"": ""Jane Doe"", ""company"": ""Global Demo"", ""region"": ""US""}"
WD-REC-01279,Workday,RECRUITING,Requisition,Healthcare,Integration Load -> Validate -> Error Handling -> Reprocess,Mobile,Validate Healthcare Workday Requisition,Workday access is provisioned and Healthcare test data exists,"1. Open Workday Requisition.
2. Execute: Integration Load -> Validate -> Error Handling -> Reprocess.
3. Perform validation and confirm downstream impact.","Integration Load -> Validate -> Error Handling -> Reprocess completes successfully with approvals, validations, and audit trail",High,Data Migration,"{""worker"": ""Jane Doe"", ""company"": ""Global Demo"", ""region"": ""US""}"
WD-REC-01280,Workday,RECRUITING,Requisition,Healthcare,Recruiting -> Hire -> Onboard -> Time -> Payroll,Mobile,Import Healthcare Workday Requisition,Workday access is provisioned and Healthcare test data exists,"1. Open Workday Requisition.
2. Execute: Recruiting -> Hire -> Onboard -> Time -> Payroll.
3. Perform validation and confirm downstream impact.","Recruiting -> Hire -> Onboard -> Time -> Payroll completes successfully with approvals, validations, and audit trail",High,Mobile,"{""worker"": ""Jane Doe"", ""company"": ""Global Demo"", ""region"": ""US""}"
WD-REC-01281,Workday,RECRUITING,Requisition,Healthcare,Budget -> Expense -> Journal -> Dashboard,Security,Reject Healthcare Workday Requisition,Workday access is provisioned and Healthcare test data exists,"1. Open Workday Requisition.
2. Execute: Budget -> Expense -> Journal -> Dashboard.
3. Perform validation and confirm downstream impact.","Budget -> Expense -> Journal -> Dashboard completes successfully with approvals, validations, and audit trail",High,Functional,"{""worker"": ""Jane Doe"", ""company"": ""Global Demo"", ""region"": ""US""}"
WD-REC-01282,Workday,RECRUITING,Requisition,Manufacturing,Requisition -> Offer -> Hire -> Onboard -> Payroll,Mobile,Route Manufacturing Workday Requisition,Workday access is provisioned and Manufacturing test data exists,"1. Open Workday Requisition.
2. Execute: Requisition -> Offer -> Hire -> Onboard -> Payroll.
3. Perform validation and confirm downstream impact.","Requisition -> Offer -> Hire -> Onboard -> Payroll completes successfully with approvals, validations, and audit trail",Medium,Workflow,"{""worker"": ""Jane Doe"", ""company"": ""Global Demo"", ""region"": ""US""}"
WD-REC-01283,Workday,RECRUITING,Requisition,Manufacturing,Employee Life Event -> Benefits -> Payroll -> Reporting,Functional,Approve Manufacturing Workday Requisition,Workday access is provisioned and Manufacturing test data exists,"1. Open Workday Requisition.
2. Execute: Employee Life Event -> Benefits -> Payroll -> Reporting.
3. Perform validation and confirm downstream impact.","Employee Life Event -> Benefits -> Payroll -> Reporting completes successfully with approvals, validations, and audit trail",Low,Data Migration,"{""worker"": ""Jane Doe"", ""company"": ""Global Demo"", ""region"": ""US""}"
WD-REC-01284,Workday,RECRUITING,Requisition,Manufacturing,Expense Submit -> Approval -> Accounting -> Reimbursement,Performance,Route Manufacturing Workday Requisition,Workday access is provisioned and Manufacturing test data exists,"1. Open Workday Requisition.
2. Execute: Expense Submit -> Approval -> Accounting -> Reimbursement.
3. Perform validation and confirm downstream impact.","Expense Submit -> Approval -> Accounting -> Reimbursement completes successfully with approvals, validations, and audit trail",Medium,UI,"{""worker"": ""Jane Doe"", ""company"": ""Global Demo"", ""region"": ""US""}"
WD-REC-01285,Workday,RECRUITING,Requisition,Manufacturing,Supplier Invoice -> Matching -> Approval -> Payment,Functional,Review Manufacturing Workday Requisition,Workday access is provisioned and Manufacturing test data exists,"1. Open Workday Requisition.
2. Execute: Supplier Invoice -> Matching -> Approval -> Payment.
3. Perform validation and confirm downstream impact.","Supplier Invoice -> Matching -> Approval -> Payment completes successfully with approvals, validations, and audit trail",High,Regression,"{""worker"": ""Jane Doe"", ""company"": ""Global Demo"", ""region"": ""US""}"
WD-REC-01286,Workday,RECRUITING,Requisition,Manufacturing,Integration Load -> Validate -> Error Handling -> Reprocess,Mobile,Submit Manufacturing Workday Requisition,Workday access is provisioned and Manufacturing test data exists,"1. Open Workday Requisition.
2. Execute: Integration Load -> Validate -> Error Handling -> Reprocess.
3. Perform validation and confirm downstream impact.","Integration Load -> Validate -> Error Handling -> Reprocess completes successfully with approvals, validations, and audit trail",Medium,Regression,"{""worker"": ""Jane Doe"", ""company"": ""Global Demo"", ""region"": ""US""}"
WD-REC-01287,Workday,RECRUITING,Requisition,Manufacturing,Recruiting -> Hire -> Onboard -> Time -> Payroll,Data Migration,Submit Manufacturing Workday Requisition,Workday access is provisioned and Manufacturing test data exists,"1. Open Workday Requisition.
2. Execute: Recruiting -> Hire -> Onboard -> Time -> Payroll.
3. Perform validation and confirm downstream impact.","Recruiting -> Hire -> Onboard -> Time -> Payroll completes successfully with approvals, validations, and audit trail",High,Mobile,"{""worker"": ""Jane Doe"", ""company"": ""Global Demo"", ""region"": ""US""}"
WD-REC-01288,Workday,RECRUITING,Requisition,Manufacturing,Budget -> Expense -> Journal -> Dashboard,Functional,Import Manufacturing Workday Requisition,Workday access is provisioned and Manufacturing test data exists,"1. Open Workday Requisition.
2. Execute: Budget -> Expense -> Journal -> Dashboard.
3. Perform validation and confirm downstream impact.","Budget -> Expense -> Journal -> Dashboard completes successfully with approvals, validations, and audit trail",Medium,Accessibility,"{""worker"": ""Jane Doe"", ""company"": ""Global Demo"", ""region"": ""US""}"
WD-REC-01289,Workday,RECRUITING,Requisition,Education,Requisition -> Offer -> Hire -> Onboard -> Payroll,Integration,Close Education Workday Requisition,Workday access is provisioned and Education test data exists,"1. Open Workday Requisition.
2. Execute: Requisition -> Offer -> Hire -> Onboard -> Payroll.
3. Perform validation and confirm downstream impact.","Requisition -> Offer -> Hire -> Onboard -> Payroll completes successfully with approvals, validations, and audit trail",Low,UI,"{""worker"": ""Jane Doe"", ""company"": ""Global Demo"", ""region"": ""US""}"
WD-REC-01290,Workday,RECRUITING,Requisition,Education,Employee Life Event -> Benefits -> Payroll -> Reporting,Regression,Create Education Workday Requisition,Workday access is provisioned and Education test data exists,"1. Open Workday Requisition.
2. Execute: Employee Life Event -> Benefits -> Payroll -> Reporting.
3. Perform validation and confirm downstream impact.","Employee Life Event -> Benefits -> Payroll -> Reporting completes successfully with approvals, validations, and audit trail",High,Security,"{""worker"": ""Jane Doe"", ""company"": ""Global Demo"", ""region"": ""US""}"
WD-REC-01291,Workday,RECRUITING,Requisition,Education,Expense Submit -> Approval -> Accounting -> Reimbursement,Workflow,Edit Education Workday Requisition,Workday access is provisioned and Education test data exists,"1. Open Workday Requisition.
2. Execute: Expense Submit -> Approval -> Accounting -> Reimbursement.
3. Perform validation and confirm downstream impact.","Expense Submit -> Approval -> Accounting -> Reimbursement completes successfully with approvals, validations, and audit trail",Low,Performance,"{""worker"": ""Jane Doe"", ""company"": ""Global Demo"", ""region"": ""US""}"
WD-REC-01292,Workday,RECRUITING,Requisition,Education,Supplier Invoice -> Matching -> Approval -> Payment,Functional,Review Education Workday Requisition,Workday access is provisioned and Education test data exists,"1. Open Workday Requisition.
2. Execute: Supplier Invoice -> Matching -> Approval -> Payment.
3. Perform validation and confirm downstream impact.","Supplier Invoice -> Matching -> Approval -> Payment completes successfully with approvals, validations, and audit trail",Low,Performance,"{""worker"": ""Jane Doe"", ""company"": ""Global Demo"", ""region"": ""US""}"
WD-REC-01293,Workday,RECRUITING,Requisition,Education,Integration Load -> Validate -> Error Handling -> Reprocess,Accessibility,Create Education Workday Requisition,Workday access is provisioned and Education test data exists,"1. Open Workday Requisition.
2. Execute: Integration Load -> Validate -> Error Handling -> Reprocess.
3. Perform validation and confirm downstream impact.","Integration Load -> Validate -> Error Handling -> Reprocess completes successfully with approvals, validations, and audit trail",Medium,Performance,"{""worker"": ""Jane Doe"", ""company"": ""Global Demo"", ""region"": ""US""}"
WD-REC-01294,Workday,RECRUITING,Requisition,Education,Recruiting -> Hire -> Onboard -> Time -> Payroll,Mobile,Edit Education Workday Requisition,Workday access is provisioned and Education test data exists,"1. Open Workday Requisition.
2. Execute: Recruiting -> Hire -> Onboard -> Time -> Payroll.
3. Perform validation and confirm downstream impact.","Recruiting -> Hire -> Onboard -> Time -> Payroll completes successfully with approvals, validations, and audit trail",High,Performance,"{""worker"": ""Jane Doe"", ""company"": ""Global Demo"", ""region"": ""US""}"
WD-REC-01295,Workday,RECRUITING,Requisition,Education,Budget -> Expense -> Journal -> Dashboard,Accessibility,Submit Education Workday Requisition,Workday access is provisioned and Education test data exists,"1. Open Workday Requisition.
2. Execute: Budget -> Expense -> Journal -> Dashboard.
3. Perform validation and confirm downstream impact.","Budget -> Expense -> Journal -> Dashboard completes successfully with approvals, validations, and audit trail",High,Data Migration,"{""worker"": ""Jane Doe"", ""company"": ""Global Demo"", ""region"": ""US""}"
WD-REC-01296,Workday,RECRUITING,Requisition,Nonprofit,Requisition -> Offer -> Hire -> Onboard -> Payroll,Regression,Review Nonprofit Workday Requisition,Workday access is provisioned and Nonprofit test data exists,"1. Open Workday Requisition.
2. Execute: Requisition -> Offer -> Hire -> Onboard -> Payroll.
3. Perform validation and confirm downstream impact.","Requisition -> Offer -> Hire -> Onboard -> Payroll completes successfully with approvals, validations, and audit trail",Low,Functional,"{""worker"": ""Jane Doe"", ""company"": ""Global Demo"", ""region"": ""US""}"
WD-REC-01297,Workday,RECRUITING,Requisition,Nonprofit,Employee Life Event -> Benefits -> Payroll -> Reporting,Accessibility,Route Nonprofit Workday Requisition,Workday access is provisioned and Nonprofit test data exists,"1. Open Workday Requisition.
2. Execute: Employee Life Event -> Benefits -> Payroll -> Reporting.
3. Perform validation and confirm downstream impact.","Employee Life Event -> Benefits -> Payroll -> Reporting completes successfully with approvals, validations, and audit trail",Medium,Accessibility,"{""worker"": ""Jane Doe"", ""company"": ""Global Demo"", ""region"": ""US""}"
WD-REC-01298,Workday,RECRUITING,Requisition,Nonprofit,Expense Submit -> Approval -> Accounting -> Reimbursement,Integration,Update Nonprofit Workday Requisition,Workday access is provisioned and Nonprofit test data exists,"1. Open Workday Requisition.
2. Execute: Expense Submit -> Approval -> Accounting -> Reimbursement.
3. Perform validation and confirm downstream impact.","Expense Submit -> Approval -> Accounting -> Reimbursement completes successfully with approvals, validations, and audit trail",Low,Security,"{""worker"": ""Jane Doe"", ""company"": ""Global Demo"", ""region"": ""US""}"
WD-REC-01299,Workday,RECRUITING,Requisition,Nonprofit,Supplier Invoice -> Matching -> Approval -> Payment,Performance,Route Nonprofit Workday Requisition,Workday access is provisioned and Nonprofit test data exists,"1. Open Workday Requisition.
2. Execute: Supplier Invoice -> Matching -> Approval -> Payment.
3. Perform validation and confirm downstream impact.","Supplier Invoice -> Matching -> Approval -> Payment completes successfully with approvals, validations, and audit trail",Low,Workflow,"{""worker"": ""Jane Doe"", ""company"": ""Global Demo"", ""region"": ""US""}"
WD-REC-01300,Workday,RECRUITING,Requisition,Nonprofit,Integration Load -> Validate -> Error Handling -> Reprocess,Accessibility,Close Nonprofit Workday Requisition,Workday access is provisioned and Nonprofit test data exists,"1. Open Workday Requisition.
2. Execute: Integration Load -> Validate -> Error Handling -> Reprocess.
3. Perform validation and confirm downstream impact.","Integration Load -> Validate -> Error Handling -> Reprocess completes successfully with approvals, validations, and audit trail",Medium,Accessibility,"{""worker"": ""Jane Doe"", ""company"": ""Global Demo"", ""region"": ""US""}"
WD-REC-01301,Workday,RECRUITING,Requisition,Nonprofit,Recruiting -> Hire -> Onboard -> Time -> Payroll,Functional,Review Nonprofit Workday Requisition,Workday access is provisioned and Nonprofit test data exists,"1. Open Workday Requisition.
2. Execute: Recruiting -> Hire -> Onboard -> Time -> Payroll.
3. Perform validation and confirm downstream impact.","Recruiting -> Hire -> Onboard -> Time -> Payroll completes successfully with approvals, validations, and audit trail",Low,UI,"{""worker"": ""Jane Doe"", ""company"": ""Global Demo"", ""region"": ""US""}"
WD-REC-01302,Workday,RECRUITING,Requisition,Nonprofit,Budget -> Expense -> Journal -> Dashboard,Mobile,Export Nonprofit Workday Requisition,Workday access is provisioned and Nonprofit test data exists,"1. Open Workday Requisition.
2. Execute: Budget -> Expense -> Journal -> Dashboard.
3. Perform validation and confirm downstream impact.","Budget -> Expense -> Journal -> Dashboard completes successfully with approvals, validations, and audit trail",Medium,Functional,"{""worker"": ""Jane Doe"", ""company"": ""Global Demo"", ""region"": ""US""}"
WD-REC-01303,Workday,RECRUITING,Requisition,Financial Services,Requisition -> Offer -> Hire -> Onboard -> Payroll,Security,Edit Financial Services Workday Requisition,Workday access is provisioned and Financial Services test data exists,"1. Open Workday Requisition.
2. Execute: Requisition -> Offer -> Hire -> Onboard -> Payroll.
3. Perform validation and confirm downstream impact.","Requisition -> Offer -> Hire -> Onboard -> Payroll completes successfully with approvals, validations, and audit trail",Low,Integration,"{""worker"": ""Jane Doe"", ""company"": ""Global Demo"", ""region"": ""US""}"
WD-REC-01304,Workday,RECRUITING,Requisition,Financial Services,Employee Life Event -> Benefits -> Payroll -> Reporting,Performance,Create Financial Services Workday Requisition,Workday access is provisioned and Financial Services test data exists,"1. Open Workday Requisition.
2. Execute: Employee Life Event -> Benefits -> Payroll -> Reporting.
3. Perform validation and confirm downstream impact.","Employee Life Event -> Benefits -> Payroll -> Reporting completes successfully with approvals, validations, and audit trail",Medium,Integration,"{""worker"": ""Jane Doe"", ""company"": ""Global Demo"", ""region"": ""US""}"
WD-REC-01305,Workday,RECRUITING,Requisition,Financial Services,Expense Submit -> Approval -> Accounting -> Reimbursement,UI,Approve Financial Services Workday Requisition,Workday access is provisioned and Financial Services test data exists,"1. Open Workday Requisition.
2. Execute: Expense Submit -> Approval -> Accounting -> Reimbursement.
3. Perform validation and confirm downstream impact.","Expense Submit -> Approval -> Accounting -> Reimbursement completes successfully with approvals, validations, and audit trail",Medium,Workflow,"{""worker"": ""Jane Doe"", ""company"": ""Global Demo"", ""region"": ""US""}"
WD-REC-01306,Workday,RECRUITING,Requisition,Financial Services,Supplier Invoice -> Matching -> Approval -> Payment,Mobile,Route Financial Services Workday Requisition,Workday access is provisioned and Financial Services test data exists,"1. Open Workday Requisition.
2. Execute: Supplier Invoice -> Matching -> Approval -> Payment.
3. Perform validation and confirm downstream impact.","Supplier Invoice -> Matching -> Approval -> Payment completes successfully with approvals, validations, and audit trail",Low,UI,"{""worker"": ""Jane Doe"", ""company"": ""Global Demo"", ""region"": ""US""}"
WD-REC-01307,Workday,RECRUITING,Requisition,Financial Services,Integration Load -> Validate -> Error Handling -> Reprocess,Accessibility,Route Financial Services Workday Requisition,Workday access is provisioned and Financial Services test data exists,"1. Open Workday Requisition.
2. Execute: Integration Load -> Validate -> Error Handling -> Reprocess.
3. Perform validation and confirm downstream impact.","Integration Load -> Validate -> Error Handling -> Reprocess completes successfully with approvals, validations, and audit trail",Medium,Functional,"{""worker"": ""Jane Doe"", ""company"": ""Global Demo"", ""region"": ""US""}"
WD-REC-01308,Workday,RECRUITING,Requisition,Financial Services,Recruiting -> Hire -> Onboard -> Time -> Payroll,Workflow,Close Financial Services Workday Requisition,Workday access is provisioned and Financial Services test data exists,"1. Open Workday Requisition.
2. Execute: Recruiting -> Hire -> Onboard -> Time -> Payroll.
3. Perform validation and confirm downstream impact.","Recruiting -> Hire -> Onboard -> Time -> Payroll completes successfully with approvals, validations, and audit trail",Medium,Functional,"{""worker"": ""Jane Doe"", ""company"": ""Global Demo"", ""region"": ""US""}"
WD-REC-01309,Workday,RECRUITING,Requisition,Financial Services,Budget -> Expense -> Journal -> Dashboard,Integration,Export Financial Services Workday Requisition,Workday access is provisioned and Financial Services test data exists,"1. Open Workday Requisition.
2. Execute: Budget -> Expense -> Journal -> Dashboard.
3. Perform validation and confirm downstream impact.","Budget -> Expense -> Journal -> Dashboard completes successfully with approvals, validations, and audit trail",Medium,UI,"{""worker"": ""Jane Doe"", ""company"": ""Global Demo"", ""region"": ""US""}"
WD-REC-01310,Workday,RECRUITING,Requisition,Technology,Requisition -> Offer -> Hire -> Onboard -> Payroll,Accessibility,Create Technology Workday Requisition,Workday access is provisioned and Technology test data exists,"1. Open Workday Requisition.
2. Execute: Requisition -> Offer -> Hire -> Onboard -> Payroll.
3. Perform validation and confirm downstream impact.","Requisition -> Offer -> Hire -> Onboard -> Payroll completes successfully with approvals, validations, and audit trail",Medium,Workflow,"{""worker"": ""Jane Doe"", ""company"": ""Global Demo"", ""region"": ""US""}"
WD-REC-01311,Workday,RECRUITING,Requisition,Technology,Employee Life Event -> Benefits -> Payroll -> Reporting,Performance,Review Technology Workday Requisition,Workday access is provisioned and Technology test data exists,"1. Open Workday Requisition.
2. Execute: Employee Life Event -> Benefits -> Payroll -> Reporting.
3. Perform validation and confirm downstream impact.","Employee Life Event -> Benefits -> Payroll -> Reporting completes successfully with approvals, validations, and audit trail",High,Security,"{""worker"": ""Jane Doe"", ""company"": ""Global Demo"", ""region"": ""US""}"
WD-REC-01312,Workday,RECRUITING,Requisition,Technology,Expense Submit -> Approval -> Accounting -> Reimbursement,Security,Reject Technology Workday Requisition,Workday access is provisioned and Technology test data exists,"1. Open Workday Requisition.
2. Execute: Expense Submit -> Approval -> Accounting -> Reimbursement.
3. Perform validation and confirm downstream impact.","Expense Submit -> Approval -> Accounting -> Reimbursement completes successfully with approvals, validations, and audit trail",High,Workflow,"{""worker"": ""Jane Doe"", ""company"": ""Global Demo"", ""region"": ""US""}"
WD-REC-01313,Workday,RECRUITING,Requisition,Technology,Supplier Invoice -> Matching -> Approval -> Payment,Mobile,Sync Technology Workday Requisition,Workday access is provisioned and Technology test data exists,"1. Open Workday Requisition.
2. Execute: Supplier Invoice -> Matching -> Approval -> Payment.
3. Perform validation and confirm downstream impact.","Supplier Invoice -> Matching -> Approval -> Payment completes successfully with approvals, validations, and audit trail",Low,Security,"{""worker"": ""Jane Doe"", ""company"": ""Global Demo"", ""region"": ""US""}"
WD-REC-01314,Workday,RECRUITING,Requisition,Technology,Integration Load -> Validate -> Error Handling -> Reprocess,Workflow,Update Technology Workday Requisition,Workday access is provisioned and Technology test data exists,"1. Open Workday Requisition.
2. Execute: Integration Load -> Validate -> Error Handling -> Reprocess.
3. Perform validation and confirm downstream impact.","Integration Load -> Validate -> Error Handling -> Reprocess completes successfully with approvals, validations, and audit trail",High,UI,"{""worker"": ""Jane Doe"", ""company"": ""Global Demo"", ""region"": ""US""}"
WD-REC-01315,Workday,RECRUITING,Requisition,Technology,Recruiting -> Hire -> Onboard -> Time -> Payroll,Functional,Create Technology Workday Requisition,Workday access is provisioned and Technology test data exists,"1. Open Workday Requisition.
2. Execute: Recruiting -> Hire -> Onboard -> Time -> Payroll.
3. Perform validation and confirm downstream impact.","Recruiting -> Hire -> Onboard -> Time -> Payroll completes successfully with approvals, validations, and audit trail",Medium,Data Migration,"{""worker"": ""Jane Doe"", ""company"": ""Global Demo"", ""region"": ""US""}"
WD-REC-01316,Workday,RECRUITING,Requisition,Technology,Budget -> Expense -> Journal -> Dashboard,UI,Validate Technology Workday Requisition,Workday access is provisioned and Technology test data exists,"1. Open Workday Requisition.
2. Execute: Budget -> Expense -> Journal -> Dashboard.
3. Perform validation and confirm downstream impact.","Budget -> Expense -> Journal -> Dashboard completes successfully with approvals, validations, and audit trail",Medium,Workflow,"{""worker"": ""Jane Doe"", ""company"": ""Global Demo"", ""region"": ""US""}"
WD-REC-01317,Workday,RECRUITING,Requisition,Public Sector,Requisition -> Offer -> Hire -> Onboard -> Payroll,Mobile,Close Public Sector Workday Requisition,Workday access is provisioned and Public Sector test data exists,"1. Open Workday Requisition.
2. Execute: Requisition -> Offer -> Hire -> Onboard -> Payroll.
3. Perform validation and confirm downstream impact.","Requisition -> Offer -> Hire -> Onboard -> Payroll completes successfully with approvals, validations, and audit trail",High,Integration,"{""worker"": ""Jane Doe"", ""company"": ""Global Demo"", ""region"": ""US""}"
WD-REC-01318,Workday,RECRUITING,Requisition,Public Sector,Employee Life Event -> Benefits -> Payroll -> Reporting,Functional,Create Public Sector Workday Requisition,Workday access is provisioned and Public Sector test data exists,"1. Open Workday Requisition.
2. Execute: Employee Life Event -> Benefits -> Payroll -> Reporting.
3. Perform validation and confirm downstream impact.","Employee Life Event -> Benefits -> Payroll -> Reporting completes successfully with approvals, validations, and audit trail",High,Functional,"{""worker"": ""Jane Doe"", ""company"": ""Global Demo"", ""region"": ""US""}"
WD-REC-01319,Workday,RECRUITING,Requisition,Public Sector,Expense Submit -> Approval -> Accounting -> Reimbursement,UI,Export Public Sector Workday Requisition,Workday access is provisioned and Public Sector test data exists,"1. Open Workday Requisition.
2. Execute: Expense Submit -> Approval -> Accounting -> Reimbursement.
3. Perform validation and confirm downstream impact.","Expense Submit -> Approval -> Accounting -> Reimbursement completes successfully with approvals, validations, and audit trail",Medium,Mobile,"{""worker"": ""Jane Doe"", ""company"": ""Global Demo"", ""region"": ""US""}"
WD-REC-01320,Workday,RECRUITING,Requisition,Public Sector,Supplier Invoice -> Matching -> Approval -> Payment,Regression,Create Public Sector Workday Requisition,Workday access is provisioned and Public Sector test data exists,"1. Open Workday Requisition.
2. Execute: Supplier Invoice -> Matching -> Approval -> Payment.
3. Perform validation and confirm downstream impact.","Supplier Invoice -> Matching -> Approval -> Payment completes successfully with approvals, validations, and audit trail",High,Functional,"{""worker"": ""Jane Doe"", ""company"": ""Global Demo"", ""region"": ""US""}"
WD-REC-01321,Workday,RECRUITING,Requisition,Public Sector,Integration Load -> Validate -> Error Handling -> Reprocess,Regression,Approve Public Sector Workday Requisition,Workday access is provisioned and Public Sector test data exists,"1. Open Workday Requisition.
2. Execute: Integration Load -> Validate -> Error Handling -> Reprocess.
3. Perform validation and confirm downstream impact.","Integration Load -> Validate -> Error Handling -> Reprocess completes successfully with approvals, validations, and audit trail",Medium,Security,"{""worker"": ""Jane Doe"", ""company"": ""Global Demo"", ""region"": ""US""}"
WD-REC-01322,Workday,RECRUITING,Requisition,Public Sector,Recruiting -> Hire -> Onboard -> Time -> Payroll,Workflow,Create Public Sector Workday Requisition,Workday access is provisioned and Public Sector test data exists,"1. Open Workday Requisition.
2. Execute: Recruiting -> Hire -> Onboard -> Time -> Payroll.
3. Perform validation and confirm downstream impact.","Recruiting -> Hire -> Onboard -> Time -> Payroll completes successfully with approvals, validations, and audit trail",Low,UI,"{""worker"": ""Jane Doe"", ""company"": ""Global Demo"", ""region"": ""US""}"
WD-REC-01323,Workday,RECRUITING,Requisition,Public Sector,Budget -> Expense -> Journal -> Dashboard,UI,Create Public Sector Workday Requisition,Workday access is provisioned and Public Sector test data exists,"1. Open Workday Requisition.
2. Execute: Budget -> Expense -> Journal -> Dashboard.
3. Perform validation and confirm downstream impact.","Budget -> Expense -> Journal -> Dashboard completes successfully with approvals, validations, and audit trail",High,Functional,"{""worker"": ""Jane Doe"", ""company"": ""Global Demo"", ""region"": ""US""}"
WD-REC-01324,Workday,RECRUITING,Requisition,Hospitality,Requisition -> Offer -> Hire -> Onboard -> Payroll,Performance,Create Hospitality Workday Requisition,Workday access is provisioned and Hospitality test data exists,"1. Open Workday Requisition.
2. Execute: Requisition -> Offer -> Hire -> Onboard -> Payroll.
3. Perform validation and confirm downstream impact.","Requisition -> Offer -> Hire -> Onboard -> Payroll completes successfully with approvals, validations, and audit trail",Low,Integration,"{""worker"": ""Jane Doe"", ""company"": ""Global Demo"", ""region"": ""US""}"
WD-REC-01325,Workday,RECRUITING,Requisition,Hospitality,Employee Life Event -> Benefits -> Payroll -> Reporting,Integration,Create Hospitality Workday Requisition,Workday access is provisioned and Hospitality test data exists,"1. Open Workday Requisition.
2. Execute: Employee Life Event -> Benefits -> Payroll -> Reporting.
3. Perform validation and confirm downstream impact.","Employee Life Event -> Benefits -> Payroll -> Reporting completes successfully with approvals, validations, and audit trail",High,UI,"{""worker"": ""Jane Doe"", ""company"": ""Global Demo"", ""region"": ""US""}"
WD-REC-01326,Workday,RECRUITING,Requisition,Hospitality,Expense Submit -> Approval -> Accounting -> Reimbursement,Data Migration,Approve Hospitality Workday Requisition,Workday access is provisioned and Hospitality test data exists,"1. Open Workday Requisition.
2. Execute: Expense Submit -> Approval -> Accounting -> Reimbursement.
3. Perform validation and confirm downstream impact.","Expense Submit -> Approval -> Accounting -> Reimbursement completes successfully with approvals, validations, and audit trail",Low,Integration,"{""worker"": ""Jane Doe"", ""company"": ""Global Demo"", ""region"": ""US""}"
WD-REC-01327,Workday,RECRUITING,Requisition,Hospitality,Supplier Invoice -> Matching -> Approval -> Payment,Integration,Edit Hospitality Workday Requisition,Workday access is provisioned and Hospitality test data exists,"1. Open Workday Requisition.
2. Execute: Supplier Invoice -> Matching -> Approval -> Payment.
3. Perform validation and confirm downstream impact.","Supplier Invoice -> Matching -> Approval -> Payment completes successfully with approvals, validations, and audit trail",Medium,Functional,"{""worker"": ""Jane Doe"", ""company"": ""Global Demo"", ""region"": ""US""}"
WD-REC-01328,Workday,RECRUITING,Requisition,Hospitality,Integration Load -> Validate -> Error Handling -> Reprocess,Data Migration,Import Hospitality Workday Requisition,Workday access is provisioned and Hospitality test data exists,"1. Open Workday Requisition.
2. Execute: Integration Load -> Validate -> Error Handling -> Reprocess.
3. Perform validation and confirm downstream impact.","Integration Load -> Validate -> Error Handling -> Reprocess completes successfully with approvals, validations, and audit trail",Low,Mobile,"{""worker"": ""Jane Doe"", ""company"": ""Global Demo"", ""region"": ""US""}"
WD-REC-01329,Workday,RECRUITING,Requisition,Hospitality,Recruiting -> Hire -> Onboard -> Time -> Payroll,Workflow,Reject Hospitality Workday Requisition,Workday access is provisioned and Hospitality test data exists,"1. Open Workday Requisition.
2. Execute: Recruiting -> Hire -> Onboard -> Time -> Payroll.
3. Perform validation and confirm downstream impact.","Recruiting -> Hire -> Onboard -> Time -> Payroll completes successfully with approvals, validations, and audit trail",Low,Workflow,"{""worker"": ""Jane Doe"", ""company"": ""Global Demo"", ""region"": ""US""}"
WD-REC-01330,Workday,RECRUITING,Requisition,Hospitality,Budget -> Expense -> Journal -> Dashboard,Workflow,Export Hospitality Workday Requisition,Workday access is provisioned and Hospitality test data exists,"1. Open Workday Requisition.
2. Execute: Budget -> Expense -> Journal -> Dashboard.
3. Perform validation and confirm downstream impact.","Budget -> Expense -> Journal -> Dashboard completes successfully with approvals, validations, and audit trail",Medium,Performance,"{""worker"": ""Jane Doe"", ""company"": ""Global Demo"", ""region"": ""US""}"
WD-REC-01331,Workday,RECRUITING,Sourcing,Corporate,Requisition -> Offer -> Hire -> Onboard -> Payroll,Performance,Review Corporate Workday Sourcing,Workday access is provisioned and Corporate test data exists,"1. Open Workday Sourcing.
2. Execute: Requisition -> Offer -> Hire -> Onboard -> Payroll.
3. Perform validation and confirm downstream impact.","Requisition -> Offer -> Hire -> Onboard -> Payroll completes successfully with approvals, validations, and audit trail",High,Integration,"{""worker"": ""Jane Doe"", ""company"": ""Global Demo"", ""region"": ""US""}"
WD-REC-01332,Workday,RECRUITING,Sourcing,Corporate,Employee Life Event -> Benefits -> Payroll -> Reporting,Workflow,Review Corporate Workday Sourcing,Workday access is provisioned and Corporate test data exists,"1. Open Workday Sourcing.
2. Execute: Employee Life Event -> Benefits -> Payroll -> Reporting.
3. Perform validation and confirm downstream impact.","Employee Life Event -> Benefits -> Payroll -> Reporting completes successfully with approvals, validations, and audit trail",High,Performance,"{""worker"": ""Jane Doe"", ""company"": ""Global Demo"", ""region"": ""US""}"
WD-REC-01333,Workday,RECRUITING,Sourcing,Corporate,Expense Submit -> Approval -> Accounting -> Reimbursement,Regression,Update Corporate Workday Sourcing,Workday access is provisioned and Corporate test data exists,"1. Open Workday Sourcing.
2. Execute: Expense Submit -> Approval -> Accounting -> Reimbursement.
3. Perform validation and confirm downstream impact.","Expense Submit -> Approval -> Accounting -> Reimbursement completes successfully with approvals, validations, and audit trail",Medium,UI,"{""worker"": ""Jane Doe"", ""company"": ""Global Demo"", ""region"": ""US""}"
WD-REC-01334,Workday,RECRUITING,Sourcing,Corporate,Supplier Invoice -> Matching -> Approval -> Payment,Functional,Sync Corporate Workday Sourcing,Workday access is provisioned and Corporate test data exists,"1. Open Workday Sourcing.
2. Execute: Supplier Invoice -> Matching -> Approval -> Payment.
3. Perform validation and confirm downstream impact.","Supplier Invoice -> Matching -> Approval -> Payment completes successfully with approvals, validations, and audit trail",Low,Integration,"{""worker"": ""Jane Doe"", ""company"": ""Global Demo"", ""region"": ""US""}"
WD-REC-01335,Workday,RECRUITING,Sourcing,Corporate,Integration Load -> Validate -> Error Handling -> Reprocess,Security,Edit Corporate Workday Sourcing,Workday access is provisioned and Corporate test data exists,"1. Open Workday Sourcing.
2. Execute: Integration Load -> Validate -> Error Handling -> Reprocess.
3. Perform validation and confirm downstream impact.","Integration Load -> Validate -> Error Handling -> Reprocess completes successfully with approvals, validations, and audit trail",Low,UI,"{""worker"": ""Jane Doe"", ""company"": ""Global Demo"", ""region"": ""US""}"
WD-REC-01336,Workday,RECRUITING,Sourcing,Corporate,Recruiting -> Hire -> Onboard -> Time -> Payroll,Performance,Import Corporate Workday Sourcing,Workday access is provisioned and Corporate test data exists,"1. Open Workday Sourcing.
2. Execute: Recruiting -> Hire -> Onboard -> Time -> Payroll.
3. Perform validation and confirm downstream impact.","Recruiting -> Hire -> Onboard -> Time -> Payroll completes successfully with approvals, validations, and audit trail",High,Functional,"{""worker"": ""Jane Doe"", ""company"": ""Global Demo"", ""region"": ""US""}"
WD-REC-01337,Workday,RECRUITING,Sourcing,Corporate,Budget -> Expense -> Journal -> Dashboard,Security,Import Corporate Workday Sourcing,Workday access is provisioned and Corporate test data exists,"1. Open Workday Sourcing.
2. Execute: Budget -> Expense -> Journal -> Dashboard.
3. Perform validation and confirm downstream impact.","Budget -> Expense -> Journal -> Dashboard completes successfully with approvals, validations, and audit trail",High,Performance,"{""worker"": ""Jane Doe"", ""company"": ""Global Demo"", ""region"": ""US""}"
WD-REC-01338,Workday,RECRUITING,Sourcing,Retail,Requisition -> Offer -> Hire -> Onboard -> Payroll,Functional,Validate Retail Workday Sourcing,Workday access is provisioned and Retail test data exists,"1. Open Workday Sourcing.
2. Execute: Requisition -> Offer -> Hire -> Onboard -> Payroll.
3. Perform validation and confirm downstream impact.","Requisition -> Offer -> Hire -> Onboard -> Payroll completes successfully with approvals, validations, and audit trail",High,Accessibility,"{""worker"": ""Jane Doe"", ""company"": ""Global Demo"", ""region"": ""US""}"
WD-REC-01339,Workday,RECRUITING,Sourcing,Retail,Employee Life Event -> Benefits -> Payroll -> Reporting,Workflow,Submit Retail Workday Sourcing,Workday access is provisioned and Retail test data exists,"1. Open Workday Sourcing.
2. Execute: Employee Life Event -> Benefits -> Payroll -> Reporting.
3. Perform validation and confirm downstream impact.","Employee Life Event -> Benefits -> Payroll -> Reporting completes successfully with approvals, validations, and audit trail",Medium,Functional,"{""worker"": ""Jane Doe"", ""company"": ""Global Demo"", ""region"": ""US""}"
WD-REC-01340,Workday,RECRUITING,Sourcing,Retail,Expense Submit -> Approval -> Accounting -> Reimbursement,UI,Validate Retail Workday Sourcing,Workday access is provisioned and Retail test data exists,"1. Open Workday Sourcing.
2. Execute: Expense Submit -> Approval -> Accounting -> Reimbursement.
3. Perform validation and confirm downstream impact.","Expense Submit -> Approval -> Accounting -> Reimbursement completes successfully with approvals, validations, and audit trail",High,Integration,"{""worker"": ""Jane Doe"", ""company"": ""Global Demo"", ""region"": ""US""}"
WD-REC-01341,Workday,RECRUITING,Sourcing,Retail,Supplier Invoice -> Matching -> Approval -> Payment,Integration,Update Retail Workday Sourcing,Workday access is provisioned and Retail test data exists,"1. Open Workday Sourcing.
2. Execute: Supplier Invoice -> Matching -> Approval -> Payment.
3. Perform validation and confirm downstream impact.","Supplier Invoice -> Matching -> Approval -> Payment completes successfully with approvals, validations, and audit trail",Low,UI,"{""worker"": ""Jane Doe"", ""company"": ""Global Demo"", ""region"": ""US""}"
WD-REC-01342,Workday,RECRUITING,Sourcing,Retail,Integration Load -> Validate -> Error Handling -> Reprocess,Workflow,Update Retail Workday Sourcing,Workday access is provisioned and Retail test data exists,"1. Open Workday Sourcing.
2. Execute: Integration Load -> Validate -> Error Handling -> Reprocess.
3. Perform validation and confirm downstream impact.","Integration Load -> Validate -> Error Handling -> Reprocess completes successfully with approvals, validations, and audit trail",High,Security,"{""worker"": ""Jane Doe"", ""company"": ""Global Demo"", ""region"": ""US""}"
WD-REC-01343,Workday,RECRUITING,Sourcing,Retail,Recruiting -> Hire -> Onboard -> Time -> Payroll,Functional,Approve Retail Workday Sourcing,Workday access is provisioned and Retail test data exists,"1. Open Workday Sourcing.
2. Execute: Recruiting -> Hire -> Onboard -> Time -> Payroll.
3. Perform validation and confirm downstream impact.","Recruiting -> Hire -> Onboard -> Time -> Payroll completes successfully with approvals, validations, and audit trail",High,Security,"{""worker"": ""Jane Doe"", ""company"": ""Global Demo"", ""region"": ""US""}"
WD-REC-01344,Workday,RECRUITING,Sourcing,Retail,Budget -> Expense -> Journal -> Dashboard,Integration,Create Retail Workday Sourcing,Workday access is provisioned and Retail test data exists,"1. Open Workday Sourcing.
2. Execute: Budget -> Expense -> Journal -> Dashboard.
3. Perform validation and confirm downstream impact.","Budget -> Expense -> Journal -> Dashboard completes successfully with approvals, validations, and audit trail",Low,Accessibility,"{""worker"": ""Jane Doe"", ""company"": ""Global Demo"", ""region"": ""US""}"
WD-REC-01345,Workday,RECRUITING,Sourcing,Healthcare,Requisition -> Offer -> Hire -> Onboard -> Payroll,Integration,Edit Healthcare Workday Sourcing,Workday access is provisioned and Healthcare test data exists,"1. Open Workday Sourcing.
2. Execute: Requisition -> Offer -> Hire -> Onboard -> Payroll.
3. Perform validation and confirm downstream impact.","Requisition -> Offer -> Hire -> Onboard -> Payroll completes successfully with approvals, validations, and audit trail",Low,Data Migration,"{""worker"": ""Jane Doe"", ""company"": ""Global Demo"", ""region"": ""US""}"
WD-REC-01346,Workday,RECRUITING,Sourcing,Healthcare,Employee Life Event -> Benefits -> Payroll -> Reporting,Workflow,Export Healthcare Workday Sourcing,Workday access is provisioned and Healthcare test data exists,"1. Open Workday Sourcing.
2. Execute: Employee Life Event -> Benefits -> Payroll -> Reporting.
3. Perform validation and confirm downstream impact.","Employee Life Event -> Benefits -> Payroll -> Reporting completes successfully with approvals, validations, and audit trail",Low,Workflow,"{""worker"": ""Jane Doe"", ""company"": ""Global Demo"", ""region"": ""US""}"
WD-REC-01347,Workday,RECRUITING,Sourcing,Healthcare,Expense Submit -> Approval -> Accounting -> Reimbursement,Integration,Review Healthcare Workday Sourcing,Workday access is provisioned and Healthcare test data exists,"1. Open Workday Sourcing.
2. Execute: Expense Submit -> Approval -> Accounting -> Reimbursement.
3. Perform validation and confirm downstream impact.","Expense Submit -> Approval -> Accounting -> Reimbursement completes successfully with approvals, validations, and audit trail",Medium,Performance,"{""worker"": ""Jane Doe"", ""company"": ""Global Demo"", ""region"": ""US""}"
WD-REC-01348,Workday,RECRUITING,Sourcing,Healthcare,Supplier Invoice -> Matching -> Approval -> Payment,Accessibility,Update Healthcare Workday Sourcing,Workday access is provisioned and Healthcare test data exists,"1. Open Workday Sourcing.
2. Execute: Supplier Invoice -> Matching -> Approval -> Payment.
3. Perform validation and confirm downstream impact.","Supplier Invoice -> Matching -> Approval -> Payment completes successfully with approvals, validations, and audit trail",High,Data Migration,"{""worker"": ""Jane Doe"", ""company"": ""Global Demo"", ""region"": ""US""}"
WD-REC-01349,Workday,RECRUITING,Sourcing,Healthcare,Integration Load -> Validate -> Error Handling -> Reprocess,Integration,Edit Healthcare Workday Sourcing,Workday access is provisioned and Healthcare test data exists,"1. Open Workday Sourcing.
2. Execute: Integration Load -> Validate -> Error Handling -> Reprocess.
3. Perform validation and confirm downstream impact.","Integration Load -> Validate -> Error Handling -> Reprocess completes successfully with approvals, validations, and audit trail",Low,Accessibility,"{""worker"": ""Jane Doe"", ""company"": ""Global Demo"", ""region"": ""US""}"
WD-REC-01350,Workday,RECRUITING,Sourcing,Healthcare,Recruiting -> Hire -> Onboard -> Time -> Payroll,Mobile,Export Healthcare Workday Sourcing,Workday access is provisioned and Healthcare test data exists,"1. Open Workday Sourcing.
2. Execute: Recruiting -> Hire -> Onboard -> Time -> Payroll.
3. Perform validation and confirm downstream impact.","Recruiting -> Hire -> Onboard -> Time -> Payroll completes successfully with approvals, validations, and audit trail",High,Mobile,"{""worker"": ""Jane Doe"", ""company"": ""Global Demo"", ""region"": ""US""}"
WD-REC-01351,Workday,RECRUITING,Sourcing,Healthcare,Budget -> Expense -> Journal -> Dashboard,Performance,Reject Healthcare Workday Sourcing,Workday access is provisioned and Healthcare test data exists,"1. Open Workday Sourcing.
2. Execute: Budget -> Expense -> Journal -> Dashboard.
3. Perform validation and confirm downstream impact.","Budget -> Expense -> Journal -> Dashboard completes successfully with approvals, validations, and audit trail",Medium,Regression,"{""worker"": ""Jane Doe"", ""company"": ""Global Demo"", ""region"": ""US""}"
WD-REC-01352,Workday,RECRUITING,Sourcing,Manufacturing,Requisition -> Offer -> Hire -> Onboard -> Payroll,Integration,Submit Manufacturing Workday Sourcing,Workday access is provisioned and Manufacturing test data exists,"1. Open Workday Sourcing.
2. Execute: Requisition -> Offer -> Hire -> Onboard -> Payroll.
3. Perform validation and confirm downstream impact.","Requisition -> Offer -> Hire -> Onboard -> Payroll completes successfully with approvals, validations, and audit trail",Medium,Data Migration,"{""worker"": ""Jane Doe"", ""company"": ""Global Demo"", ""region"": ""US""}"
WD-REC-01353,Workday,RECRUITING,Sourcing,Manufacturing,Employee Life Event -> Benefits -> Payroll -> Reporting,Regression,Close Manufacturing Workday Sourcing,Workday access is provisioned and Manufacturing test data exists,"1. Open Workday Sourcing.
2. Execute: Employee Life Event -> Benefits -> Payroll -> Reporting.
3. Perform validation and confirm downstream impact.","Employee Life Event -> Benefits -> Payroll -> Reporting completes successfully with approvals, validations, and audit trail",High,UI,"{""worker"": ""Jane Doe"", ""company"": ""Global Demo"", ""region"": ""US""}"
WD-REC-01354,Workday,RECRUITING,Sourcing,Manufacturing,Expense Submit -> Approval -> Accounting -> Reimbursement,Data Migration,Route Manufacturing Workday Sourcing,Workday access is provisioned and Manufacturing test data exists,"1. Open Workday Sourcing.
2. Execute: Expense Submit -> Approval -> Accounting -> Reimbursement.
3. Perform validation and confirm downstream impact.","Expense Submit -> Approval -> Accounting -> Reimbursement completes successfully with approvals, validations, and audit trail",Medium,Workflow,"{""worker"": ""Jane Doe"", ""company"": ""Global Demo"", ""region"": ""US""}"
WD-REC-01355,Workday,RECRUITING,Sourcing,Manufacturing,Supplier Invoice -> Matching -> Approval -> Payment,Data Migration,Route Manufacturing Workday Sourcing,Workday access is provisioned and Manufacturing test data exists,"1. Open Workday Sourcing.
2. Execute: Supplier Invoice -> Matching -> Approval -> Payment.
3. Perform validation and confirm downstream impact.","Supplier Invoice -> Matching -> Approval -> Payment completes successfully with approvals, validations, and audit trail",Low,Functional,"{""worker"": ""Jane Doe"", ""company"": ""Global Demo"", ""region"": ""US""}"
WD-REC-01356,Workday,RECRUITING,Sourcing,Manufacturing,Integration Load -> Validate -> Error Handling -> Reprocess,Regression,Update Manufacturing Workday Sourcing,Workday access is provisioned and Manufacturing test data exists,"1. Open Workday Sourcing.
2. Execute: Integration Load -> Validate -> Error Handling -> Reprocess.
3. Perform validation and confirm downstream impact.","Integration Load -> Validate -> Error Handling -> Reprocess completes successfully with approvals, validations, and audit trail",High,Regression,"{""worker"": ""Jane Doe"", ""company"": ""Global Demo"", ""region"": ""US""}"
WD-REC-01357,Workday,RECRUITING,Sourcing,Manufacturing,Recruiting -> Hire -> Onboard -> Time -> Payroll,Regression,Import Manufacturing Workday Sourcing,Workday access is provisioned and Manufacturing test data exists,"1. Open Workday Sourcing.
2. Execute: Recruiting -> Hire -> Onboard -> Time -> Payroll.
3. Perform validation and confirm downstream impact.","Recruiting -> Hire -> Onboard -> Time -> Payroll completes successfully with approvals, validations, and audit trail",Low,Data Migration,"{""worker"": ""Jane Doe"", ""company"": ""Global Demo"", ""region"": ""US""}"
WD-REC-01358,Workday,RECRUITING,Sourcing,Manufacturing,Budget -> Expense -> Journal -> Dashboard,Accessibility,Approve Manufacturing Workday Sourcing,Workday access is provisioned and Manufacturing test data exists,"1. Open Workday Sourcing.
2. Execute: Budget -> Expense -> Journal -> Dashboard.
3. Perform validation and confirm downstream impact.","Budget -> Expense -> Journal -> Dashboard completes successfully with approvals, validations, and audit trail",High,Workflow,"{""worker"": ""Jane Doe"", ""company"": ""Global Demo"", ""region"": ""US""}"
WD-REC-01359,Workday,RECRUITING,Sourcing,Education,Requisition -> Offer -> Hire -> Onboard -> Payroll,Accessibility,Approve Education Workday Sourcing,Workday access is provisioned and Education test data exists,"1. Open Workday Sourcing.
2. Execute: Requisition -> Offer -> Hire -> Onboard -> Payroll.
3. Perform validation and confirm downstream impact.","Requisition -> Offer -> Hire -> Onboard -> Payroll completes successfully with approvals, validations, and audit trail",Medium,Security,"{""worker"": ""Jane Doe"", ""company"": ""Global Demo"", ""region"": ""US""}"
WD-REC-01360,Workday,RECRUITING,Sourcing,Education,Employee Life Event -> Benefits -> Payroll -> Reporting,Integration,Import Education Workday Sourcing,Workday access is provisioned and Education test data exists,"1. Open Workday Sourcing.
2. Execute: Employee Life Event -> Benefits -> Payroll -> Reporting.
3. Perform validation and confirm downstream impact.","Employee Life Event -> Benefits -> Payroll -> Reporting completes successfully with approvals, validations, and audit trail",Low,Workflow,"{""worker"": ""Jane Doe"", ""company"": ""Global Demo"", ""region"": ""US""}"
WD-REC-01361,Workday,RECRUITING,Sourcing,Education,Expense Submit -> Approval -> Accounting -> Reimbursement,UI,Validate Education Workday Sourcing,Workday access is provisioned and Education test data exists,"1. Open Workday Sourcing.
2. Execute: Expense Submit -> Approval -> Accounting -> Reimbursement.
3. Perform validation and confirm downstream impact.","Expense Submit -> Approval -> Accounting -> Reimbursement completes successfully with approvals, validations, and audit trail",High,Data Migration,"{""worker"": ""Jane Doe"", ""company"": ""Global Demo"", ""region"": ""US""}"
WD-REC-01362,Workday,RECRUITING,Sourcing,Education,Supplier Invoice -> Matching -> Approval -> Payment,Mobile,Sync Education Workday Sourcing,Workday access is provisioned and Education test data exists,"1. Open Workday Sourcing.
2. Execute: Supplier Invoice -> Matching -> Approval -> Payment.
3. Perform validation and confirm downstream impact.","Supplier Invoice -> Matching -> Approval -> Payment completes successfully with approvals, validations, and audit trail",Medium,Regression,"{""worker"": ""Jane Doe"", ""company"": ""Global Demo"", ""region"": ""US""}"
WD-REC-01363,Workday,RECRUITING,Sourcing,Education,Integration Load -> Validate -> Error Handling -> Reprocess,Integration,Update Education Workday Sourcing,Workday access is provisioned and Education test data exists,"1. Open Workday Sourcing.
2. Execute: Integration Load -> Validate -> Error Handling -> Reprocess.
3. Perform validation and confirm downstream impact.","Integration Load -> Validate -> Error Handling -> Reprocess completes successfully with approvals, validations, and audit trail",Low,Data Migration,"{""worker"": ""Jane Doe"", ""company"": ""Global Demo"", ""region"": ""US""}"
WD-REC-01364,Workday,RECRUITING,Sourcing,Education,Recruiting -> Hire -> Onboard -> Time -> Payroll,Mobile,Edit Education Workday Sourcing,Workday access is provisioned and Education test data exists,"1. Open Workday Sourcing.
2. Execute: Recruiting -> Hire -> Onboard -> Time -> Payroll.
3. Perform validation and confirm downstream impact.","Recruiting -> Hire -> Onboard -> Time -> Payroll completes successfully with approvals, validations, and audit trail",High,Regression,"{""worker"": ""Jane Doe"", ""company"": ""Global Demo"", ""region"": ""US""}"
WD-REC-01365,Workday,RECRUITING,Sourcing,Education,Budget -> Expense -> Journal -> Dashboard,Mobile,Sync Education Workday Sourcing,Workday access is provisioned and Education test data exists,"1. Open Workday Sourcing.
2. Execute: Budget -> Expense -> Journal -> Dashboard.
3. Perform validation and confirm downstream impact.","Budget -> Expense -> Journal -> Dashboard completes successfully with approvals, validations, and audit trail",Low,Workflow,"{""worker"": ""Jane Doe"", ""company"": ""Global Demo"", ""region"": ""US""}"
WD-REC-01366,Workday,RECRUITING,Sourcing,Nonprofit,Requisition -> Offer -> Hire -> Onboard -> Payroll,Mobile,Close Nonprofit Workday Sourcing,Workday access is provisioned and Nonprofit test data exists,"1. Open Workday Sourcing.
2. Execute: Requisition -> Offer -> Hire -> Onboard -> Payroll.
3. Perform validation and confirm downstream impact.","Requisition -> Offer -> Hire -> Onboard -> Payroll completes successfully with approvals, validations, and audit trail",Low,UI,"{""worker"": ""Jane Doe"", ""company"": ""Global Demo"", ""region"": ""US""}"
WD-REC-01367,Workday,RECRUITING,Sourcing,Nonprofit,Employee Life Event -> Benefits -> Payroll -> Reporting,Data Migration,Import Nonprofit Workday Sourcing,Workday access is provisioned and Nonprofit test data exists,"1. Open Workday Sourcing.
2. Execute: Employee Life Event -> Benefits -> Payroll -> Reporting.
3. Perform validation and confirm downstream impact.","Employee Life Event -> Benefits -> Payroll -> Reporting completes successfully with approvals, validations, and audit trail",Medium,Mobile,"{""worker"": ""Jane Doe"", ""company"": ""Global Demo"", ""region"": ""US""}"
WD-REC-01368,Workday,RECRUITING,Sourcing,Nonprofit,Expense Submit -> Approval -> Accounting -> Reimbursement,Workflow,Create Nonprofit Workday Sourcing,Workday access is provisioned and Nonprofit test data exists,"1. Open Workday Sourcing.
2. Execute: Expense Submit -> Approval -> Accounting -> Reimbursement.
3. Perform validation and confirm downstream impact.","Expense Submit -> Approval -> Accounting -> Reimbursement completes successfully with approvals, validations, and audit trail",High,UI,"{""worker"": ""Jane Doe"", ""company"": ""Global Demo"", ""region"": ""US""}"
WD-REC-01369,Workday,RECRUITING,Sourcing,Nonprofit,Supplier Invoice -> Matching -> Approval -> Payment,Functional,Import Nonprofit Workday Sourcing,Workday access is provisioned and Nonprofit test data exists,"1. Open Workday Sourcing.
2. Execute: Supplier Invoice -> Matching -> Approval -> Payment.
3. Perform validation and confirm downstream impact.","Supplier Invoice -> Matching -> Approval -> Payment completes successfully with approvals, validations, and audit trail",Low,Regression,"{""worker"": ""Jane Doe"", ""company"": ""Global Demo"", ""region"": ""US""}"
WD-REC-01370,Workday,RECRUITING,Sourcing,Nonprofit,Integration Load -> Validate -> Error Handling -> Reprocess,Functional,Approve Nonprofit Workday Sourcing,Workday access is provisioned and Nonprofit test data exists,"1. Open Workday Sourcing.
2. Execute: Integration Load -> Validate -> Error Handling -> Reprocess.
3. Perform validation and confirm downstream impact.","Integration Load -> Validate -> Error Handling -> Reprocess completes successfully with approvals, validations, and audit trail",Low,Data Migration,"{""worker"": ""Jane Doe"", ""company"": ""Global Demo"", ""region"": ""US""}"
WD-REC-01371,Workday,RECRUITING,Sourcing,Nonprofit,Recruiting -> Hire -> Onboard -> Time -> Payroll,Mobile,Approve Nonprofit Workday Sourcing,Workday access is provisioned and Nonprofit test data exists,"1. Open Workday Sourcing.
2. Execute: Recruiting -> Hire -> Onboard -> Time -> Payroll.
3. Perform validation and confirm downstream impact.","Recruiting -> Hire -> Onboard -> Time -> Payroll completes successfully with approvals, validations, and audit trail",Medium,Functional,"{""worker"": ""Jane Doe"", ""company"": ""Global Demo"", ""region"": ""US""}"
WD-REC-01372,Workday,RECRUITING,Sourcing,Nonprofit,Budget -> Expense -> Journal -> Dashboard,Integration,Import Nonprofit Workday Sourcing,Workday access is provisioned and Nonprofit test data exists,"1. Open Workday Sourcing.
2. Execute: Budget -> Expense -> Journal -> Dashboard.
3. Perform validation and confirm downstream impact.","Budget -> Expense -> Journal -> Dashboard completes successfully with approvals, validations, and audit trail",High,Security,"{""worker"": ""Jane Doe"", ""company"": ""Global Demo"", ""region"": ""US""}"
WD-REC-01373,Workday,RECRUITING,Sourcing,Financial Services,Requisition -> Offer -> Hire -> Onboard -> Payroll,Data Migration,Validate Financial Services Workday Sourcing,Workday access is provisioned and Financial Services test data exists,"1. Open Workday Sourcing.
2. Execute: Requisition -> Offer -> Hire -> Onboard -> Payroll.
3. Perform validation and confirm downstream impact.","Requisition -> Offer -> Hire -> Onboard -> Payroll completes successfully with approvals, validations, and audit trail",High,Functional,"{""worker"": ""Jane Doe"", ""company"": ""Global Demo"", ""region"": ""US""}"
WD-REC-01374,Workday,RECRUITING,Sourcing,Financial Services,Employee Life Event -> Benefits -> Payroll -> Reporting,Data Migration,Route Financial Services Workday Sourcing,Workday access is provisioned and Financial Services test data exists,"1. Open Workday Sourcing.
2. Execute: Employee Life Event -> Benefits -> Payroll -> Reporting.
3. Perform validation and confirm downstream impact.","Employee Life Event -> Benefits -> Payroll -> Reporting completes successfully with approvals, validations, and audit trail",Low,Security,"{""worker"": ""Jane Doe"", ""company"": ""Global Demo"", ""region"": ""US""}"
WD-REC-01375,Workday,RECRUITING,Sourcing,Financial Services,Expense Submit -> Approval -> Accounting -> Reimbursement,Functional,Submit Financial Services Workday Sourcing,Workday access is provisioned and Financial Services test data exists,"1. Open Workday Sourcing.
2. Execute: Expense Submit -> Approval -> Accounting -> Reimbursement.
3. Perform validation and confirm downstream impact.","Expense Submit -> Approval -> Accounting -> Reimbursement completes successfully with approvals, validations, and audit trail",Medium,Functional,"{""worker"": ""Jane Doe"", ""company"": ""Global Demo"", ""region"": ""US""}"
WD-REC-01376,Workday,RECRUITING,Sourcing,Financial Services,Supplier Invoice -> Matching -> Approval -> Payment,Integration,Reject Financial Services Workday Sourcing,Workday access is provisioned and Financial Services test data exists,"1. Open Workday Sourcing.
2. Execute: Supplier Invoice -> Matching -> Approval -> Payment.
3. Perform validation and confirm downstream impact.","Supplier Invoice -> Matching -> Approval -> Payment completes successfully with approvals, validations, and audit trail",Low,Regression,"{""worker"": ""Jane Doe"", ""company"": ""Global Demo"", ""region"": ""US""}"
WD-REC-01377,Workday,RECRUITING,Sourcing,Financial Services,Integration Load -> Validate -> Error Handling -> Reprocess,Mobile,Sync Financial Services Workday Sourcing,Workday access is provisioned and Financial Services test data exists,"1. Open Workday Sourcing.
2. Execute: Integration Load -> Validate -> Error Handling -> Reprocess.
3. Perform validation and confirm downstream impact.","Integration Load -> Validate -> Error Handling -> Reprocess completes successfully with approvals, validations, and audit trail",High,UI,"{""worker"": ""Jane Doe"", ""company"": ""Global Demo"", ""region"": ""US""}"
WD-REC-01378,Workday,RECRUITING,Sourcing,Financial Services,Recruiting -> Hire -> Onboard -> Time -> Payroll,Integration,Export Financial Services Workday Sourcing,Workday access is provisioned and Financial Services test data exists,"1. Open Workday Sourcing.
2. Execute: Recruiting -> Hire -> Onboard -> Time -> Payroll.
3. Perform validation and confirm downstream impact.","Recruiting -> Hire -> Onboard -> Time -> Payroll completes successfully with approvals, validations, and audit trail",High,Regression,"{""worker"": ""Jane Doe"", ""company"": ""Global Demo"", ""region"": ""US""}"
WD-REC-01379,Workday,RECRUITING,Sourcing,Financial Services,Budget -> Expense -> Journal -> Dashboard,Regression,Sync Financial Services Workday Sourcing,Workday access is provisioned and Financial Services test data exists,"1. Open Workday Sourcing.
2. Execute: Budget -> Expense -> Journal -> Dashboard.
3. Perform validation and confirm downstream impact.","Budget -> Expense -> Journal -> Dashboard completes successfully with approvals, validations, and audit trail",Low,Integration,"{""worker"": ""Jane Doe"", ""company"": ""Global Demo"", ""region"": ""US""}"
WD-REC-01380,Workday,RECRUITING,Sourcing,Technology,Requisition -> Offer -> Hire -> Onboard -> Payroll,Mobile,Reject Technology Workday Sourcing,Workday access is provisioned and Technology test data exists,"1. Open Workday Sourcing.
2. Execute: Requisition -> Offer -> Hire -> Onboard -> Payroll.
3. Perform validation and confirm downstream impact.","Requisition -> Offer -> Hire -> Onboard -> Payroll completes successfully with approvals, validations, and audit trail",Low,UI,"{""worker"": ""Jane Doe"", ""company"": ""Global Demo"", ""region"": ""US""}"
WD-REC-01381,Workday,RECRUITING,Sourcing,Technology,Employee Life Event -> Benefits -> Payroll -> Reporting,Regression,Route Technology Workday Sourcing,Workday access is provisioned and Technology test data exists,"1. Open Workday Sourcing.
2. Execute: Employee Life Event -> Benefits -> Payroll -> Reporting.
3. Perform validation and confirm downstream impact.","Employee Life Event -> Benefits -> Payroll -> Reporting completes successfully with approvals, validations, and audit trail",Medium,Regression,"{""worker"": ""Jane Doe"", ""company"": ""Global Demo"", ""region"": ""US""}"
WD-REC-01382,Workday,RECRUITING,Sourcing,Technology,Expense Submit -> Approval -> Accounting -> Reimbursement,Security,Edit Technology Workday Sourcing,Workday access is provisioned and Technology test data exists,"1. Open Workday Sourcing.
2. Execute: Expense Submit -> Approval -> Accounting -> Reimbursement.
3. Perform validation and confirm downstream impact.","Expense Submit -> Approval -> Accounting -> Reimbursement completes successfully with approvals, validations, and audit trail",Low,Workflow,"{""worker"": ""Jane Doe"", ""company"": ""Global Demo"", ""region"": ""US""}"
WD-REC-01383,Workday,RECRUITING,Sourcing,Technology,Supplier Invoice -> Matching -> Approval -> Payment,Workflow,Submit Technology Workday Sourcing,Workday access is provisioned and Technology test data exists,"1. Open Workday Sourcing.
2. Execute: Supplier Invoice -> Matching -> Approval -> Payment.
3. Perform validation and confirm downstream impact.","Supplier Invoice -> Matching -> Approval -> Payment completes successfully with approvals, validations, and audit trail",Medium,Functional,"{""worker"": ""Jane Doe"", ""company"": ""Global Demo"", ""region"": ""US""}"
WD-REC-01384,Workday,RECRUITING,Sourcing,Technology,Integration Load -> Validate -> Error Handling -> Reprocess,Regression,Edit Technology Workday Sourcing,Workday access is provisioned and Technology test data exists,"1. Open Workday Sourcing.
2. Execute: Integration Load -> Validate -> Error Handling -> Reprocess.
3. Perform validation and confirm downstream impact.","Integration Load -> Validate -> Error Handling -> Reprocess completes successfully with approvals, validations, and audit trail",Low,UI,"{""worker"": ""Jane Doe"", ""company"": ""Global Demo"", ""region"": ""US""}"
WD-REC-01385,Workday,RECRUITING,Sourcing,Technology,Recruiting -> Hire -> Onboard -> Time -> Payroll,Data Migration,Submit Technology Workday Sourcing,Workday access is provisioned and Technology test data exists,"1. Open Workday Sourcing.
2. Execute: Recruiting -> Hire -> Onboard -> Time -> Payroll.
3. Perform validation and confirm downstream impact.","Recruiting -> Hire -> Onboard -> Time -> Payroll completes successfully with approvals, validations, and audit trail",Medium,Mobile,"{""worker"": ""Jane Doe"", ""company"": ""Global Demo"", ""region"": ""US""}"
WD-REC-01386,Workday,RECRUITING,Sourcing,Technology,Budget -> Expense -> Journal -> Dashboard,Regression,Approve Technology Workday Sourcing,Workday access is provisioned and Technology test data exists,"1. Open Workday Sourcing.
2. Execute: Budget -> Expense -> Journal -> Dashboard.
3. Perform validation and confirm downstream impact.","Budget -> Expense -> Journal -> Dashboard completes successfully with approvals, validations, and audit trail",Medium,UI,"{""worker"": ""Jane Doe"", ""company"": ""Global Demo"", ""region"": ""US""}"
WD-REC-01387,Workday,RECRUITING,Sourcing,Public Sector,Requisition -> Offer -> Hire -> Onboard -> Payroll,Regression,Approve Public Sector Workday Sourcing,Workday access is provisioned and Public Sector test data exists,"1. Open Workday Sourcing.
2. Execute: Requisition -> Offer -> Hire -> Onboard -> Payroll.
3. Perform validation and confirm downstream impact.","Requisition -> Offer -> Hire -> Onboard -> Payroll completes successfully with approvals, validations, and audit trail",Medium,UI,"{""worker"": ""Jane Doe"", ""company"": ""Global Demo"", ""region"": ""US""}"
WD-REC-01388,Workday,RECRUITING,Sourcing,Public Sector,Employee Life Event -> Benefits -> Payroll -> Reporting,Performance,Approve Public Sector Workday Sourcing,Workday access is provisioned and Public Sector test data exists,"1. Open Workday Sourcing.
2. Execute: Employee Life Event -> Benefits -> Payroll -> Reporting.
3. Perform validation and confirm downstream impact.","Employee Life Event -> Benefits -> Payroll -> Reporting completes successfully with approvals, validations, and audit trail",Low,Accessibility,"{""worker"": ""Jane Doe"", ""company"": ""Global Demo"", ""region"": ""US""}"
WD-REC-01389,Workday,RECRUITING,Sourcing,Public Sector,Expense Submit -> Approval -> Accounting -> Reimbursement,Mobile,Review Public Sector Workday Sourcing,Workday access is provisioned and Public Sector test data exists,"1. Open Workday Sourcing.
2. Execute: Expense Submit -> Approval -> Accounting -> Reimbursement.
3. Perform validation and confirm downstream impact.","Expense Submit -> Approval -> Accounting -> Reimbursement completes successfully with approvals, validations, and audit trail",Low,Functional,"{""worker"": ""Jane Doe"", ""company"": ""Global Demo"", ""region"": ""US""}"
WD-REC-01390,Workday,RECRUITING,Sourcing,Public Sector,Supplier Invoice -> Matching -> Approval -> Payment,Regression,Update Public Sector Workday Sourcing,Workday access is provisioned and Public Sector test data exists,"1. Open Workday Sourcing.
2. Execute: Supplier Invoice -> Matching -> Approval -> Payment.
3. Perform validation and confirm downstream impact.","Supplier Invoice -> Matching -> Approval -> Payment completes successfully with approvals, validations, and audit trail",High,Regression,"{""worker"": ""Jane Doe"", ""company"": ""Global Demo"", ""region"": ""US""}"
WD-REC-01391,Workday,RECRUITING,Sourcing,Public Sector,Integration Load -> Validate -> Error Handling -> Reprocess,Workflow,Review Public Sector Workday Sourcing,Workday access is provisioned and Public Sector test data exists,"1. Open Workday Sourcing.
2. Execute: Integration Load -> Validate -> Error Handling -> Reprocess.
3. Perform validation and confirm downstream impact.","Integration Load -> Validate -> Error Handling -> Reprocess completes successfully with approvals, validations, and audit trail",High,Accessibility,"{""worker"": ""Jane Doe"", ""company"": ""Global Demo"", ""region"": ""US""}"
WD-REC-01392,Workday,RECRUITING,Sourcing,Public Sector,Recruiting -> Hire -> Onboard -> Time -> Payroll,Functional,Reject Public Sector Workday Sourcing,Workday access is provisioned and Public Sector test data exists,"1. Open Workday Sourcing.
2. Execute: Recruiting -> Hire -> Onboard -> Time -> Payroll.
3. Perform validation and confirm downstream impact.","Recruiting -> Hire -> Onboard -> Time -> Payroll completes successfully with approvals, validations, and audit trail",High,Data Migration,"{""worker"": ""Jane Doe"", ""company"": ""Global Demo"", ""region"": ""US""}"
WD-REC-01393,Workday,RECRUITING,Sourcing,Public Sector,Budget -> Expense -> Journal -> Dashboard,Functional,Create Public Sector Workday Sourcing,Workday access is provisioned and Public Sector test data exists,"1. Open Workday Sourcing.
2. Execute: Budget -> Expense -> Journal -> Dashboard.
3. Perform validation and confirm downstream impact.","Budget -> Expense -> Journal -> Dashboard completes successfully with approvals, validations, and audit trail",High,Security,"{""worker"": ""Jane Doe"", ""company"": ""Global Demo"", ""region"": ""US""}"
WD-REC-01394,Workday,RECRUITING,Sourcing,Hospitality,Requisition -> Offer -> Hire -> Onboard -> Payroll,Functional,Edit Hospitality Workday Sourcing,Workday access is provisioned and Hospitality test data exists,"1. Open Workday Sourcing.
2. Execute: Requisition -> Offer -> Hire -> Onboard -> Payroll.
3. Perform validation and confirm downstream impact.","Requisition -> Offer -> Hire -> Onboard -> Payroll completes successfully with approvals, validations, and audit trail",High,Security,"{""worker"": ""Jane Doe"", ""company"": ""Global Demo"", ""region"": ""US""}"
WD-REC-01395,Workday,RECRUITING,Sourcing,Hospitality,Employee Life Event -> Benefits -> Payroll -> Reporting,Mobile,Approve Hospitality Workday Sourcing,Workday access is provisioned and Hospitality test data exists,"1. Open Workday Sourcing.
2. Execute: Employee Life Event -> Benefits -> Payroll -> Reporting.
3. Perform validation and confirm downstream impact.","Employee Life Event -> Benefits -> Payroll -> Reporting completes successfully with approvals, validations, and audit trail",High,Security,"{""worker"": ""Jane Doe"", ""company"": ""Global Demo"", ""region"": ""US""}"
WD-REC-01396,Workday,RECRUITING,Sourcing,Hospitality,Expense Submit -> Approval -> Accounting -> Reimbursement,Mobile,Reject Hospitality Workday Sourcing,Workday access is provisioned and Hospitality test data exists,"1. Open Workday Sourcing.
2. Execute: Expense Submit -> Approval -> Accounting -> Reimbursement.
3. Perform validation and confirm downstream impact.","Expense Submit -> Approval -> Accounting -> Reimbursement completes successfully with approvals, validations, and audit trail",Medium,Accessibility,"{""worker"": ""Jane Doe"", ""company"": ""Global Demo"", ""region"": ""US""}"
WD-REC-01397,Workday,RECRUITING,Sourcing,Hospitality,Supplier Invoice -> Matching -> Approval -> Payment,Functional,Validate Hospitality Workday Sourcing,Workday access is provisioned and Hospitality test data exists,"1. Open Workday Sourcing.
2. Execute: Supplier Invoice -> Matching -> Approval -> Payment.
3. Perform validation and confirm downstream impact.","Supplier Invoice -> Matching -> Approval -> Payment completes successfully with approvals, validations, and audit trail",High,Mobile,"{""worker"": ""Jane Doe"", ""company"": ""Global Demo"", ""region"": ""US""}"
WD-REC-01398,Workday,RECRUITING,Sourcing,Hospitality,Integration Load -> Validate -> Error Handling -> Reprocess,Data Migration,Export Hospitality Workday Sourcing,Workday access is provisioned and Hospitality test data exists,"1. Open Workday Sourcing.
2. Execute: Integration Load -> Validate -> Error Handling -> Reprocess.
3. Perform validation and confirm downstream impact.","Integration Load -> Validate -> Error Handling -> Reprocess completes successfully with approvals, validations, and audit trail",High,Performance,"{""worker"": ""Jane Doe"", ""company"": ""Global Demo"", ""region"": ""US""}"
WD-REC-01399,Workday,RECRUITING,Sourcing,Hospitality,Recruiting -> Hire -> Onboard -> Time -> Payroll,Mobile,Edit Hospitality Workday Sourcing,Workday access is provisioned and Hospitality test data exists,"1. Open Workday Sourcing.
2. Execute: Recruiting -> Hire -> Onboard -> Time -> Payroll.
3. Perform validation and confirm downstream impact.","Recruiting -> Hire -> Onboard -> Time -> Payroll completes successfully with approvals, validations, and audit trail",Medium,Workflow,"{""worker"": ""Jane Doe"", ""company"": ""Global Demo"", ""region"": ""US""}"
WD-REC-01400,Workday,RECRUITING,Sourcing,Hospitality,Budget -> Expense -> Journal -> Dashboard,Workflow,Create Hospitality Workday Sourcing,Workday access is provisioned and Hospitality test data exists,"1. Open Workday Sourcing.
2. Execute: Budget -> Expense -> Journal -> Dashboard.
3. Perform validation and confirm downstream impact.","Budget -> Expense -> Journal -> Dashboard completes successfully with approvals, validations, and audit trail",Medium,Accessibility,"{""worker"": ""Jane Doe"", ""company"": ""Global Demo"", ""region"": ""US""}"
WD-REC-01401,Workday,RECRUITING,Interview,Corporate,Requisition -> Offer -> Hire -> Onboard -> Payroll,Mobile,Approve Corporate Workday Interview,Workday access is provisioned and Corporate test data exists,"1. Open Workday Interview.
2. Execute: Requisition -> Offer -> Hire -> Onboard -> Payroll.
3. Perform validation and confirm downstream impact.","Requisition -> Offer -> Hire -> Onboard -> Payroll completes successfully with approvals, validations, and audit trail",Low,Accessibility,"{""worker"": ""Jane Doe"", ""company"": ""Global Demo"", ""region"": ""US""}"
WD-REC-01402,Workday,RECRUITING,Interview,Corporate,Employee Life Event -> Benefits -> Payroll -> Reporting,Integration,Create Corporate Workday Interview,Workday access is provisioned and Corporate test data exists,"1. Open Workday Interview.
2. Execute: Employee Life Event -> Benefits -> Payroll -> Reporting.
3. Perform validation and confirm downstream impact.","Employee Life Event -> Benefits -> Payroll -> Reporting completes successfully with approvals, validations, and audit trail",Medium,Accessibility,"{""worker"": ""Jane Doe"", ""company"": ""Global Demo"", ""region"": ""US""}"
WD-REC-01403,Workday,RECRUITING,Interview,Corporate,Expense Submit -> Approval -> Accounting -> Reimbursement,Performance,Create Corporate Workday Interview,Workday access is provisioned and Corporate test data exists,"1. Open Workday Interview.
2. Execute: Expense Submit -> Approval -> Accounting -> Reimbursement.
3. Perform validation and confirm downstream impact.","Expense Submit -> Approval -> Accounting -> Reimbursement completes successfully with approvals, validations, and audit trail",Medium,UI,"{""worker"": ""Jane Doe"", ""company"": ""Global Demo"", ""region"": ""US""}"
WD-REC-01404,Workday,RECRUITING,Interview,Corporate,Supplier Invoice -> Matching -> Approval -> Payment,Data Migration,Sync Corporate Workday Interview,Workday access is provisioned and Corporate test data exists,"1. Open Workday Interview.
2. Execute: Supplier Invoice -> Matching -> Approval -> Payment.
3. Perform validation and confirm downstream impact.","Supplier Invoice -> Matching -> Approval -> Payment completes successfully with approvals, validations, and audit trail",High,Mobile,"{""worker"": ""Jane Doe"", ""company"": ""Global Demo"", ""region"": ""US""}"
WD-REC-01405,Workday,RECRUITING,Interview,Corporate,Integration Load -> Validate -> Error Handling -> Reprocess,Workflow,Submit Corporate Workday Interview,Workday access is provisioned and Corporate test data exists,"1. Open Workday Interview.
2. Execute: Integration Load -> Validate -> Error Handling -> Reprocess.
3. Perform validation and confirm downstream impact.","Integration Load -> Validate -> Error Handling -> Reprocess completes successfully with approvals, validations, and audit trail",Low,Functional,"{""worker"": ""Jane Doe"", ""company"": ""Global Demo"", ""region"": ""US""}"
WD-REC-01406,Workday,RECRUITING,Interview,Corporate,Recruiting -> Hire -> Onboard -> Time -> Payroll,Security,Export Corporate Workday Interview,Workday access is provisioned and Corporate test data exists,"1. Open Workday Interview.
2. Execute: Recruiting -> Hire -> Onboard -> Time -> Payroll.
3. Perform validation and confirm downstream impact.","Recruiting -> Hire -> Onboard -> Time -> Payroll completes successfully with approvals, validations, and audit trail",Medium,Security,"{""worker"": ""Jane Doe"", ""company"": ""Global Demo"", ""region"": ""US""}"
WD-REC-01407,Workday,RECRUITING,Interview,Corporate,Budget -> Expense -> Journal -> Dashboard,Performance,Validate Corporate Workday Interview,Workday access is provisioned and Corporate test data exists,"1. Open Workday Interview.
2. Execute: Budget -> Expense -> Journal -> Dashboard.
3. Perform validation and confirm downstream impact.","Budget -> Expense -> Journal -> Dashboard completes successfully with approvals, validations, and audit trail",High,Security,"{""worker"": ""Jane Doe"", ""company"": ""Global Demo"", ""region"": ""US""}"
WD-REC-01408,Workday,RECRUITING,Interview,Retail,Requisition -> Offer -> Hire -> Onboard -> Payroll,Integration,Update Retail Workday Interview,Workday access is provisioned and Retail test data exists,"1. Open Workday Interview.
2. Execute: Requisition -> Offer -> Hire -> Onboard -> Payroll.
3. Perform validation and confirm downstream impact.","Requisition -> Offer -> Hire -> Onboard -> Payroll completes successfully with approvals, validations, and audit trail",Low,Data Migration,"{""worker"": ""Jane Doe"", ""company"": ""Global Demo"", ""region"": ""US""}"
WD-REC-01409,Workday,RECRUITING,Interview,Retail,Employee Life Event -> Benefits -> Payroll -> Reporting,Accessibility,Approve Retail Workday Interview,Workday access is provisioned and Retail test data exists,"1. Open Workday Interview.
2. Execute: Employee Life Event -> Benefits -> Payroll -> Reporting.
3. Perform validation and confirm downstream impact.","Employee Life Event -> Benefits -> Payroll -> Reporting completes successfully with approvals, validations, and audit trail",Medium,Regression,"{""worker"": ""Jane Doe"", ""company"": ""Global Demo"", ""region"": ""US""}"
WD-REC-01410,Workday,RECRUITING,Interview,Retail,Expense Submit -> Approval -> Accounting -> Reimbursement,Security,Edit Retail Workday Interview,Workday access is provisioned and Retail test data exists,"1. Open Workday Interview.
2. Execute: Expense Submit -> Approval -> Accounting -> Reimbursement.
3. Perform validation and confirm downstream impact.","Expense Submit -> Approval -> Accounting -> Reimbursement completes successfully with approvals, validations, and audit trail",Medium,Regression,"{""worker"": ""Jane Doe"", ""company"": ""Global Demo"", ""region"": ""US""}"
WD-REC-01411,Workday,RECRUITING,Interview,Retail,Supplier Invoice -> Matching -> Approval -> Payment,Security,Approve Retail Workday Interview,Workday access is provisioned and Retail test data exists,"1. Open Workday Interview.
2. Execute: Supplier Invoice -> Matching -> Approval -> Payment.
3. Perform validation and confirm downstream impact.","Supplier Invoice -> Matching -> Approval -> Payment completes successfully with approvals, validations, and audit trail",High,UI,"{""worker"": ""Jane Doe"", ""company"": ""Global Demo"", ""region"": ""US""}"
WD-REC-01412,Workday,RECRUITING,Interview,Retail,Integration Load -> Validate -> Error Handling -> Reprocess,Functional,Reject Retail Workday Interview,Workday access is provisioned and Retail test data exists,"1. Open Workday Interview.
2. Execute: Integration Load -> Validate -> Error Handling -> Reprocess.
3. Perform validation and confirm downstream impact.","Integration Load -> Validate -> Error Handling -> Reprocess completes successfully with approvals, validations, and audit trail",Low,Functional,"{""worker"": ""Jane Doe"", ""company"": ""Global Demo"", ""region"": ""US""}"
WD-REC-01413,Workday,RECRUITING,Interview,Retail,Recruiting -> Hire -> Onboard -> Time -> Payroll,Functional,Export Retail Workday Interview,Workday access is provisioned and Retail test data exists,"1. Open Workday Interview.
2. Execute: Recruiting -> Hire -> Onboard -> Time -> Payroll.
3. Perform validation and confirm downstream impact.","Recruiting -> Hire -> Onboard -> Time -> Payroll completes successfully with approvals, validations, and audit trail",Medium,Performance,"{""worker"": ""Jane Doe"", ""company"": ""Global Demo"", ""region"": ""US""}"
WD-REC-01414,Workday,RECRUITING,Interview,Retail,Budget -> Expense -> Journal -> Dashboard,UI,Create Retail Workday Interview,Workday access is provisioned and Retail test data exists,"1. Open Workday Interview.
2. Execute: Budget -> Expense -> Journal -> Dashboard.
3. Perform validation and confirm downstream impact.","Budget -> Expense -> Journal -> Dashboard completes successfully with approvals, validations, and audit trail",Low,Workflow,"{""worker"": ""Jane Doe"", ""company"": ""Global Demo"", ""region"": ""US""}"
WD-REC-01415,Workday,RECRUITING,Interview,Healthcare,Requisition -> Offer -> Hire -> Onboard -> Payroll,Data Migration,Submit Healthcare Workday Interview,Workday access is provisioned and Healthcare test data exists,"1. Open Workday Interview.
2. Execute: Requisition -> Offer -> Hire -> Onboard -> Payroll.
3. Perform validation and confirm downstream impact.","Requisition -> Offer -> Hire -> Onboard -> Payroll completes successfully with approvals, validations, and audit trail",Medium,Regression,"{""worker"": ""Jane Doe"", ""company"": ""Global Demo"", ""region"": ""US""}"
WD-REC-01416,Workday,RECRUITING,Interview,Healthcare,Employee Life Event -> Benefits -> Payroll -> Reporting,Security,Route Healthcare Workday Interview,Workday access is provisioned and Healthcare test data exists,"1. Open Workday Interview.
2. Execute: Employee Life Event -> Benefits -> Payroll -> Reporting.
3. Perform validation and confirm downstream impact.","Employee Life Event -> Benefits -> Payroll -> Reporting completes successfully with approvals, validations, and audit trail",Low,Functional,"{""worker"": ""Jane Doe"", ""company"": ""Global Demo"", ""region"": ""US""}"
WD-REC-01417,Workday,RECRUITING,Interview,Healthcare,Expense Submit -> Approval -> Accounting -> Reimbursement,UI,Update Healthcare Workday Interview,Workday access is provisioned and Healthcare test data exists,"1. Open Workday Interview.
2. Execute: Expense Submit -> Approval -> Accounting -> Reimbursement.
3. Perform validation and confirm downstream impact.","Expense Submit -> Approval -> Accounting -> Reimbursement completes successfully with approvals, validations, and audit trail",Medium,Data Migration,"{""worker"": ""Jane Doe"", ""company"": ""Global Demo"", ""region"": ""US""}"
WD-REC-01418,Workday,RECRUITING,Interview,Healthcare,Supplier Invoice -> Matching -> Approval -> Payment,Integration,Edit Healthcare Workday Interview,Workday access is provisioned and Healthcare test data exists,"1. Open Workday Interview.
2. Execute: Supplier Invoice -> Matching -> Approval -> Payment.
3. Perform validation and confirm downstream impact.","Supplier Invoice -> Matching -> Approval -> Payment completes successfully with approvals, validations, and audit trail",High,Regression,"{""worker"": ""Jane Doe"", ""company"": ""Global Demo"", ""region"": ""US""}"
WD-REC-01419,Workday,RECRUITING,Interview,Healthcare,Integration Load -> Validate -> Error Handling -> Reprocess,Integration,Close Healthcare Workday Interview,Workday access is provisioned and Healthcare test data exists,"1. Open Workday Interview.
2. Execute: Integration Load -> Validate -> Error Handling -> Reprocess.
3. Perform validation and confirm downstream impact.","Integration Load -> Validate -> Error Handling -> Reprocess completes successfully with approvals, validations, and audit trail",High,Integration,"{""worker"": ""Jane Doe"", ""company"": ""Global Demo"", ""region"": ""US""}"
WD-REC-01420,Workday,RECRUITING,Interview,Healthcare,Recruiting -> Hire -> Onboard -> Time -> Payroll,Workflow,Close Healthcare Workday Interview,Workday access is provisioned and Healthcare test data exists,"1. Open Workday Interview.
2. Execute: Recruiting -> Hire -> Onboard -> Time -> Payroll.
3. Perform validation and confirm downstream impact.","Recruiting -> Hire -> Onboard -> Time -> Payroll completes successfully with approvals, validations, and audit trail",Low,UI,"{""worker"": ""Jane Doe"", ""company"": ""Global Demo"", ""region"": ""US""}"
WD-REC-01421,Workday,RECRUITING,Interview,Healthcare,Budget -> Expense -> Journal -> Dashboard,Regression,Reject Healthcare Workday Interview,Workday access is provisioned and Healthcare test data exists,"1. Open Workday Interview.
2. Execute: Budget -> Expense -> Journal -> Dashboard.
3. Perform validation and confirm downstream impact.","Budget -> Expense -> Journal -> Dashboard completes successfully with approvals, validations, and audit trail",Low,Integration,"{""worker"": ""Jane Doe"", ""company"": ""Global Demo"", ""region"": ""US""}"
WD-REC-01422,Workday,RECRUITING,Interview,Manufacturing,Requisition -> Offer -> Hire -> Onboard -> Payroll,Integration,Validate Manufacturing Workday Interview,Workday access is provisioned and Manufacturing test data exists,"1. Open Workday Interview.
2. Execute: Requisition -> Offer -> Hire -> Onboard -> Payroll.
3. Perform validation and confirm downstream impact.","Requisition -> Offer -> Hire -> Onboard -> Payroll completes successfully with approvals, validations, and audit trail",Medium,Performance,"{""worker"": ""Jane Doe"", ""company"": ""Global Demo"", ""region"": ""US""}"
WD-REC-01423,Workday,RECRUITING,Interview,Manufacturing,Employee Life Event -> Benefits -> Payroll -> Reporting,Workflow,Close Manufacturing Workday Interview,Workday access is provisioned and Manufacturing test data exists,"1. Open Workday Interview.
2. Execute: Employee Life Event -> Benefits -> Payroll -> Reporting.
3. Perform validation and confirm downstream impact.","Employee Life Event -> Benefits -> Payroll -> Reporting completes successfully with approvals, validations, and audit trail",High,Security,"{""worker"": ""Jane Doe"", ""company"": ""Global Demo"", ""region"": ""US""}"
WD-REC-01424,Workday,RECRUITING,Interview,Manufacturing,Expense Submit -> Approval -> Accounting -> Reimbursement,Data Migration,Validate Manufacturing Workday Interview,Workday access is provisioned and Manufacturing test data exists,"1. Open Workday Interview.
2. Execute: Expense Submit -> Approval -> Accounting -> Reimbursement.
3. Perform validation and confirm downstream impact.","Expense Submit -> Approval -> Accounting -> Reimbursement completes successfully with approvals, validations, and audit trail",Low,Security,"{""worker"": ""Jane Doe"", ""company"": ""Global Demo"", ""region"": ""US""}"
WD-REC-01425,Workday,RECRUITING,Interview,Manufacturing,Supplier Invoice -> Matching -> Approval -> Payment,Data Migration,Route Manufacturing Workday Interview,Workday access is provisioned and Manufacturing test data exists,"1. Open Workday Interview.
2. Execute: Supplier Invoice -> Matching -> Approval -> Payment.
3. Perform validation and confirm downstream impact.","Supplier Invoice -> Matching -> Approval -> Payment completes successfully with approvals, validations, and audit trail",Low,Accessibility,"{""worker"": ""Jane Doe"", ""company"": ""Global Demo"", ""region"": ""US""}"
WD-REC-01426,Workday,RECRUITING,Interview,Manufacturing,Integration Load -> Validate -> Error Handling -> Reprocess,Regression,Validate Manufacturing Workday Interview,Workday access is provisioned and Manufacturing test data exists,"1. Open Workday Interview.
2. Execute: Integration Load -> Validate -> Error Handling -> Reprocess.
3. Perform validation and confirm downstream impact.","Integration Load -> Validate -> Error Handling -> Reprocess completes successfully with approvals, validations, and audit trail",Medium,Mobile,"{""worker"": ""Jane Doe"", ""company"": ""Global Demo"", ""region"": ""US""}"
WD-REC-01427,Workday,RECRUITING,Interview,Manufacturing,Recruiting -> Hire -> Onboard -> Time -> Payroll,Workflow,Close Manufacturing Workday Interview,Workday access is provisioned and Manufacturing test data exists,"1. Open Workday Interview.
2. Execute: Recruiting -> Hire -> Onboard -> Time -> Payroll.
3. Perform validation and confirm downstream impact.","Recruiting -> Hire -> Onboard -> Time -> Payroll completes successfully with approvals, validations, and audit trail",High,Integration,"{""worker"": ""Jane Doe"", ""company"": ""Global Demo"", ""region"": ""US""}"
WD-REC-01428,Workday,RECRUITING,Interview,Manufacturing,Budget -> Expense -> Journal -> Dashboard,Data Migration,Edit Manufacturing Workday Interview,Workday access is provisioned and Manufacturing test data exists,"1. Open Workday Interview.
2. Execute: Budget -> Expense -> Journal -> Dashboard.
3. Perform validation and confirm downstream impact.","Budget -> Expense -> Journal -> Dashboard completes successfully with approvals, validations, and audit trail",Medium,Workflow,"{""worker"": ""Jane Doe"", ""company"": ""Global Demo"", ""region"": ""US""}"
WD-REC-01429,Workday,RECRUITING,Interview,Education,Requisition -> Offer -> Hire -> Onboard -> Payroll,Functional,Review Education Workday Interview,Workday access is provisioned and Education test data exists,"1. Open Workday Interview.
2. Execute: Requisition -> Offer -> Hire -> Onboard -> Payroll.
3. Perform validation and confirm downstream impact.","Requisition -> Offer -> Hire -> Onboard -> Payroll completes successfully with approvals, validations, and audit trail",High,Mobile,"{""worker"": ""Jane Doe"", ""company"": ""Global Demo"", ""region"": ""US""}"
WD-REC-01430,Workday,RECRUITING,Interview,Education,Employee Life Event -> Benefits -> Payroll -> Reporting,Data Migration,Export Education Workday Interview,Workday access is provisioned and Education test data exists,"1. Open Workday Interview.
2. Execute: Employee Life Event -> Benefits -> Payroll -> Reporting.
3. Perform validation and confirm downstream impact.","Employee Life Event -> Benefits -> Payroll -> Reporting completes successfully with approvals, validations, and audit trail",High,Data Migration,"{""worker"": ""Jane Doe"", ""company"": ""Global Demo"", ""region"": ""US""}"
WD-REC-01431,Workday,RECRUITING,Interview,Education,Expense Submit -> Approval -> Accounting -> Reimbursement,UI,Review Education Workday Interview,Workday access is provisioned and Education test data exists,"1. Open Workday Interview.
2. Execute: Expense Submit -> Approval -> Accounting -> Reimbursement.
3. Perform validation and confirm downstream impact.","Expense Submit -> Approval -> Accounting -> Reimbursement completes successfully with approvals, validations, and audit trail",High,Functional,"{""worker"": ""Jane Doe"", ""company"": ""Global Demo"", ""region"": ""US""}"
WD-REC-01432,Workday,RECRUITING,Interview,Education,Supplier Invoice -> Matching -> Approval -> Payment,UI,Review Education Workday Interview,Workday access is provisioned and Education test data exists,"1. Open Workday Interview.
2. Execute: Supplier Invoice -> Matching -> Approval -> Payment.
3. Perform validation and confirm downstream impact.","Supplier Invoice -> Matching -> Approval -> Payment completes successfully with approvals, validations, and audit trail",Medium,Functional,"{""worker"": ""Jane Doe"", ""company"": ""Global Demo"", ""region"": ""US""}"
WD-REC-01433,Workday,RECRUITING,Interview,Education,Integration Load -> Validate -> Error Handling -> Reprocess,Data Migration,Create Education Workday Interview,Workday access is provisioned and Education test data exists,"1. Open Workday Interview.
2. Execute: Integration Load -> Validate -> Error Handling -> Reprocess.
3. Perform validation and confirm downstream impact.","Integration Load -> Validate -> Error Handling -> Reprocess completes successfully with approvals, validations, and audit trail",Low,Accessibility,"{""worker"": ""Jane Doe"", ""company"": ""Global Demo"", ""region"": ""US""}"
WD-REC-01434,Workday,RECRUITING,Interview,Education,Recruiting -> Hire -> Onboard -> Time -> Payroll,Performance,Submit Education Workday Interview,Workday access is provisioned and Education test data exists,"1. Open Workday Interview.
2. Execute: Recruiting -> Hire -> Onboard -> Time -> Payroll.
3. Perform validation and confirm downstream impact.","Recruiting -> Hire -> Onboard -> Time -> Payroll completes successfully with approvals, validations, and audit trail",Low,Performance,"{""worker"": ""Jane Doe"", ""company"": ""Global Demo"", ""region"": ""US""}"
WD-REC-01435,Workday,RECRUITING,Interview,Education,Budget -> Expense -> Journal -> Dashboard,Accessibility,Edit Education Workday Interview,Workday access is provisioned and Education test data exists,"1. Open Workday Interview.
2. Execute: Budget -> Expense -> Journal -> Dashboard.
3. Perform validation and confirm downstream impact.","Budget -> Expense -> Journal -> Dashboard completes successfully with approvals, validations, and audit trail",High,Functional,"{""worker"": ""Jane Doe"", ""company"": ""Global Demo"", ""region"": ""US""}"
WD-REC-01436,Workday,RECRUITING,Interview,Nonprofit,Requisition -> Offer -> Hire -> Onboard -> Payroll,Data Migration,Approve Nonprofit Workday Interview,Workday access is provisioned and Nonprofit test data exists,"1. Open Workday Interview.
2. Execute: Requisition -> Offer -> Hire -> Onboard -> Payroll.
3. Perform validation and confirm downstream impact.","Requisition -> Offer -> Hire -> Onboard -> Payroll completes successfully with approvals, validations, and audit trail",Low,Integration,"{""worker"": ""Jane Doe"", ""company"": ""Global Demo"", ""region"": ""US""}"
WD-REC-01437,Workday,RECRUITING,Interview,Nonprofit,Employee Life Event -> Benefits -> Payroll -> Reporting,Mobile,Import Nonprofit Workday Interview,Workday access is provisioned and Nonprofit test data exists,"1. Open Workday Interview.
2. Execute: Employee Life Event -> Benefits -> Payroll -> Reporting.
3. Perform validation and confirm downstream impact.","Employee Life Event -> Benefits -> Payroll -> Reporting completes successfully with approvals, validations, and audit trail",High,UI,"{""worker"": ""Jane Doe"", ""company"": ""Global Demo"", ""region"": ""US""}"
WD-REC-01438,Workday,RECRUITING,Interview,Nonprofit,Expense Submit -> Approval -> Accounting -> Reimbursement,Performance,Validate Nonprofit Workday Interview,Workday access is provisioned and Nonprofit test data exists,"1. Open Workday Interview.
2. Execute: Expense Submit -> Approval -> Accounting -> Reimbursement.
3. Perform validation and confirm downstream impact.","Expense Submit -> Approval -> Accounting -> Reimbursement completes successfully with approvals, validations, and audit trail",High,Accessibility,"{""worker"": ""Jane Doe"", ""company"": ""Global Demo"", ""region"": ""US""}"
WD-REC-01439,Workday,RECRUITING,Interview,Nonprofit,Supplier Invoice -> Matching -> Approval -> Payment,Workflow,Export Nonprofit Workday Interview,Workday access is provisioned and Nonprofit test data exists,"1. Open Workday Interview.
2. Execute: Supplier Invoice -> Matching -> Approval -> Payment.
3. Perform validation and confirm downstream impact.","Supplier Invoice -> Matching -> Approval -> Payment completes successfully with approvals, validations, and audit trail",Low,Integration,"{""worker"": ""Jane Doe"", ""company"": ""Global Demo"", ""region"": ""US""}"
WD-REC-01440,Workday,RECRUITING,Interview,Nonprofit,Integration Load -> Validate -> Error Handling -> Reprocess,Workflow,Import Nonprofit Workday Interview,Workday access is provisioned and Nonprofit test data exists,"1. Open Workday Interview.
2. Execute: Integration Load -> Validate -> Error Handling -> Reprocess.
3. Perform validation and confirm downstream impact.","Integration Load -> Validate -> Error Handling -> Reprocess completes successfully with approvals, validations, and audit trail",Medium,Performance,"{""worker"": ""Jane Doe"", ""company"": ""Global Demo"", ""region"": ""US""}"
WD-REC-01441,Workday,RECRUITING,Interview,Nonprofit,Recruiting -> Hire -> Onboard -> Time -> Payroll,Data Migration,Edit Nonprofit Workday Interview,Workday access is provisioned and Nonprofit test data exists,"1. Open Workday Interview.
2. Execute: Recruiting -> Hire -> Onboard -> Time -> Payroll.
3. Perform validation and confirm downstream impact.","Recruiting -> Hire -> Onboard -> Time -> Payroll completes successfully with approvals, validations, and audit trail",Medium,Regression,"{""worker"": ""Jane Doe"", ""company"": ""Global Demo"", ""region"": ""US""}"
WD-REC-01442,Workday,RECRUITING,Interview,Nonprofit,Budget -> Expense -> Journal -> Dashboard,Mobile,Export Nonprofit Workday Interview,Workday access is provisioned and Nonprofit test data exists,"1. Open Workday Interview.
2. Execute: Budget -> Expense -> Journal -> Dashboard.
3. Perform validation and confirm downstream impact.","Budget -> Expense -> Journal -> Dashboard completes successfully with approvals, validations, and audit trail",Medium,UI,"{""worker"": ""Jane Doe"", ""company"": ""Global Demo"", ""region"": ""US""}"
WD-REC-01443,Workday,RECRUITING,Interview,Financial Services,Requisition -> Offer -> Hire -> Onboard -> Payroll,UI,Create Financial Services Workday Interview,Workday access is provisioned and Financial Services test data exists,"1. Open Workday Interview.
2. Execute: Requisition -> Offer -> Hire -> Onboard -> Payroll.
3. Perform validation and confirm downstream impact.","Requisition -> Offer -> Hire -> Onboard -> Payroll completes successfully with approvals, validations, and audit trail",Low,UI,"{""worker"": ""Jane Doe"", ""company"": ""Global Demo"", ""region"": ""US""}"
WD-REC-01444,Workday,RECRUITING,Interview,Financial Services,Employee Life Event -> Benefits -> Payroll -> Reporting,Regression,Export Financial Services Workday Interview,Workday access is provisioned and Financial Services test data exists,"1. Open Workday Interview.
2. Execute: Employee Life Event -> Benefits -> Payroll -> Reporting.
3. Perform validation and confirm downstream impact.","Employee Life Event -> Benefits -> Payroll -> Reporting completes successfully with approvals, validations, and audit trail",High,Security,"{""worker"": ""Jane Doe"", ""company"": ""Global Demo"", ""region"": ""US""}"
WD-REC-01445,Workday,RECRUITING,Interview,Financial Services,Expense Submit -> Approval -> Accounting -> Reimbursement,Performance,Route Financial Services Workday Interview,Workday access is provisioned and Financial Services test data exists,"1. Open Workday Interview.
2. Execute: Expense Submit -> Approval -> Accounting -> Reimbursement.
3. Perform validation and confirm downstream impact.","Expense Submit -> Approval -> Accounting -> Reimbursement completes successfully with approvals, validations, and audit trail",Medium,Integration,"{""worker"": ""Jane Doe"", ""company"": ""Global Demo"", ""region"": ""US""}"
WD-REC-01446,Workday,RECRUITING,Interview,Financial Services,Supplier Invoice -> Matching -> Approval -> Payment,Mobile,Review Financial Services Workday Interview,Workday access is provisioned and Financial Services test data exists,"1. Open Workday Interview.
2. Execute: Supplier Invoice -> Matching -> Approval -> Payment.
3. Perform validation and confirm downstream impact.","Supplier Invoice -> Matching -> Approval -> Payment completes successfully with approvals, validations, and audit trail",Low,Integration,"{""worker"": ""Jane Doe"", ""company"": ""Global Demo"", ""region"": ""US""}"
WD-REC-01447,Workday,RECRUITING,Interview,Financial Services,Integration Load -> Validate -> Error Handling -> Reprocess,Mobile,Route Financial Services Workday Interview,Workday access is provisioned and Financial Services test data exists,"1. Open Workday Interview.
2. Execute: Integration Load -> Validate -> Error Handling -> Reprocess.
3. Perform validation and confirm downstream impact.","Integration Load -> Validate -> Error Handling -> Reprocess completes successfully with approvals, validations, and audit trail",Medium,Functional,"{""worker"": ""Jane Doe"", ""company"": ""Global Demo"", ""region"": ""US""}"
WD-REC-01448,Workday,RECRUITING,Interview,Financial Services,Recruiting -> Hire -> Onboard -> Time -> Payroll,Performance,Create Financial Services Workday Interview,Workday access is provisioned and Financial Services test data exists,"1. Open Workday Interview.
2. Execute: Recruiting -> Hire -> Onboard -> Time -> Payroll.
3. Perform validation and confirm downstream impact.","Recruiting -> Hire -> Onboard -> Time -> Payroll completes successfully with approvals, validations, and audit trail",High,Workflow,"{""worker"": ""Jane Doe"", ""company"": ""Global Demo"", ""region"": ""US""}"
WD-REC-01449,Workday,RECRUITING,Interview,Financial Services,Budget -> Expense -> Journal -> Dashboard,Accessibility,Edit Financial Services Workday Interview,Workday access is provisioned and Financial Services test data exists,"1. Open Workday Interview.
2. Execute: Budget -> Expense -> Journal -> Dashboard.
3. Perform validation and confirm downstream impact.","Budget -> Expense -> Journal -> Dashboard completes successfully with approvals, validations, and audit trail",Medium,Mobile,"{""worker"": ""Jane Doe"", ""company"": ""Global Demo"", ""region"": ""US""}"
WD-REC-01450,Workday,RECRUITING,Interview,Technology,Requisition -> Offer -> Hire -> Onboard -> Payroll,Mobile,Create Technology Workday Interview,Workday access is provisioned and Technology test data exists,"1. Open Workday Interview.
2. Execute: Requisition -> Offer -> Hire -> Onboard -> Payroll.
3. Perform validation and confirm downstream impact.","Requisition -> Offer -> Hire -> Onboard -> Payroll completes successfully with approvals, validations, and audit trail",Medium,Regression,"{""worker"": ""Jane Doe"", ""company"": ""Global Demo"", ""region"": ""US""}"
WD-REC-01451,Workday,RECRUITING,Interview,Technology,Employee Life Event -> Benefits -> Payroll -> Reporting,Accessibility,Reject Technology Workday Interview,Workday access is provisioned and Technology test data exists,"1. Open Workday Interview.
2. Execute: Employee Life Event -> Benefits -> Payroll -> Reporting.
3. Perform validation and confirm downstream impact.","Employee Life Event -> Benefits -> Payroll -> Reporting completes successfully with approvals, validations, and audit trail",Medium,Data Migration,"{""worker"": ""Jane Doe"", ""company"": ""Global Demo"", ""region"": ""US""}"
WD-REC-01452,Workday,RECRUITING,Interview,Technology,Expense Submit -> Approval -> Accounting -> Reimbursement,Accessibility,Edit Technology Workday Interview,Workday access is provisioned and Technology test data exists,"1. Open Workday Interview.
2. Execute: Expense Submit -> Approval -> Accounting -> Reimbursement.
3. Perform validation and confirm downstream impact.","Expense Submit -> Approval -> Accounting -> Reimbursement completes successfully with approvals, validations, and audit trail",Medium,Security,"{""worker"": ""Jane Doe"", ""company"": ""Global Demo"", ""region"": ""US""}"
WD-REC-01453,Workday,RECRUITING,Interview,Technology,Supplier Invoice -> Matching -> Approval -> Payment,Mobile,Update Technology Workday Interview,Workday access is provisioned and Technology test data exists,"1. Open Workday Interview.
2. Execute: Supplier Invoice -> Matching -> Approval -> Payment.
3. Perform validation and confirm downstream impact.","Supplier Invoice -> Matching -> Approval -> Payment completes successfully with approvals, validations, and audit trail",Medium,Data Migration,"{""worker"": ""Jane Doe"", ""company"": ""Global Demo"", ""region"": ""US""}"
WD-REC-01454,Workday,RECRUITING,Interview,Technology,Integration Load -> Validate -> Error Handling -> Reprocess,UI,Edit Technology Workday Interview,Workday access is provisioned and Technology test data exists,"1. Open Workday Interview.
2. Execute: Integration Load -> Validate -> Error Handling -> Reprocess.
3. Perform validation and confirm downstream impact.","Integration Load -> Validate -> Error Handling -> Reprocess completes successfully with approvals, validations, and audit trail",Low,Functional,"{""worker"": ""Jane Doe"", ""company"": ""Global Demo"", ""region"": ""US""}"
WD-REC-01455,Workday,RECRUITING,Interview,Technology,Recruiting -> Hire -> Onboard -> Time -> Payroll,Security,Create Technology Workday Interview,Workday access is provisioned and Technology test data exists,"1. Open Workday Interview.
2. Execute: Recruiting -> Hire -> Onboard -> Time -> Payroll.
3. Perform validation and confirm downstream impact.","Recruiting -> Hire -> Onboard -> Time -> Payroll completes successfully with approvals, validations, and audit trail",Medium,Functional,"{""worker"": ""Jane Doe"", ""company"": ""Global Demo"", ""region"": ""US""}"
WD-REC-01456,Workday,RECRUITING,Interview,Technology,Budget -> Expense -> Journal -> Dashboard,Security,Edit Technology Workday Interview,Workday access is provisioned and Technology test data exists,"1. Open Workday Interview.
2. Execute: Budget -> Expense -> Journal -> Dashboard.
3. Perform validation and confirm downstream impact.","Budget -> Expense -> Journal -> Dashboard completes successfully with approvals, validations, and audit trail",Low,Security,"{""worker"": ""Jane Doe"", ""company"": ""Global Demo"", ""region"": ""US""}"
WD-REC-01457,Workday,RECRUITING,Interview,Public Sector,Requisition -> Offer -> Hire -> Onboard -> Payroll,Functional,Validate Public Sector Workday Interview,Workday access is provisioned and Public Sector test data exists,"1. Open Workday Interview.
2. Execute: Requisition -> Offer -> Hire -> Onboard -> Payroll.
3. Perform validation and confirm downstream impact.","Requisition -> Offer -> Hire -> Onboard -> Payroll completes successfully with approvals, validations, and audit trail",High,Integration,"{""worker"": ""Jane Doe"", ""company"": ""Global Demo"", ""region"": ""US""}"
WD-REC-01458,Workday,RECRUITING,Interview,Public Sector,Employee Life Event -> Benefits -> Payroll -> Reporting,Security,Route Public Sector Workday Interview,Workday access is provisioned and Public Sector test data exists,"1. Open Workday Interview.
2. Execute: Employee Life Event -> Benefits -> Payroll -> Reporting.
3. Perform validation and confirm downstream impact.","Employee Life Event -> Benefits -> Payroll -> Reporting completes successfully with approvals, validations, and audit trail",Medium,Integration,"{""worker"": ""Jane Doe"", ""company"": ""Global Demo"", ""region"": ""US""}"
WD-REC-01459,Workday,RECRUITING,Interview,Public Sector,Expense Submit -> Approval -> Accounting -> Reimbursement,Security,Route Public Sector Workday Interview,Workday access is provisioned and Public Sector test data exists,"1. Open Workday Interview.
2. Execute: Expense Submit -> Approval -> Accounting -> Reimbursement.
3. Perform validation and confirm downstream impact.","Expense Submit -> Approval -> Accounting -> Reimbursement completes successfully with approvals, validations, and audit trail",Medium,UI,"{""worker"": ""Jane Doe"", ""company"": ""Global Demo"", ""region"": ""US""}"
WD-REC-01460,Workday,RECRUITING,Interview,Public Sector,Supplier Invoice -> Matching -> Approval -> Payment,Workflow,Approve Public Sector Workday Interview,Workday access is provisioned and Public Sector test data exists,"1. Open Workday Interview.
2. Execute: Supplier Invoice -> Matching -> Approval -> Payment.
3. Perform validation and confirm downstream impact.","Supplier Invoice -> Matching -> Approval -> Payment completes successfully with approvals, validations, and audit trail",High,Integration,"{""worker"": ""Jane Doe"", ""company"": ""Global Demo"", ""region"": ""US""}"
WD-REC-01461,Workday,RECRUITING,Interview,Public Sector,Integration Load -> Validate -> Error Handling -> Reprocess,Accessibility,Validate Public Sector Workday Interview,Workday access is provisioned and Public Sector test data exists,"1. Open Workday Interview.
2. Execute: Integration Load -> Validate -> Error Handling -> Reprocess.
3. Perform validation and confirm downstream impact.","Integration Load -> Validate -> Error Handling -> Reprocess completes successfully with approvals, validations, and audit trail",Low,Integration,"{""worker"": ""Jane Doe"", ""company"": ""Global Demo"", ""region"": ""US""}"
WD-REC-01462,Workday,RECRUITING,Interview,Public Sector,Recruiting -> Hire -> Onboard -> Time -> Payroll,Regression,Create Public Sector Workday Interview,Workday access is provisioned and Public Sector test data exists,"1. Open Workday Interview.
2. Execute: Recruiting -> Hire -> Onboard -> Time -> Payroll.
3. Perform validation and confirm downstream impact.","Recruiting -> Hire -> Onboard -> Time -> Payroll completes successfully with approvals, validations, and audit trail",Low,Performance,"{""worker"": ""Jane Doe"", ""company"": ""Global Demo"", ""region"": ""US""}"
WD-REC-01463,Workday,RECRUITING,Interview,Public Sector,Budget -> Expense -> Journal -> Dashboard,Data Migration,Edit Public Sector Workday Interview,Workday access is provisioned and Public Sector test data exists,"1. Open Workday Interview.
2. Execute: Budget -> Expense -> Journal -> Dashboard.
3. Perform validation and confirm downstream impact.","Budget -> Expense -> Journal -> Dashboard completes successfully with approvals, validations, and audit trail",High,Integration,"{""worker"": ""Jane Doe"", ""company"": ""Global Demo"", ""region"": ""US""}"
WD-REC-01464,Workday,RECRUITING,Interview,Hospitality,Requisition -> Offer -> Hire -> Onboard -> Payroll,Data Migration,Reject Hospitality Workday Interview,Workday access is provisioned and Hospitality test data exists,"1. Open Workday Interview.
2. Execute: Requisition -> Offer -> Hire -> Onboard -> Payroll.
3. Perform validation and confirm downstream impact.","Requisition -> Offer -> Hire -> Onboard -> Payroll completes successfully with approvals, validations, and audit trail",Medium,Functional,"{""worker"": ""Jane Doe"", ""company"": ""Global Demo"", ""region"": ""US""}"
WD-REC-01465,Workday,RECRUITING,Interview,Hospitality,Employee Life Event -> Benefits -> Payroll -> Reporting,UI,Reject Hospitality Workday Interview,Workday access is provisioned and Hospitality test data exists,"1. Open Workday Interview.
2. Execute: Employee Life Event -> Benefits -> Payroll -> Reporting.
3. Perform validation and confirm downstream impact.","Employee Life Event -> Benefits -> Payroll -> Reporting completes successfully with approvals, validations, and audit trail",Medium,Workflow,"{""worker"": ""Jane Doe"", ""company"": ""Global Demo"", ""region"": ""US""}"
WD-REC-01466,Workday,RECRUITING,Interview,Hospitality,Expense Submit -> Approval -> Accounting -> Reimbursement,Mobile,Route Hospitality Workday Interview,Workday access is provisioned and Hospitality test data exists,"1. Open Workday Interview.
2. Execute: Expense Submit -> Approval -> Accounting -> Reimbursement.
3. Perform validation and confirm downstream impact.","Expense Submit -> Approval -> Accounting -> Reimbursement completes successfully with approvals, validations, and audit trail",Medium,Functional,"{""worker"": ""Jane Doe"", ""company"": ""Global Demo"", ""region"": ""US""}"
WD-REC-01467,Workday,RECRUITING,Interview,Hospitality,Supplier Invoice -> Matching -> Approval -> Payment,UI,Sync Hospitality Workday Interview,Workday access is provisioned and Hospitality test data exists,"1. Open Workday Interview.
2. Execute: Supplier Invoice -> Matching -> Approval -> Payment.
3. Perform validation and confirm downstream impact.","Supplier Invoice -> Matching -> Approval -> Payment completes successfully with approvals, validations, and audit trail",Medium,Mobile,"{""worker"": ""Jane Doe"", ""company"": ""Global Demo"", ""region"": ""US""}"
WD-REC-01468,Workday,RECRUITING,Interview,Hospitality,Integration Load -> Validate -> Error Handling -> Reprocess,Mobile,Sync Hospitality Workday Interview,Workday access is provisioned and Hospitality test data exists,"1. Open Workday Interview.
2. Execute: Integration Load -> Validate -> Error Handling -> Reprocess.
3. Perform validation and confirm downstream impact.","Integration Load -> Validate -> Error Handling -> Reprocess completes successfully with approvals, validations, and audit trail",Low,Workflow,"{""worker"": ""Jane Doe"", ""company"": ""Global Demo"", ""region"": ""US""}"
WD-REC-01469,Workday,RECRUITING,Interview,Hospitality,Recruiting -> Hire -> Onboard -> Time -> Payroll,Performance,Create Hospitality Workday Interview,Workday access is provisioned and Hospitality test data exists,"1. Open Workday Interview.
2. Execute: Recruiting -> Hire -> Onboard -> Time -> Payroll.
3. Perform validation and confirm downstream impact.","Recruiting -> Hire -> Onboard -> Time -> Payroll completes successfully with approvals, validations, and audit trail",High,Workflow,"{""worker"": ""Jane Doe"", ""company"": ""Global Demo"", ""region"": ""US""}"
WD-REC-01470,Workday,RECRUITING,Interview,Hospitality,Budget -> Expense -> Journal -> Dashboard,Data Migration,Edit Hospitality Workday Interview,Workday access is provisioned and Hospitality test data exists,"1. Open Workday Interview.
2. Execute: Budget -> Expense -> Journal -> Dashboard.
3. Perform validation and confirm downstream impact.","Budget -> Expense -> Journal -> Dashboard completes successfully with approvals, validations, and audit trail",High,UI,"{""worker"": ""Jane Doe"", ""company"": ""Global Demo"", ""region"": ""US""}"
WD-REC-01471,Workday,RECRUITING,Offer,Corporate,Requisition -> Offer -> Hire -> Onboard -> Payroll,Regression,Create Corporate Workday Offer,Workday access is provisioned and Corporate test data exists,"1. Open Workday Offer.
2. Execute: Requisition -> Offer -> Hire -> Onboard -> Payroll.
3. Perform validation and confirm downstream impact.","Requisition -> Offer -> Hire -> Onboard -> Payroll completes successfully with approvals, validations, and audit trail",High,Integration,"{""worker"": ""Jane Doe"", ""company"": ""Global Demo"", ""region"": ""US""}"
WD-REC-01472,Workday,RECRUITING,Offer,Corporate,Employee Life Event -> Benefits -> Payroll -> Reporting,Data Migration,Update Corporate Workday Offer,Workday access is provisioned and Corporate test data exists,"1. Open Workday Offer.
2. Execute: Employee Life Event -> Benefits -> Payroll -> Reporting.
3. Perform validation and confirm downstream impact.","Employee Life Event -> Benefits -> Payroll -> Reporting completes successfully with approvals, validations, and audit trail",Low,Regression,"{""worker"": ""Jane Doe"", ""company"": ""Global Demo"", ""region"": ""US""}"
WD-REC-01473,Workday,RECRUITING,Offer,Corporate,Expense Submit -> Approval -> Accounting -> Reimbursement,Functional,Submit Corporate Workday Offer,Workday access is provisioned and Corporate test data exists,"1. Open Workday Offer.
2. Execute: Expense Submit -> Approval -> Accounting -> Reimbursement.
3. Perform validation and confirm downstream impact.","Expense Submit -> Approval -> Accounting -> Reimbursement completes successfully with approvals, validations, and audit trail",Medium,Data Migration,"{""worker"": ""Jane Doe"", ""company"": ""Global Demo"", ""region"": ""US""}"
WD-REC-01474,Workday,RECRUITING,Offer,Corporate,Supplier Invoice -> Matching -> Approval -> Payment,Security,Route Corporate Workday Offer,Workday access is provisioned and Corporate test data exists,"1. Open Workday Offer.
2. Execute: Supplier Invoice -> Matching -> Approval -> Payment.
3. Perform validation and confirm downstream impact.","Supplier Invoice -> Matching -> Approval -> Payment completes successfully with approvals, validations, and audit trail",Medium,Integration,"{""worker"": ""Jane Doe"", ""company"": ""Global Demo"", ""region"": ""US""}"
WD-REC-01475,Workday,RECRUITING,Offer,Corporate,Integration Load -> Validate -> Error Handling -> Reprocess,Mobile,Submit Corporate Workday Offer,Workday access is provisioned and Corporate test data exists,"1. Open Workday Offer.
2. Execute: Integration Load -> Validate -> Error Handling -> Reprocess.
3. Perform validation and confirm downstream impact.","Integration Load -> Validate -> Error Handling -> Reprocess completes successfully with approvals, validations, and audit trail",Low,UI,"{""worker"": ""Jane Doe"", ""company"": ""Global Demo"", ""region"": ""US""}"
WD-REC-01476,Workday,RECRUITING,Offer,Corporate,Recruiting -> Hire -> Onboard -> Time -> Payroll,Functional,Create Corporate Workday Offer,Workday access is provisioned and Corporate test data exists,"1. Open Workday Offer.
2. Execute: Recruiting -> Hire -> Onboard -> Time -> Payroll.
3. Perform validation and confirm downstream impact.","Recruiting -> Hire -> Onboard -> Time -> Payroll completes successfully with approvals, validations, and audit trail",Medium,Data Migration,"{""worker"": ""Jane Doe"", ""company"": ""Global Demo"", ""region"": ""US""}"
WD-REC-01477,Workday,RECRUITING,Offer,Corporate,Budget -> Expense -> Journal -> Dashboard,Performance,Validate Corporate Workday Offer,Workday access is provisioned and Corporate test data exists,"1. Open Workday Offer.
2. Execute: Budget -> Expense -> Journal -> Dashboard.
3. Perform validation and confirm downstream impact.","Budget -> Expense -> Journal -> Dashboard completes successfully with approvals, validations, and audit trail",Low,Regression,"{""worker"": ""Jane Doe"", ""company"": ""Global Demo"", ""region"": ""US""}"
WD-REC-01478,Workday,RECRUITING,Offer,Retail,Requisition -> Offer -> Hire -> Onboard -> Payroll,Functional,Import Retail Workday Offer,Workday access is provisioned and Retail test data exists,"1. Open Workday Offer.
2. Execute: Requisition -> Offer -> Hire -> Onboard -> Payroll.
3. Perform validation and confirm downstream impact.","Requisition -> Offer -> Hire -> Onboard -> Payroll completes successfully with approvals, validations, and audit trail",Low,Integration,"{""worker"": ""Jane Doe"", ""company"": ""Global Demo"", ""region"": ""US""}"
WD-REC-01479,Workday,RECRUITING,Offer,Retail,Employee Life Event -> Benefits -> Payroll -> Reporting,Mobile,Validate Retail Workday Offer,Workday access is provisioned and Retail test data exists,"1. Open Workday Offer.
2. Execute: Employee Life Event -> Benefits -> Payroll -> Reporting.
3. Perform validation and confirm downstream impact.","Employee Life Event -> Benefits -> Payroll -> Reporting completes successfully with approvals, validations, and audit trail",High,Workflow,"{""worker"": ""Jane Doe"", ""company"": ""Global Demo"", ""region"": ""US""}"
WD-REC-01480,Workday,RECRUITING,Offer,Retail,Expense Submit -> Approval -> Accounting -> Reimbursement,Performance,Edit Retail Workday Offer,Workday access is provisioned and Retail test data exists,"1. Open Workday Offer.
2. Execute: Expense Submit -> Approval -> Accounting -> Reimbursement.
3. Perform validation and confirm downstream impact.","Expense Submit -> Approval -> Accounting -> Reimbursement completes successfully with approvals, validations, and audit trail",Medium,Integration,"{""worker"": ""Jane Doe"", ""company"": ""Global Demo"", ""region"": ""US""}"
WD-REC-01481,Workday,RECRUITING,Offer,Retail,Supplier Invoice -> Matching -> Approval -> Payment,Integration,Export Retail Workday Offer,Workday access is provisioned and Retail test data exists,"1. Open Workday Offer.
2. Execute: Supplier Invoice -> Matching -> Approval -> Payment.
3. Perform validation and confirm downstream impact.","Supplier Invoice -> Matching -> Approval -> Payment completes successfully with approvals, validations, and audit trail",Medium,Integration,"{""worker"": ""Jane Doe"", ""company"": ""Global Demo"", ""region"": ""US""}"
WD-REC-01482,Workday,RECRUITING,Offer,Retail,Integration Load -> Validate -> Error Handling -> Reprocess,Workflow,Edit Retail Workday Offer,Workday access is provisioned and Retail test data exists,"1. Open Workday Offer.
2. Execute: Integration Load -> Validate -> Error Handling -> Reprocess.
3. Perform validation and confirm downstream impact.","Integration Load -> Validate -> Error Handling -> Reprocess completes successfully with approvals, validations, and audit trail",Low,Performance,"{""worker"": ""Jane Doe"", ""company"": ""Global Demo"", ""region"": ""US""}"
WD-REC-01483,Workday,RECRUITING,Offer,Retail,Recruiting -> Hire -> Onboard -> Time -> Payroll,Workflow,Sync Retail Workday Offer,Workday access is provisioned and Retail test data exists,"1. Open Workday Offer.
2. Execute: Recruiting -> Hire -> Onboard -> Time -> Payroll.
3. Perform validation and confirm downstream impact.","Recruiting -> Hire -> Onboard -> Time -> Payroll completes successfully with approvals, validations, and audit trail",High,Security,"{""worker"": ""Jane Doe"", ""company"": ""Global Demo"", ""region"": ""US""}"
WD-REC-01484,Workday,RECRUITING,Offer,Retail,Budget -> Expense -> Journal -> Dashboard,UI,Update Retail Workday Offer,Workday access is provisioned and Retail test data exists,"1. Open Workday Offer.
2. Execute: Budget -> Expense -> Journal -> Dashboard.
3. Perform validation and confirm downstream impact.","Budget -> Expense -> Journal -> Dashboard completes successfully with approvals, validations, and audit trail",Low,Data Migration,"{""worker"": ""Jane Doe"", ""company"": ""Global Demo"", ""region"": ""US""}"
WD-REC-01485,Workday,RECRUITING,Offer,Healthcare,Requisition -> Offer -> Hire -> Onboard -> Payroll,Workflow,Review Healthcare Workday Offer,Workday access is provisioned and Healthcare test data exists,"1. Open Workday Offer.
2. Execute: Requisition -> Offer -> Hire -> Onboard -> Payroll.
3. Perform validation and confirm downstream impact.","Requisition -> Offer -> Hire -> Onboard -> Payroll completes successfully with approvals, validations, and audit trail",Medium,UI,"{""worker"": ""Jane Doe"", ""company"": ""Global Demo"", ""region"": ""US""}"
WD-REC-01486,Workday,RECRUITING,Offer,Healthcare,Employee Life Event -> Benefits -> Payroll -> Reporting,Functional,Approve Healthcare Workday Offer,Workday access is provisioned and Healthcare test data exists,"1. Open Workday Offer.
2. Execute: Employee Life Event -> Benefits -> Payroll -> Reporting.
3. Perform validation and confirm downstream impact.","Employee Life Event -> Benefits -> Payroll -> Reporting completes successfully with approvals, validations, and audit trail",High,Regression,"{""worker"": ""Jane Doe"", ""company"": ""Global Demo"", ""region"": ""US""}"
WD-REC-01487,Workday,RECRUITING,Offer,Healthcare,Expense Submit -> Approval -> Accounting -> Reimbursement,Integration,Create Healthcare Workday Offer,Workday access is provisioned and Healthcare test data exists,"1. Open Workday Offer.
2. Execute: Expense Submit -> Approval -> Accounting -> Reimbursement.
3. Perform validation and confirm downstream impact.","Expense Submit -> Approval -> Accounting -> Reimbursement completes successfully with approvals, validations, and audit trail",Low,Workflow,"{""worker"": ""Jane Doe"", ""company"": ""Global Demo"", ""region"": ""US""}"
WD-REC-01488,Workday,RECRUITING,Offer,Healthcare,Supplier Invoice -> Matching -> Approval -> Payment,Security,Approve Healthcare Workday Offer,Workday access is provisioned and Healthcare test data exists,"1. Open Workday Offer.
2. Execute: Supplier Invoice -> Matching -> Approval -> Payment.
3. Perform validation and confirm downstream impact.","Supplier Invoice -> Matching -> Approval -> Payment completes successfully with approvals, validations, and audit trail",Medium,Mobile,"{""worker"": ""Jane Doe"", ""company"": ""Global Demo"", ""region"": ""US""}"
WD-REC-01489,Workday,RECRUITING,Offer,Healthcare,Integration Load -> Validate -> Error Handling -> Reprocess,Performance,Approve Healthcare Workday Offer,Workday access is provisioned and Healthcare test data exists,"1. Open Workday Offer.
2. Execute: Integration Load -> Validate -> Error Handling -> Reprocess.
3. Perform validation and confirm downstream impact.","Integration Load -> Validate -> Error Handling -> Reprocess completes successfully with approvals, validations, and audit trail",Low,Mobile,"{""worker"": ""Jane Doe"", ""company"": ""Global Demo"", ""region"": ""US""}"
WD-REC-01490,Workday,RECRUITING,Offer,Healthcare,Recruiting -> Hire -> Onboard -> Time -> Payroll,Regression,Sync Healthcare Workday Offer,Workday access is provisioned and Healthcare test data exists,"1. Open Workday Offer.
2. Execute: Recruiting -> Hire -> Onboard -> Time -> Payroll.
3. Perform validation and confirm downstream impact.","Recruiting -> Hire -> Onboard -> Time -> Payroll completes successfully with approvals, validations, and audit trail",Low,Data Migration,"{""worker"": ""Jane Doe"", ""company"": ""Global Demo"", ""region"": ""US""}"
WD-REC-01491,Workday,RECRUITING,Offer,Healthcare,Budget -> Expense -> Journal -> Dashboard,Accessibility,Import Healthcare Workday Offer,Workday access is provisioned and Healthcare test data exists,"1. Open Workday Offer.
2. Execute: Budget -> Expense -> Journal -> Dashboard.
3. Perform validation and confirm downstream impact.","Budget -> Expense -> Journal -> Dashboard completes successfully with approvals, validations, and audit trail",High,Mobile,"{""worker"": ""Jane Doe"", ""company"": ""Global Demo"", ""region"": ""US""}"
WD-REC-01492,Workday,RECRUITING,Offer,Manufacturing,Requisition -> Offer -> Hire -> Onboard -> Payroll,Data Migration,Submit Manufacturing Workday Offer,Workday access is provisioned and Manufacturing test data exists,"1. Open Workday Offer.
2. Execute: Requisition -> Offer -> Hire -> Onboard -> Payroll.
3. Perform validation and confirm downstream impact.","Requisition -> Offer -> Hire -> Onboard -> Payroll completes successfully with approvals, validations, and audit trail",Low,Performance,"{""worker"": ""Jane Doe"", ""company"": ""Global Demo"", ""region"": ""US""}"
WD-REC-01493,Workday,RECRUITING,Offer,Manufacturing,Employee Life Event -> Benefits -> Payroll -> Reporting,Integration,Submit Manufacturing Workday Offer,Workday access is provisioned and Manufacturing test data exists,"1. Open Workday Offer.
2. Execute: Employee Life Event -> Benefits -> Payroll -> Reporting.
3. Perform validation and confirm downstream impact.","Employee Life Event -> Benefits -> Payroll -> Reporting completes successfully with approvals, validations, and audit trail",Medium,UI,"{""worker"": ""Jane Doe"", ""company"": ""Global Demo"", ""region"": ""US""}"
WD-REC-01494,Workday,RECRUITING,Offer,Manufacturing,Expense Submit -> Approval -> Accounting -> Reimbursement,Security,Update Manufacturing Workday Offer,Workday access is provisioned and Manufacturing test data exists,"1. Open Workday Offer.
2. Execute: Expense Submit -> Approval -> Accounting -> Reimbursement.
3. Perform validation and confirm downstream impact.","Expense Submit -> Approval -> Accounting -> Reimbursement completes successfully with approvals, validations, and audit trail",Low,Mobile,"{""worker"": ""Jane Doe"", ""company"": ""Global Demo"", ""region"": ""US""}"
WD-REC-01495,Workday,RECRUITING,Offer,Manufacturing,Supplier Invoice -> Matching -> Approval -> Payment,UI,Approve Manufacturing Workday Offer,Workday access is provisioned and Manufacturing test data exists,"1. Open Workday Offer.
2. Execute: Supplier Invoice -> Matching -> Approval -> Payment.
3. Perform validation and confirm downstream impact.","Supplier Invoice -> Matching -> Approval -> Payment completes successfully with approvals, validations, and audit trail",High,Functional,"{""worker"": ""Jane Doe"", ""company"": ""Global Demo"", ""region"": ""US""}"
WD-REC-01496,Workday,RECRUITING,Offer,Manufacturing,Integration Load -> Validate -> Error Handling -> Reprocess,Functional,Sync Manufacturing Workday Offer,Workday access is provisioned and Manufacturing test data exists,"1. Open Workday Offer.
2. Execute: Integration Load -> Validate -> Error Handling -> Reprocess.
3. Perform validation and confirm downstream impact.","Integration Load -> Validate -> Error Handling -> Reprocess completes successfully with approvals, validations, and audit trail",Low,UI,"{""worker"": ""Jane Doe"", ""company"": ""Global Demo"", ""region"": ""US""}"
WD-REC-01497,Workday,RECRUITING,Offer,Manufacturing,Recruiting -> Hire -> Onboard -> Time -> Payroll,Performance,Reject Manufacturing Workday Offer,Workday access is provisioned and Manufacturing test data exists,"1. Open Workday Offer.
2. Execute: Recruiting -> Hire -> Onboard -> Time -> Payroll.
3. Perform validation and confirm downstream impact.","Recruiting -> Hire -> Onboard -> Time -> Payroll completes successfully with approvals, validations, and audit trail",Medium,Accessibility,"{""worker"": ""Jane Doe"", ""company"": ""Global Demo"", ""region"": ""US""}"
WD-REC-01498,Workday,RECRUITING,Offer,Manufacturing,Budget -> Expense -> Journal -> Dashboard,Performance,Review Manufacturing Workday Offer,Workday access is provisioned and Manufacturing test data exists,"1. Open Workday Offer.
2. Execute: Budget -> Expense -> Journal -> Dashboard.
3. Perform validation and confirm downstream impact.","Budget -> Expense -> Journal -> Dashboard completes successfully with approvals, validations, and audit trail",High,Mobile,"{""worker"": ""Jane Doe"", ""company"": ""Global Demo"", ""region"": ""US""}"
WD-REC-01499,Workday,RECRUITING,Offer,Education,Requisition -> Offer -> Hire -> Onboard -> Payroll,Security,Submit Education Workday Offer,Workday access is provisioned and Education test data exists,"1. Open Workday Offer.
2. Execute: Requisition -> Offer -> Hire -> Onboard -> Payroll.
3. Perform validation and confirm downstream impact.","Requisition -> Offer -> Hire -> Onboard -> Payroll completes successfully with approvals, validations, and audit trail",Low,Security,"{""worker"": ""Jane Doe"", ""company"": ""Global Demo"", ""region"": ""US""}"
WD-REC-01500,Workday,RECRUITING,Offer,Education,Employee Life Event -> Benefits -> Payroll -> Reporting,Data Migration,Export Education Workday Offer,Workday access is provisioned and Education test data exists,"1. Open Workday Offer.
2. Execute: Employee Life Event -> Benefits -> Payroll -> Reporting.
3. Perform validation and confirm downstream impact.","Employee Life Event -> Benefits -> Payroll -> Reporting completes successfully with approvals, validations, and audit trail",Low,UI,"{""worker"": ""Jane Doe"", ""company"": ""Global Demo"", ""region"": ""US""}"
