product,module,test_case_id,test_scenario,test_case_name,test_type,priority,preconditions,test_steps,expected_result,automation_framework,tags
Aerospace and MRO,Airworthiness and Records,AERO-AIRWORTH-00001,Airworthiness and Records: assemble a synthetic compliance record for a test asset (clean baseline),Aerospace and MRO: assemble a synthetic compliance record for a test asset with clean baseline,Functional,Medium,"Non-production tenant or isolated local fixture; synthetic records only; Use a disposable workspace, tenant, project, and versioned synthetic fixture. Safety boundary: Use unclassified synthetic assets, work cards, components, and offline simulation data only. No operational flight, mission, or controlled technical data is included; run the suite against isolated test systems and do not interpret it as airworthiness certification.","1. Create a disposable, versioned synthetic fixture: Use a disposable workspace, tenant, project, and versioned synthetic fixture. 2. Execute the platform workflow to assemble a synthetic compliance record for a test asset. 3. Capture the committed result, resource version, or run status. 4. Compare the result with the source fixture and the declared invariant. 5. Repeat or recover the operation when applicable; verify access, audit evidence, and side effects.","The platform must correctly assemble a synthetic compliance record for a test asset; the clean baseline condition follows the configured contract; valid state is preserved, invalid or unauthorized work is rejected or quarantined without silent loss, retries do not duplicate side effects, lineage and audit evidence remain available, and no production records or credentials are used. Safety boundary: Use unclassified synthetic assets, work cards, components, and offline simulation data only. No operational flight, mission, or controlled technical data is included; run the suite against isolated test systems and do not interpret it as airworthiness certification.",Playwright + platform UI/API,"aerospace,market-platform,synthetic-data,airworthiness_records,clean-baseline"
Aerospace and MRO,Airworthiness and Records,AERO-AIRWORTH-00002,Airworthiness and Records: link a maintenance task to its source instruction revision (clean baseline),Aerospace and MRO: link a maintenance task to its source instruction revision with clean baseline,Functional,High,"Non-production tenant or isolated local fixture; synthetic records only; Use a disposable workspace, tenant, project, and versioned synthetic fixture. Safety boundary: Use unclassified synthetic assets, work cards, components, and offline simulation data only. No operational flight, mission, or controlled technical data is included; run the suite against isolated test systems and do not interpret it as airworthiness certification.","1. Create a disposable, versioned synthetic fixture: Use a disposable workspace, tenant, project, and versioned synthetic fixture. 2. Execute the platform workflow to link a maintenance task to its source instruction revision. 3. Capture the committed result, resource version, or run status. 4. Compare the result with the source fixture and the declared invariant. 5. Repeat or recover the operation when applicable; verify access, audit evidence, and side effects.","The platform must correctly link a maintenance task to its source instruction revision; the clean baseline condition follows the configured contract; valid state is preserved, invalid or unauthorized work is rejected or quarantined without silent loss, retries do not duplicate side effects, lineage and audit evidence remain available, and no production records or credentials are used. Safety boundary: Use unclassified synthetic assets, work cards, components, and offline simulation data only. No operational flight, mission, or controlled technical data is included; run the suite against isolated test systems and do not interpret it as airworthiness certification.",Playwright + platform UI/API,"aerospace,market-platform,synthetic-data,airworthiness_records,clean-baseline"
Aerospace and MRO,Airworthiness and Records,AERO-AIRWORTH-00003,Airworthiness and Records: prevent record approval without required signoff (clean baseline),Aerospace and MRO: prevent record approval without required signoff with clean baseline,Functional,High,"Non-production tenant or isolated local fixture; synthetic records only; Use a disposable workspace, tenant, project, and versioned synthetic fixture. Safety boundary: Use unclassified synthetic assets, work cards, components, and offline simulation data only. No operational flight, mission, or controlled technical data is included; run the suite against isolated test systems and do not interpret it as airworthiness certification.","1. Create a disposable, versioned synthetic fixture: Use a disposable workspace, tenant, project, and versioned synthetic fixture. 2. Execute the platform workflow to prevent record approval without required signoff. 3. Capture the committed result, resource version, or run status. 4. Compare the result with the source fixture and the declared invariant. 5. Repeat or recover the operation when applicable; verify access, audit evidence, and side effects.","The platform must correctly prevent record approval without required signoff; the clean baseline condition follows the configured contract; valid state is preserved, invalid or unauthorized work is rejected or quarantined without silent loss, retries do not duplicate side effects, lineage and audit evidence remain available, and no production records or credentials are used. Safety boundary: Use unclassified synthetic assets, work cards, components, and offline simulation data only. No operational flight, mission, or controlled technical data is included; run the suite against isolated test systems and do not interpret it as airworthiness certification.",Playwright + platform UI/API,"aerospace,market-platform,synthetic-data,airworthiness_records,clean-baseline"
Aerospace and MRO,Airworthiness and Records,AERO-AIRWORTH-00004,Airworthiness and Records: correct a record through a traceable amendment (clean baseline),Aerospace and MRO: correct a record through a traceable amendment with clean baseline,Functional,High,"Non-production tenant or isolated local fixture; synthetic records only; Use a disposable workspace, tenant, project, and versioned synthetic fixture. Safety boundary: Use unclassified synthetic assets, work cards, components, and offline simulation data only. No operational flight, mission, or controlled technical data is included; run the suite against isolated test systems and do not interpret it as airworthiness certification.","1. Create a disposable, versioned synthetic fixture: Use a disposable workspace, tenant, project, and versioned synthetic fixture. 2. Execute the platform workflow to correct a record through a traceable amendment. 3. Capture the committed result, resource version, or run status. 4. Compare the result with the source fixture and the declared invariant. 5. Repeat or recover the operation when applicable; verify access, audit evidence, and side effects.","The platform must correctly correct a record through a traceable amendment; the clean baseline condition follows the configured contract; valid state is preserved, invalid or unauthorized work is rejected or quarantined without silent loss, retries do not duplicate side effects, lineage and audit evidence remain available, and no production records or credentials are used. Safety boundary: Use unclassified synthetic assets, work cards, components, and offline simulation data only. No operational flight, mission, or controlled technical data is included; run the suite against isolated test systems and do not interpret it as airworthiness certification.",Playwright + platform UI/API,"aerospace,market-platform,synthetic-data,airworthiness_records,clean-baseline"
Aerospace and MRO,Airworthiness and Records,AERO-AIRWORTH-00005,Airworthiness and Records: retain record history after a configuration change (clean baseline),Aerospace and MRO: retain record history after a configuration change with clean baseline,Functional,Medium,"Non-production tenant or isolated local fixture; synthetic records only; Use a disposable workspace, tenant, project, and versioned synthetic fixture. Safety boundary: Use unclassified synthetic assets, work cards, components, and offline simulation data only. No operational flight, mission, or controlled technical data is included; run the suite against isolated test systems and do not interpret it as airworthiness certification.","1. Create a disposable, versioned synthetic fixture: Use a disposable workspace, tenant, project, and versioned synthetic fixture. 2. Execute the platform workflow to retain record history after a configuration change. 3. Capture the committed result, resource version, or run status. 4. Compare the result with the source fixture and the declared invariant. 5. Repeat or recover the operation when applicable; verify access, audit evidence, and side effects.","The platform must correctly retain record history after a configuration change; the clean baseline condition follows the configured contract; valid state is preserved, invalid or unauthorized work is rejected or quarantined without silent loss, retries do not duplicate side effects, lineage and audit evidence remain available, and no production records or credentials are used. Safety boundary: Use unclassified synthetic assets, work cards, components, and offline simulation data only. No operational flight, mission, or controlled technical data is included; run the suite against isolated test systems and do not interpret it as airworthiness certification.",Playwright + platform UI/API,"aerospace,market-platform,synthetic-data,airworthiness_records,clean-baseline"
Aerospace and MRO,Airworthiness and Records,AERO-AIRWORTH-00006,Airworthiness and Records: restrict records by assigned program and role (clean baseline),Aerospace and MRO: restrict records by assigned program and role with clean baseline,Functional,High,"Non-production tenant or isolated local fixture; synthetic records only; Use a disposable workspace, tenant, project, and versioned synthetic fixture. Safety boundary: Use unclassified synthetic assets, work cards, components, and offline simulation data only. No operational flight, mission, or controlled technical data is included; run the suite against isolated test systems and do not interpret it as airworthiness certification.","1. Create a disposable, versioned synthetic fixture: Use a disposable workspace, tenant, project, and versioned synthetic fixture. 2. Execute the platform workflow to restrict records by assigned program and role. 3. Capture the committed result, resource version, or run status. 4. Compare the result with the source fixture and the declared invariant. 5. Repeat or recover the operation when applicable; verify access, audit evidence, and side effects.","The platform must correctly restrict records by assigned program and role; the clean baseline condition follows the configured contract; valid state is preserved, invalid or unauthorized work is rejected or quarantined without silent loss, retries do not duplicate side effects, lineage and audit evidence remain available, and no production records or credentials are used. Safety boundary: Use unclassified synthetic assets, work cards, components, and offline simulation data only. No operational flight, mission, or controlled technical data is included; run the suite against isolated test systems and do not interpret it as airworthiness certification.",Playwright + platform UI/API,"aerospace,market-platform,synthetic-data,airworthiness_records,clean-baseline"
Aerospace and MRO,Airworthiness and Records,AERO-AIRWORTH-00007,Airworthiness and Records: export a scoped record set with synthetic serials (clean baseline),Aerospace and MRO: export a scoped record set with synthetic serials with clean baseline,Functional,High,"Non-production tenant or isolated local fixture; synthetic records only; Use a disposable workspace, tenant, project, and versioned synthetic fixture. Safety boundary: Use unclassified synthetic assets, work cards, components, and offline simulation data only. No operational flight, mission, or controlled technical data is included; run the suite against isolated test systems and do not interpret it as airworthiness certification.","1. Create a disposable, versioned synthetic fixture: Use a disposable workspace, tenant, project, and versioned synthetic fixture. 2. Execute the platform workflow to export a scoped record set with synthetic serials. 3. Capture the committed result, resource version, or run status. 4. Compare the result with the source fixture and the declared invariant. 5. Repeat or recover the operation when applicable; verify access, audit evidence, and side effects.","The platform must correctly export a scoped record set with synthetic serials; the clean baseline condition follows the configured contract; valid state is preserved, invalid or unauthorized work is rejected or quarantined without silent loss, retries do not duplicate side effects, lineage and audit evidence remain available, and no production records or credentials are used. Safety boundary: Use unclassified synthetic assets, work cards, components, and offline simulation data only. No operational flight, mission, or controlled technical data is included; run the suite against isolated test systems and do not interpret it as airworthiness certification.",Playwright + platform UI/API,"aerospace,market-platform,synthetic-data,airworthiness_records,clean-baseline"
Aerospace and MRO,Airworthiness and Records,AERO-AIRWORTH-00008,Airworthiness and Records: detect a missing approval in a record package (clean baseline),Aerospace and MRO: detect a missing approval in a record package with clean baseline,Functional,High,"Non-production tenant or isolated local fixture; synthetic records only; Use a disposable workspace, tenant, project, and versioned synthetic fixture. Safety boundary: Use unclassified synthetic assets, work cards, components, and offline simulation data only. No operational flight, mission, or controlled technical data is included; run the suite against isolated test systems and do not interpret it as airworthiness certification.","1. Create a disposable, versioned synthetic fixture: Use a disposable workspace, tenant, project, and versioned synthetic fixture. 2. Execute the platform workflow to detect a missing approval in a record package. 3. Capture the committed result, resource version, or run status. 4. Compare the result with the source fixture and the declared invariant. 5. Repeat or recover the operation when applicable; verify access, audit evidence, and side effects.","The platform must correctly detect a missing approval in a record package; the clean baseline condition follows the configured contract; valid state is preserved, invalid or unauthorized work is rejected or quarantined without silent loss, retries do not duplicate side effects, lineage and audit evidence remain available, and no production records or credentials are used. Safety boundary: Use unclassified synthetic assets, work cards, components, and offline simulation data only. No operational flight, mission, or controlled technical data is included; run the suite against isolated test systems and do not interpret it as airworthiness certification.",Playwright + platform UI/API,"aerospace,market-platform,synthetic-data,airworthiness_records,clean-baseline"
Aerospace and MRO,Airworthiness and Records,AERO-AIRWORTH-00009,Airworthiness and Records: reconcile status across asset and task views (clean baseline),Aerospace and MRO: reconcile status across asset and task views with clean baseline,Functional,Medium,"Non-production tenant or isolated local fixture; synthetic records only; Use a disposable workspace, tenant, project, and versioned synthetic fixture. Safety boundary: Use unclassified synthetic assets, work cards, components, and offline simulation data only. No operational flight, mission, or controlled technical data is included; run the suite against isolated test systems and do not interpret it as airworthiness certification.","1. Create a disposable, versioned synthetic fixture: Use a disposable workspace, tenant, project, and versioned synthetic fixture. 2. Execute the platform workflow to reconcile status across asset and task views. 3. Capture the committed result, resource version, or run status. 4. Compare the result with the source fixture and the declared invariant. 5. Repeat or recover the operation when applicable; verify access, audit evidence, and side effects.","The platform must correctly reconcile status across asset and task views; the clean baseline condition follows the configured contract; valid state is preserved, invalid or unauthorized work is rejected or quarantined without silent loss, retries do not duplicate side effects, lineage and audit evidence remain available, and no production records or credentials are used. Safety boundary: Use unclassified synthetic assets, work cards, components, and offline simulation data only. No operational flight, mission, or controlled technical data is included; run the suite against isolated test systems and do not interpret it as airworthiness certification.",Playwright + platform UI/API,"aerospace,market-platform,synthetic-data,airworthiness_records,clean-baseline"
Aerospace and MRO,Airworthiness and Records,AERO-AIRWORTH-00010,Airworthiness and Records: audit record review and release (clean baseline),Aerospace and MRO: audit record review and release with clean baseline,Functional,High,"Non-production tenant or isolated local fixture; synthetic records only; Use a disposable workspace, tenant, project, and versioned synthetic fixture. Safety boundary: Use unclassified synthetic assets, work cards, components, and offline simulation data only. No operational flight, mission, or controlled technical data is included; run the suite against isolated test systems and do not interpret it as airworthiness certification.","1. Create a disposable, versioned synthetic fixture: Use a disposable workspace, tenant, project, and versioned synthetic fixture. 2. Execute the platform workflow to audit record review and release. 3. Capture the committed result, resource version, or run status. 4. Compare the result with the source fixture and the declared invariant. 5. Repeat or recover the operation when applicable; verify access, audit evidence, and side effects.","The platform must correctly audit record review and release; the clean baseline condition follows the configured contract; valid state is preserved, invalid or unauthorized work is rejected or quarantined without silent loss, retries do not duplicate side effects, lineage and audit evidence remain available, and no production records or credentials are used. Safety boundary: Use unclassified synthetic assets, work cards, components, and offline simulation data only. No operational flight, mission, or controlled technical data is included; run the suite against isolated test systems and do not interpret it as airworthiness certification.",Playwright + platform UI/API,"aerospace,market-platform,synthetic-data,airworthiness_records,clean-baseline"
Aerospace and MRO,Airworthiness and Records,AERO-AIRWORTH-00011,Airworthiness and Records: assemble a synthetic compliance record for a test asset (empty input),Aerospace and MRO: assemble a synthetic compliance record for a test asset with empty input,Functional,High,"Non-production tenant or isolated local fixture; synthetic records only; Use an empty source or namespace and verify defined empty-result behavior. Safety boundary: Use unclassified synthetic assets, work cards, components, and offline simulation data only. No operational flight, mission, or controlled technical data is included; run the suite against isolated test systems and do not interpret it as airworthiness certification.","1. Create a disposable, versioned synthetic fixture: Use an empty source or namespace and verify defined empty-result behavior. 2. Execute the platform workflow to assemble a synthetic compliance record for a test asset. 3. Capture the committed result, resource version, or run status. 4. Compare the result with the source fixture and the declared invariant. 5. Repeat or recover the operation when applicable; verify access, audit evidence, and side effects.","The platform must correctly assemble a synthetic compliance record for a test asset; the empty input condition follows the configured contract; valid state is preserved, invalid or unauthorized work is rejected or quarantined without silent loss, retries do not duplicate side effects, lineage and audit evidence remain available, and no production records or credentials are used. Safety boundary: Use unclassified synthetic assets, work cards, components, and offline simulation data only. No operational flight, mission, or controlled technical data is included; run the suite against isolated test systems and do not interpret it as airworthiness certification.",Playwright + platform UI/API,"aerospace,market-platform,synthetic-data,airworthiness_records,empty-input"
Aerospace and MRO,Airworthiness and Records,AERO-AIRWORTH-00012,Airworthiness and Records: link a maintenance task to its source instruction revision (empty input),Aerospace and MRO: link a maintenance task to its source instruction revision with empty input,Functional,High,"Non-production tenant or isolated local fixture; synthetic records only; Use an empty source or namespace and verify defined empty-result behavior. Safety boundary: Use unclassified synthetic assets, work cards, components, and offline simulation data only. No operational flight, mission, or controlled technical data is included; run the suite against isolated test systems and do not interpret it as airworthiness certification.","1. Create a disposable, versioned synthetic fixture: Use an empty source or namespace and verify defined empty-result behavior. 2. Execute the platform workflow to link a maintenance task to its source instruction revision. 3. Capture the committed result, resource version, or run status. 4. Compare the result with the source fixture and the declared invariant. 5. Repeat or recover the operation when applicable; verify access, audit evidence, and side effects.","The platform must correctly link a maintenance task to its source instruction revision; the empty input condition follows the configured contract; valid state is preserved, invalid or unauthorized work is rejected or quarantined without silent loss, retries do not duplicate side effects, lineage and audit evidence remain available, and no production records or credentials are used. Safety boundary: Use unclassified synthetic assets, work cards, components, and offline simulation data only. No operational flight, mission, or controlled technical data is included; run the suite against isolated test systems and do not interpret it as airworthiness certification.",Playwright + platform UI/API,"aerospace,market-platform,synthetic-data,airworthiness_records,empty-input"
Aerospace and MRO,Airworthiness and Records,AERO-AIRWORTH-00013,Airworthiness and Records: prevent record approval without required signoff (empty input),Aerospace and MRO: prevent record approval without required signoff with empty input,Functional,Medium,"Non-production tenant or isolated local fixture; synthetic records only; Use an empty source or namespace and verify defined empty-result behavior. Safety boundary: Use unclassified synthetic assets, work cards, components, and offline simulation data only. No operational flight, mission, or controlled technical data is included; run the suite against isolated test systems and do not interpret it as airworthiness certification.","1. Create a disposable, versioned synthetic fixture: Use an empty source or namespace and verify defined empty-result behavior. 2. Execute the platform workflow to prevent record approval without required signoff. 3. Capture the committed result, resource version, or run status. 4. Compare the result with the source fixture and the declared invariant. 5. Repeat or recover the operation when applicable; verify access, audit evidence, and side effects.","The platform must correctly prevent record approval without required signoff; the empty input condition follows the configured contract; valid state is preserved, invalid or unauthorized work is rejected or quarantined without silent loss, retries do not duplicate side effects, lineage and audit evidence remain available, and no production records or credentials are used. Safety boundary: Use unclassified synthetic assets, work cards, components, and offline simulation data only. No operational flight, mission, or controlled technical data is included; run the suite against isolated test systems and do not interpret it as airworthiness certification.",Playwright + platform UI/API,"aerospace,market-platform,synthetic-data,airworthiness_records,empty-input"
Aerospace and MRO,Airworthiness and Records,AERO-AIRWORTH-00014,Airworthiness and Records: correct a record through a traceable amendment (empty input),Aerospace and MRO: correct a record through a traceable amendment with empty input,Functional,High,"Non-production tenant or isolated local fixture; synthetic records only; Use an empty source or namespace and verify defined empty-result behavior. Safety boundary: Use unclassified synthetic assets, work cards, components, and offline simulation data only. No operational flight, mission, or controlled technical data is included; run the suite against isolated test systems and do not interpret it as airworthiness certification.","1. Create a disposable, versioned synthetic fixture: Use an empty source or namespace and verify defined empty-result behavior. 2. Execute the platform workflow to correct a record through a traceable amendment. 3. Capture the committed result, resource version, or run status. 4. Compare the result with the source fixture and the declared invariant. 5. Repeat or recover the operation when applicable; verify access, audit evidence, and side effects.","The platform must correctly correct a record through a traceable amendment; the empty input condition follows the configured contract; valid state is preserved, invalid or unauthorized work is rejected or quarantined without silent loss, retries do not duplicate side effects, lineage and audit evidence remain available, and no production records or credentials are used. Safety boundary: Use unclassified synthetic assets, work cards, components, and offline simulation data only. No operational flight, mission, or controlled technical data is included; run the suite against isolated test systems and do not interpret it as airworthiness certification.",Playwright + platform UI/API,"aerospace,market-platform,synthetic-data,airworthiness_records,empty-input"
Aerospace and MRO,Airworthiness and Records,AERO-AIRWORTH-00015,Airworthiness and Records: retain record history after a configuration change (empty input),Aerospace and MRO: retain record history after a configuration change with empty input,Functional,High,"Non-production tenant or isolated local fixture; synthetic records only; Use an empty source or namespace and verify defined empty-result behavior. Safety boundary: Use unclassified synthetic assets, work cards, components, and offline simulation data only. No operational flight, mission, or controlled technical data is included; run the suite against isolated test systems and do not interpret it as airworthiness certification.","1. Create a disposable, versioned synthetic fixture: Use an empty source or namespace and verify defined empty-result behavior. 2. Execute the platform workflow to retain record history after a configuration change. 3. Capture the committed result, resource version, or run status. 4. Compare the result with the source fixture and the declared invariant. 5. Repeat or recover the operation when applicable; verify access, audit evidence, and side effects.","The platform must correctly retain record history after a configuration change; the empty input condition follows the configured contract; valid state is preserved, invalid or unauthorized work is rejected or quarantined without silent loss, retries do not duplicate side effects, lineage and audit evidence remain available, and no production records or credentials are used. Safety boundary: Use unclassified synthetic assets, work cards, components, and offline simulation data only. No operational flight, mission, or controlled technical data is included; run the suite against isolated test systems and do not interpret it as airworthiness certification.",Playwright + platform UI/API,"aerospace,market-platform,synthetic-data,airworthiness_records,empty-input"
Aerospace and MRO,Airworthiness and Records,AERO-AIRWORTH-00016,Airworthiness and Records: restrict records by assigned program and role (empty input),Aerospace and MRO: restrict records by assigned program and role with empty input,Functional,High,"Non-production tenant or isolated local fixture; synthetic records only; Use an empty source or namespace and verify defined empty-result behavior. Safety boundary: Use unclassified synthetic assets, work cards, components, and offline simulation data only. No operational flight, mission, or controlled technical data is included; run the suite against isolated test systems and do not interpret it as airworthiness certification.","1. Create a disposable, versioned synthetic fixture: Use an empty source or namespace and verify defined empty-result behavior. 2. Execute the platform workflow to restrict records by assigned program and role. 3. Capture the committed result, resource version, or run status. 4. Compare the result with the source fixture and the declared invariant. 5. Repeat or recover the operation when applicable; verify access, audit evidence, and side effects.","The platform must correctly restrict records by assigned program and role; the empty input condition follows the configured contract; valid state is preserved, invalid or unauthorized work is rejected or quarantined without silent loss, retries do not duplicate side effects, lineage and audit evidence remain available, and no production records or credentials are used. Safety boundary: Use unclassified synthetic assets, work cards, components, and offline simulation data only. No operational flight, mission, or controlled technical data is included; run the suite against isolated test systems and do not interpret it as airworthiness certification.",Playwright + platform UI/API,"aerospace,market-platform,synthetic-data,airworthiness_records,empty-input"
Aerospace and MRO,Airworthiness and Records,AERO-AIRWORTH-00017,Airworthiness and Records: export a scoped record set with synthetic serials (empty input),Aerospace and MRO: export a scoped record set with synthetic serials with empty input,Functional,Medium,"Non-production tenant or isolated local fixture; synthetic records only; Use an empty source or namespace and verify defined empty-result behavior. Safety boundary: Use unclassified synthetic assets, work cards, components, and offline simulation data only. No operational flight, mission, or controlled technical data is included; run the suite against isolated test systems and do not interpret it as airworthiness certification.","1. Create a disposable, versioned synthetic fixture: Use an empty source or namespace and verify defined empty-result behavior. 2. Execute the platform workflow to export a scoped record set with synthetic serials. 3. Capture the committed result, resource version, or run status. 4. Compare the result with the source fixture and the declared invariant. 5. Repeat or recover the operation when applicable; verify access, audit evidence, and side effects.","The platform must correctly export a scoped record set with synthetic serials; the empty input condition follows the configured contract; valid state is preserved, invalid or unauthorized work is rejected or quarantined without silent loss, retries do not duplicate side effects, lineage and audit evidence remain available, and no production records or credentials are used. Safety boundary: Use unclassified synthetic assets, work cards, components, and offline simulation data only. No operational flight, mission, or controlled technical data is included; run the suite against isolated test systems and do not interpret it as airworthiness certification.",Playwright + platform UI/API,"aerospace,market-platform,synthetic-data,airworthiness_records,empty-input"
Aerospace and MRO,Airworthiness and Records,AERO-AIRWORTH-00018,Airworthiness and Records: detect a missing approval in a record package (empty input),Aerospace and MRO: detect a missing approval in a record package with empty input,Functional,High,"Non-production tenant or isolated local fixture; synthetic records only; Use an empty source or namespace and verify defined empty-result behavior. Safety boundary: Use unclassified synthetic assets, work cards, components, and offline simulation data only. No operational flight, mission, or controlled technical data is included; run the suite against isolated test systems and do not interpret it as airworthiness certification.","1. Create a disposable, versioned synthetic fixture: Use an empty source or namespace and verify defined empty-result behavior. 2. Execute the platform workflow to detect a missing approval in a record package. 3. Capture the committed result, resource version, or run status. 4. Compare the result with the source fixture and the declared invariant. 5. Repeat or recover the operation when applicable; verify access, audit evidence, and side effects.","The platform must correctly detect a missing approval in a record package; the empty input condition follows the configured contract; valid state is preserved, invalid or unauthorized work is rejected or quarantined without silent loss, retries do not duplicate side effects, lineage and audit evidence remain available, and no production records or credentials are used. Safety boundary: Use unclassified synthetic assets, work cards, components, and offline simulation data only. No operational flight, mission, or controlled technical data is included; run the suite against isolated test systems and do not interpret it as airworthiness certification.",Playwright + platform UI/API,"aerospace,market-platform,synthetic-data,airworthiness_records,empty-input"
Aerospace and MRO,Airworthiness and Records,AERO-AIRWORTH-00019,Airworthiness and Records: reconcile status across asset and task views (empty input),Aerospace and MRO: reconcile status across asset and task views with empty input,Functional,High,"Non-production tenant or isolated local fixture; synthetic records only; Use an empty source or namespace and verify defined empty-result behavior. Safety boundary: Use unclassified synthetic assets, work cards, components, and offline simulation data only. No operational flight, mission, or controlled technical data is included; run the suite against isolated test systems and do not interpret it as airworthiness certification.","1. Create a disposable, versioned synthetic fixture: Use an empty source or namespace and verify defined empty-result behavior. 2. Execute the platform workflow to reconcile status across asset and task views. 3. Capture the committed result, resource version, or run status. 4. Compare the result with the source fixture and the declared invariant. 5. Repeat or recover the operation when applicable; verify access, audit evidence, and side effects.","The platform must correctly reconcile status across asset and task views; the empty input condition follows the configured contract; valid state is preserved, invalid or unauthorized work is rejected or quarantined without silent loss, retries do not duplicate side effects, lineage and audit evidence remain available, and no production records or credentials are used. Safety boundary: Use unclassified synthetic assets, work cards, components, and offline simulation data only. No operational flight, mission, or controlled technical data is included; run the suite against isolated test systems and do not interpret it as airworthiness certification.",Playwright + platform UI/API,"aerospace,market-platform,synthetic-data,airworthiness_records,empty-input"
Aerospace and MRO,Airworthiness and Records,AERO-AIRWORTH-00020,Airworthiness and Records: audit record review and release (empty input),Aerospace and MRO: audit record review and release with empty input,Functional,High,"Non-production tenant or isolated local fixture; synthetic records only; Use an empty source or namespace and verify defined empty-result behavior. Safety boundary: Use unclassified synthetic assets, work cards, components, and offline simulation data only. No operational flight, mission, or controlled technical data is included; run the suite against isolated test systems and do not interpret it as airworthiness certification.","1. Create a disposable, versioned synthetic fixture: Use an empty source or namespace and verify defined empty-result behavior. 2. Execute the platform workflow to audit record review and release. 3. Capture the committed result, resource version, or run status. 4. Compare the result with the source fixture and the declared invariant. 5. Repeat or recover the operation when applicable; verify access, audit evidence, and side effects.","The platform must correctly audit record review and release; the empty input condition follows the configured contract; valid state is preserved, invalid or unauthorized work is rejected or quarantined without silent loss, retries do not duplicate side effects, lineage and audit evidence remain available, and no production records or credentials are used. Safety boundary: Use unclassified synthetic assets, work cards, components, and offline simulation data only. No operational flight, mission, or controlled technical data is included; run the suite against isolated test systems and do not interpret it as airworthiness certification.",Playwright + platform UI/API,"aerospace,market-platform,synthetic-data,airworthiness_records,empty-input"
Aerospace and MRO,Airworthiness and Records,AERO-AIRWORTH-00021,Airworthiness and Records: assemble a synthetic compliance record for a test asset (single record),Aerospace and MRO: assemble a synthetic compliance record for a test asset with single record,Functional,Medium,"Non-production tenant or isolated local fixture; synthetic records only; Use one valid synthetic record and verify the smallest non-empty result. Safety boundary: Use unclassified synthetic assets, work cards, components, and offline simulation data only. No operational flight, mission, or controlled technical data is included; run the suite against isolated test systems and do not interpret it as airworthiness certification.","1. Create a disposable, versioned synthetic fixture: Use one valid synthetic record and verify the smallest non-empty result. 2. Execute the platform workflow to assemble a synthetic compliance record for a test asset. 3. Capture the committed result, resource version, or run status. 4. Compare the result with the source fixture and the declared invariant. 5. Repeat or recover the operation when applicable; verify access, audit evidence, and side effects.","The platform must correctly assemble a synthetic compliance record for a test asset; the single record condition follows the configured contract; valid state is preserved, invalid or unauthorized work is rejected or quarantined without silent loss, retries do not duplicate side effects, lineage and audit evidence remain available, and no production records or credentials are used. Safety boundary: Use unclassified synthetic assets, work cards, components, and offline simulation data only. No operational flight, mission, or controlled technical data is included; run the suite against isolated test systems and do not interpret it as airworthiness certification.",Playwright + platform UI/API,"aerospace,market-platform,synthetic-data,airworthiness_records,single-record"
Aerospace and MRO,Airworthiness and Records,AERO-AIRWORTH-00022,Airworthiness and Records: link a maintenance task to its source instruction revision (single record),Aerospace and MRO: link a maintenance task to its source instruction revision with single record,Functional,High,"Non-production tenant or isolated local fixture; synthetic records only; Use one valid synthetic record and verify the smallest non-empty result. Safety boundary: Use unclassified synthetic assets, work cards, components, and offline simulation data only. No operational flight, mission, or controlled technical data is included; run the suite against isolated test systems and do not interpret it as airworthiness certification.","1. Create a disposable, versioned synthetic fixture: Use one valid synthetic record and verify the smallest non-empty result. 2. Execute the platform workflow to link a maintenance task to its source instruction revision. 3. Capture the committed result, resource version, or run status. 4. Compare the result with the source fixture and the declared invariant. 5. Repeat or recover the operation when applicable; verify access, audit evidence, and side effects.","The platform must correctly link a maintenance task to its source instruction revision; the single record condition follows the configured contract; valid state is preserved, invalid or unauthorized work is rejected or quarantined without silent loss, retries do not duplicate side effects, lineage and audit evidence remain available, and no production records or credentials are used. Safety boundary: Use unclassified synthetic assets, work cards, components, and offline simulation data only. No operational flight, mission, or controlled technical data is included; run the suite against isolated test systems and do not interpret it as airworthiness certification.",Playwright + platform UI/API,"aerospace,market-platform,synthetic-data,airworthiness_records,single-record"
Aerospace and MRO,Airworthiness and Records,AERO-AIRWORTH-00023,Airworthiness and Records: prevent record approval without required signoff (single record),Aerospace and MRO: prevent record approval without required signoff with single record,Functional,High,"Non-production tenant or isolated local fixture; synthetic records only; Use one valid synthetic record and verify the smallest non-empty result. Safety boundary: Use unclassified synthetic assets, work cards, components, and offline simulation data only. No operational flight, mission, or controlled technical data is included; run the suite against isolated test systems and do not interpret it as airworthiness certification.","1. Create a disposable, versioned synthetic fixture: Use one valid synthetic record and verify the smallest non-empty result. 2. Execute the platform workflow to prevent record approval without required signoff. 3. Capture the committed result, resource version, or run status. 4. Compare the result with the source fixture and the declared invariant. 5. Repeat or recover the operation when applicable; verify access, audit evidence, and side effects.","The platform must correctly prevent record approval without required signoff; the single record condition follows the configured contract; valid state is preserved, invalid or unauthorized work is rejected or quarantined without silent loss, retries do not duplicate side effects, lineage and audit evidence remain available, and no production records or credentials are used. Safety boundary: Use unclassified synthetic assets, work cards, components, and offline simulation data only. No operational flight, mission, or controlled technical data is included; run the suite against isolated test systems and do not interpret it as airworthiness certification.",Playwright + platform UI/API,"aerospace,market-platform,synthetic-data,airworthiness_records,single-record"
Aerospace and MRO,Airworthiness and Records,AERO-AIRWORTH-00024,Airworthiness and Records: correct a record through a traceable amendment (single record),Aerospace and MRO: correct a record through a traceable amendment with single record,Functional,High,"Non-production tenant or isolated local fixture; synthetic records only; Use one valid synthetic record and verify the smallest non-empty result. Safety boundary: Use unclassified synthetic assets, work cards, components, and offline simulation data only. No operational flight, mission, or controlled technical data is included; run the suite against isolated test systems and do not interpret it as airworthiness certification.","1. Create a disposable, versioned synthetic fixture: Use one valid synthetic record and verify the smallest non-empty result. 2. Execute the platform workflow to correct a record through a traceable amendment. 3. Capture the committed result, resource version, or run status. 4. Compare the result with the source fixture and the declared invariant. 5. Repeat or recover the operation when applicable; verify access, audit evidence, and side effects.","The platform must correctly correct a record through a traceable amendment; the single record condition follows the configured contract; valid state is preserved, invalid or unauthorized work is rejected or quarantined without silent loss, retries do not duplicate side effects, lineage and audit evidence remain available, and no production records or credentials are used. Safety boundary: Use unclassified synthetic assets, work cards, components, and offline simulation data only. No operational flight, mission, or controlled technical data is included; run the suite against isolated test systems and do not interpret it as airworthiness certification.",Playwright + platform UI/API,"aerospace,market-platform,synthetic-data,airworthiness_records,single-record"
Aerospace and MRO,Airworthiness and Records,AERO-AIRWORTH-00025,Airworthiness and Records: retain record history after a configuration change (single record),Aerospace and MRO: retain record history after a configuration change with single record,Functional,Medium,"Non-production tenant or isolated local fixture; synthetic records only; Use one valid synthetic record and verify the smallest non-empty result. Safety boundary: Use unclassified synthetic assets, work cards, components, and offline simulation data only. No operational flight, mission, or controlled technical data is included; run the suite against isolated test systems and do not interpret it as airworthiness certification.","1. Create a disposable, versioned synthetic fixture: Use one valid synthetic record and verify the smallest non-empty result. 2. Execute the platform workflow to retain record history after a configuration change. 3. Capture the committed result, resource version, or run status. 4. Compare the result with the source fixture and the declared invariant. 5. Repeat or recover the operation when applicable; verify access, audit evidence, and side effects.","The platform must correctly retain record history after a configuration change; the single record condition follows the configured contract; valid state is preserved, invalid or unauthorized work is rejected or quarantined without silent loss, retries do not duplicate side effects, lineage and audit evidence remain available, and no production records or credentials are used. Safety boundary: Use unclassified synthetic assets, work cards, components, and offline simulation data only. No operational flight, mission, or controlled technical data is included; run the suite against isolated test systems and do not interpret it as airworthiness certification.",Playwright + platform UI/API,"aerospace,market-platform,synthetic-data,airworthiness_records,single-record"
Aerospace and MRO,Airworthiness and Records,AERO-AIRWORTH-00026,Airworthiness and Records: restrict records by assigned program and role (single record),Aerospace and MRO: restrict records by assigned program and role with single record,Functional,High,"Non-production tenant or isolated local fixture; synthetic records only; Use one valid synthetic record and verify the smallest non-empty result. Safety boundary: Use unclassified synthetic assets, work cards, components, and offline simulation data only. No operational flight, mission, or controlled technical data is included; run the suite against isolated test systems and do not interpret it as airworthiness certification.","1. Create a disposable, versioned synthetic fixture: Use one valid synthetic record and verify the smallest non-empty result. 2. Execute the platform workflow to restrict records by assigned program and role. 3. Capture the committed result, resource version, or run status. 4. Compare the result with the source fixture and the declared invariant. 5. Repeat or recover the operation when applicable; verify access, audit evidence, and side effects.","The platform must correctly restrict records by assigned program and role; the single record condition follows the configured contract; valid state is preserved, invalid or unauthorized work is rejected or quarantined without silent loss, retries do not duplicate side effects, lineage and audit evidence remain available, and no production records or credentials are used. Safety boundary: Use unclassified synthetic assets, work cards, components, and offline simulation data only. No operational flight, mission, or controlled technical data is included; run the suite against isolated test systems and do not interpret it as airworthiness certification.",Playwright + platform UI/API,"aerospace,market-platform,synthetic-data,airworthiness_records,single-record"
Aerospace and MRO,Airworthiness and Records,AERO-AIRWORTH-00027,Airworthiness and Records: export a scoped record set with synthetic serials (single record),Aerospace and MRO: export a scoped record set with synthetic serials with single record,Functional,High,"Non-production tenant or isolated local fixture; synthetic records only; Use one valid synthetic record and verify the smallest non-empty result. Safety boundary: Use unclassified synthetic assets, work cards, components, and offline simulation data only. No operational flight, mission, or controlled technical data is included; run the suite against isolated test systems and do not interpret it as airworthiness certification.","1. Create a disposable, versioned synthetic fixture: Use one valid synthetic record and verify the smallest non-empty result. 2. Execute the platform workflow to export a scoped record set with synthetic serials. 3. Capture the committed result, resource version, or run status. 4. Compare the result with the source fixture and the declared invariant. 5. Repeat or recover the operation when applicable; verify access, audit evidence, and side effects.","The platform must correctly export a scoped record set with synthetic serials; the single record condition follows the configured contract; valid state is preserved, invalid or unauthorized work is rejected or quarantined without silent loss, retries do not duplicate side effects, lineage and audit evidence remain available, and no production records or credentials are used. Safety boundary: Use unclassified synthetic assets, work cards, components, and offline simulation data only. No operational flight, mission, or controlled technical data is included; run the suite against isolated test systems and do not interpret it as airworthiness certification.",Playwright + platform UI/API,"aerospace,market-platform,synthetic-data,airworthiness_records,single-record"
Aerospace and MRO,Airworthiness and Records,AERO-AIRWORTH-00028,Airworthiness and Records: detect a missing approval in a record package (single record),Aerospace and MRO: detect a missing approval in a record package with single record,Functional,High,"Non-production tenant or isolated local fixture; synthetic records only; Use one valid synthetic record and verify the smallest non-empty result. Safety boundary: Use unclassified synthetic assets, work cards, components, and offline simulation data only. No operational flight, mission, or controlled technical data is included; run the suite against isolated test systems and do not interpret it as airworthiness certification.","1. Create a disposable, versioned synthetic fixture: Use one valid synthetic record and verify the smallest non-empty result. 2. Execute the platform workflow to detect a missing approval in a record package. 3. Capture the committed result, resource version, or run status. 4. Compare the result with the source fixture and the declared invariant. 5. Repeat or recover the operation when applicable; verify access, audit evidence, and side effects.","The platform must correctly detect a missing approval in a record package; the single record condition follows the configured contract; valid state is preserved, invalid or unauthorized work is rejected or quarantined without silent loss, retries do not duplicate side effects, lineage and audit evidence remain available, and no production records or credentials are used. Safety boundary: Use unclassified synthetic assets, work cards, components, and offline simulation data only. No operational flight, mission, or controlled technical data is included; run the suite against isolated test systems and do not interpret it as airworthiness certification.",Playwright + platform UI/API,"aerospace,market-platform,synthetic-data,airworthiness_records,single-record"
Aerospace and MRO,Airworthiness and Records,AERO-AIRWORTH-00029,Airworthiness and Records: reconcile status across asset and task views (single record),Aerospace and MRO: reconcile status across asset and task views with single record,Functional,Medium,"Non-production tenant or isolated local fixture; synthetic records only; Use one valid synthetic record and verify the smallest non-empty result. Safety boundary: Use unclassified synthetic assets, work cards, components, and offline simulation data only. No operational flight, mission, or controlled technical data is included; run the suite against isolated test systems and do not interpret it as airworthiness certification.","1. Create a disposable, versioned synthetic fixture: Use one valid synthetic record and verify the smallest non-empty result. 2. Execute the platform workflow to reconcile status across asset and task views. 3. Capture the committed result, resource version, or run status. 4. Compare the result with the source fixture and the declared invariant. 5. Repeat or recover the operation when applicable; verify access, audit evidence, and side effects.","The platform must correctly reconcile status across asset and task views; the single record condition follows the configured contract; valid state is preserved, invalid or unauthorized work is rejected or quarantined without silent loss, retries do not duplicate side effects, lineage and audit evidence remain available, and no production records or credentials are used. Safety boundary: Use unclassified synthetic assets, work cards, components, and offline simulation data only. No operational flight, mission, or controlled technical data is included; run the suite against isolated test systems and do not interpret it as airworthiness certification.",Playwright + platform UI/API,"aerospace,market-platform,synthetic-data,airworthiness_records,single-record"
Aerospace and MRO,Airworthiness and Records,AERO-AIRWORTH-00030,Airworthiness and Records: audit record review and release (single record),Aerospace and MRO: audit record review and release with single record,Functional,High,"Non-production tenant or isolated local fixture; synthetic records only; Use one valid synthetic record and verify the smallest non-empty result. Safety boundary: Use unclassified synthetic assets, work cards, components, and offline simulation data only. No operational flight, mission, or controlled technical data is included; run the suite against isolated test systems and do not interpret it as airworthiness certification.","1. Create a disposable, versioned synthetic fixture: Use one valid synthetic record and verify the smallest non-empty result. 2. Execute the platform workflow to audit record review and release. 3. Capture the committed result, resource version, or run status. 4. Compare the result with the source fixture and the declared invariant. 5. Repeat or recover the operation when applicable; verify access, audit evidence, and side effects.","The platform must correctly audit record review and release; the single record condition follows the configured contract; valid state is preserved, invalid or unauthorized work is rejected or quarantined without silent loss, retries do not duplicate side effects, lineage and audit evidence remain available, and no production records or credentials are used. Safety boundary: Use unclassified synthetic assets, work cards, components, and offline simulation data only. No operational flight, mission, or controlled technical data is included; run the suite against isolated test systems and do not interpret it as airworthiness certification.",Playwright + platform UI/API,"aerospace,market-platform,synthetic-data,airworthiness_records,single-record"
Aerospace and MRO,Airworthiness and Records,AERO-AIRWORTH-00031,Airworthiness and Records: assemble a synthetic compliance record for a test asset (duplicate key),Aerospace and MRO: assemble a synthetic compliance record for a test asset with duplicate key,Functional,High,"Non-production tenant or isolated local fixture; synthetic records only; Submit a duplicate business key and verify the declared deduplication or rejection rule. Safety boundary: Use unclassified synthetic assets, work cards, components, and offline simulation data only. No operational flight, mission, or controlled technical data is included; run the suite against isolated test systems and do not interpret it as airworthiness certification.","1. Create a disposable, versioned synthetic fixture: Submit a duplicate business key and verify the declared deduplication or rejection rule. 2. Execute the platform workflow to assemble a synthetic compliance record for a test asset. 3. Capture the committed result, resource version, or run status. 4. Compare the result with the source fixture and the declared invariant. 5. Repeat or recover the operation when applicable; verify access, audit evidence, and side effects.","The platform must correctly assemble a synthetic compliance record for a test asset; the duplicate key condition follows the configured contract; valid state is preserved, invalid or unauthorized work is rejected or quarantined without silent loss, retries do not duplicate side effects, lineage and audit evidence remain available, and no production records or credentials are used. Safety boundary: Use unclassified synthetic assets, work cards, components, and offline simulation data only. No operational flight, mission, or controlled technical data is included; run the suite against isolated test systems and do not interpret it as airworthiness certification.",Playwright + platform UI/API,"aerospace,market-platform,synthetic-data,airworthiness_records,duplicate-key"
Aerospace and MRO,Airworthiness and Records,AERO-AIRWORTH-00032,Airworthiness and Records: link a maintenance task to its source instruction revision (duplicate key),Aerospace and MRO: link a maintenance task to its source instruction revision with duplicate key,Functional,High,"Non-production tenant or isolated local fixture; synthetic records only; Submit a duplicate business key and verify the declared deduplication or rejection rule. Safety boundary: Use unclassified synthetic assets, work cards, components, and offline simulation data only. No operational flight, mission, or controlled technical data is included; run the suite against isolated test systems and do not interpret it as airworthiness certification.","1. Create a disposable, versioned synthetic fixture: Submit a duplicate business key and verify the declared deduplication or rejection rule. 2. Execute the platform workflow to link a maintenance task to its source instruction revision. 3. Capture the committed result, resource version, or run status. 4. Compare the result with the source fixture and the declared invariant. 5. Repeat or recover the operation when applicable; verify access, audit evidence, and side effects.","The platform must correctly link a maintenance task to its source instruction revision; the duplicate key condition follows the configured contract; valid state is preserved, invalid or unauthorized work is rejected or quarantined without silent loss, retries do not duplicate side effects, lineage and audit evidence remain available, and no production records or credentials are used. Safety boundary: Use unclassified synthetic assets, work cards, components, and offline simulation data only. No operational flight, mission, or controlled technical data is included; run the suite against isolated test systems and do not interpret it as airworthiness certification.",Playwright + platform UI/API,"aerospace,market-platform,synthetic-data,airworthiness_records,duplicate-key"
Aerospace and MRO,Airworthiness and Records,AERO-AIRWORTH-00033,Airworthiness and Records: prevent record approval without required signoff (duplicate key),Aerospace and MRO: prevent record approval without required signoff with duplicate key,Functional,Medium,"Non-production tenant or isolated local fixture; synthetic records only; Submit a duplicate business key and verify the declared deduplication or rejection rule. Safety boundary: Use unclassified synthetic assets, work cards, components, and offline simulation data only. No operational flight, mission, or controlled technical data is included; run the suite against isolated test systems and do not interpret it as airworthiness certification.","1. Create a disposable, versioned synthetic fixture: Submit a duplicate business key and verify the declared deduplication or rejection rule. 2. Execute the platform workflow to prevent record approval without required signoff. 3. Capture the committed result, resource version, or run status. 4. Compare the result with the source fixture and the declared invariant. 5. Repeat or recover the operation when applicable; verify access, audit evidence, and side effects.","The platform must correctly prevent record approval without required signoff; the duplicate key condition follows the configured contract; valid state is preserved, invalid or unauthorized work is rejected or quarantined without silent loss, retries do not duplicate side effects, lineage and audit evidence remain available, and no production records or credentials are used. Safety boundary: Use unclassified synthetic assets, work cards, components, and offline simulation data only. No operational flight, mission, or controlled technical data is included; run the suite against isolated test systems and do not interpret it as airworthiness certification.",Playwright + platform UI/API,"aerospace,market-platform,synthetic-data,airworthiness_records,duplicate-key"
Aerospace and MRO,Airworthiness and Records,AERO-AIRWORTH-00034,Airworthiness and Records: correct a record through a traceable amendment (duplicate key),Aerospace and MRO: correct a record through a traceable amendment with duplicate key,Functional,High,"Non-production tenant or isolated local fixture; synthetic records only; Submit a duplicate business key and verify the declared deduplication or rejection rule. Safety boundary: Use unclassified synthetic assets, work cards, components, and offline simulation data only. No operational flight, mission, or controlled technical data is included; run the suite against isolated test systems and do not interpret it as airworthiness certification.","1. Create a disposable, versioned synthetic fixture: Submit a duplicate business key and verify the declared deduplication or rejection rule. 2. Execute the platform workflow to correct a record through a traceable amendment. 3. Capture the committed result, resource version, or run status. 4. Compare the result with the source fixture and the declared invariant. 5. Repeat or recover the operation when applicable; verify access, audit evidence, and side effects.","The platform must correctly correct a record through a traceable amendment; the duplicate key condition follows the configured contract; valid state is preserved, invalid or unauthorized work is rejected or quarantined without silent loss, retries do not duplicate side effects, lineage and audit evidence remain available, and no production records or credentials are used. Safety boundary: Use unclassified synthetic assets, work cards, components, and offline simulation data only. No operational flight, mission, or controlled technical data is included; run the suite against isolated test systems and do not interpret it as airworthiness certification.",Playwright + platform UI/API,"aerospace,market-platform,synthetic-data,airworthiness_records,duplicate-key"
Aerospace and MRO,Airworthiness and Records,AERO-AIRWORTH-00035,Airworthiness and Records: retain record history after a configuration change (duplicate key),Aerospace and MRO: retain record history after a configuration change with duplicate key,Functional,High,"Non-production tenant or isolated local fixture; synthetic records only; Submit a duplicate business key and verify the declared deduplication or rejection rule. Safety boundary: Use unclassified synthetic assets, work cards, components, and offline simulation data only. No operational flight, mission, or controlled technical data is included; run the suite against isolated test systems and do not interpret it as airworthiness certification.","1. Create a disposable, versioned synthetic fixture: Submit a duplicate business key and verify the declared deduplication or rejection rule. 2. Execute the platform workflow to retain record history after a configuration change. 3. Capture the committed result, resource version, or run status. 4. Compare the result with the source fixture and the declared invariant. 5. Repeat or recover the operation when applicable; verify access, audit evidence, and side effects.","The platform must correctly retain record history after a configuration change; the duplicate key condition follows the configured contract; valid state is preserved, invalid or unauthorized work is rejected or quarantined without silent loss, retries do not duplicate side effects, lineage and audit evidence remain available, and no production records or credentials are used. Safety boundary: Use unclassified synthetic assets, work cards, components, and offline simulation data only. No operational flight, mission, or controlled technical data is included; run the suite against isolated test systems and do not interpret it as airworthiness certification.",Playwright + platform UI/API,"aerospace,market-platform,synthetic-data,airworthiness_records,duplicate-key"
Aerospace and MRO,Airworthiness and Records,AERO-AIRWORTH-00036,Airworthiness and Records: restrict records by assigned program and role (duplicate key),Aerospace and MRO: restrict records by assigned program and role with duplicate key,Functional,High,"Non-production tenant or isolated local fixture; synthetic records only; Submit a duplicate business key and verify the declared deduplication or rejection rule. Safety boundary: Use unclassified synthetic assets, work cards, components, and offline simulation data only. No operational flight, mission, or controlled technical data is included; run the suite against isolated test systems and do not interpret it as airworthiness certification.","1. Create a disposable, versioned synthetic fixture: Submit a duplicate business key and verify the declared deduplication or rejection rule. 2. Execute the platform workflow to restrict records by assigned program and role. 3. Capture the committed result, resource version, or run status. 4. Compare the result with the source fixture and the declared invariant. 5. Repeat or recover the operation when applicable; verify access, audit evidence, and side effects.","The platform must correctly restrict records by assigned program and role; the duplicate key condition follows the configured contract; valid state is preserved, invalid or unauthorized work is rejected or quarantined without silent loss, retries do not duplicate side effects, lineage and audit evidence remain available, and no production records or credentials are used. Safety boundary: Use unclassified synthetic assets, work cards, components, and offline simulation data only. No operational flight, mission, or controlled technical data is included; run the suite against isolated test systems and do not interpret it as airworthiness certification.",Playwright + platform UI/API,"aerospace,market-platform,synthetic-data,airworthiness_records,duplicate-key"
Aerospace and MRO,Airworthiness and Records,AERO-AIRWORTH-00037,Airworthiness and Records: export a scoped record set with synthetic serials (duplicate key),Aerospace and MRO: export a scoped record set with synthetic serials with duplicate key,Functional,Medium,"Non-production tenant or isolated local fixture; synthetic records only; Submit a duplicate business key and verify the declared deduplication or rejection rule. Safety boundary: Use unclassified synthetic assets, work cards, components, and offline simulation data only. No operational flight, mission, or controlled technical data is included; run the suite against isolated test systems and do not interpret it as airworthiness certification.","1. Create a disposable, versioned synthetic fixture: Submit a duplicate business key and verify the declared deduplication or rejection rule. 2. Execute the platform workflow to export a scoped record set with synthetic serials. 3. Capture the committed result, resource version, or run status. 4. Compare the result with the source fixture and the declared invariant. 5. Repeat or recover the operation when applicable; verify access, audit evidence, and side effects.","The platform must correctly export a scoped record set with synthetic serials; the duplicate key condition follows the configured contract; valid state is preserved, invalid or unauthorized work is rejected or quarantined without silent loss, retries do not duplicate side effects, lineage and audit evidence remain available, and no production records or credentials are used. Safety boundary: Use unclassified synthetic assets, work cards, components, and offline simulation data only. No operational flight, mission, or controlled technical data is included; run the suite against isolated test systems and do not interpret it as airworthiness certification.",Playwright + platform UI/API,"aerospace,market-platform,synthetic-data,airworthiness_records,duplicate-key"
Aerospace and MRO,Airworthiness and Records,AERO-AIRWORTH-00038,Airworthiness and Records: detect a missing approval in a record package (duplicate key),Aerospace and MRO: detect a missing approval in a record package with duplicate key,Functional,High,"Non-production tenant or isolated local fixture; synthetic records only; Submit a duplicate business key and verify the declared deduplication or rejection rule. Safety boundary: Use unclassified synthetic assets, work cards, components, and offline simulation data only. No operational flight, mission, or controlled technical data is included; run the suite against isolated test systems and do not interpret it as airworthiness certification.","1. Create a disposable, versioned synthetic fixture: Submit a duplicate business key and verify the declared deduplication or rejection rule. 2. Execute the platform workflow to detect a missing approval in a record package. 3. Capture the committed result, resource version, or run status. 4. Compare the result with the source fixture and the declared invariant. 5. Repeat or recover the operation when applicable; verify access, audit evidence, and side effects.","The platform must correctly detect a missing approval in a record package; the duplicate key condition follows the configured contract; valid state is preserved, invalid or unauthorized work is rejected or quarantined without silent loss, retries do not duplicate side effects, lineage and audit evidence remain available, and no production records or credentials are used. Safety boundary: Use unclassified synthetic assets, work cards, components, and offline simulation data only. No operational flight, mission, or controlled technical data is included; run the suite against isolated test systems and do not interpret it as airworthiness certification.",Playwright + platform UI/API,"aerospace,market-platform,synthetic-data,airworthiness_records,duplicate-key"
Aerospace and MRO,Airworthiness and Records,AERO-AIRWORTH-00039,Airworthiness and Records: reconcile status across asset and task views (duplicate key),Aerospace and MRO: reconcile status across asset and task views with duplicate key,Functional,High,"Non-production tenant or isolated local fixture; synthetic records only; Submit a duplicate business key and verify the declared deduplication or rejection rule. Safety boundary: Use unclassified synthetic assets, work cards, components, and offline simulation data only. No operational flight, mission, or controlled technical data is included; run the suite against isolated test systems and do not interpret it as airworthiness certification.","1. Create a disposable, versioned synthetic fixture: Submit a duplicate business key and verify the declared deduplication or rejection rule. 2. Execute the platform workflow to reconcile status across asset and task views. 3. Capture the committed result, resource version, or run status. 4. Compare the result with the source fixture and the declared invariant. 5. Repeat or recover the operation when applicable; verify access, audit evidence, and side effects.","The platform must correctly reconcile status across asset and task views; the duplicate key condition follows the configured contract; valid state is preserved, invalid or unauthorized work is rejected or quarantined without silent loss, retries do not duplicate side effects, lineage and audit evidence remain available, and no production records or credentials are used. Safety boundary: Use unclassified synthetic assets, work cards, components, and offline simulation data only. No operational flight, mission, or controlled technical data is included; run the suite against isolated test systems and do not interpret it as airworthiness certification.",Playwright + platform UI/API,"aerospace,market-platform,synthetic-data,airworthiness_records,duplicate-key"
Aerospace and MRO,Airworthiness and Records,AERO-AIRWORTH-00040,Airworthiness and Records: audit record review and release (duplicate key),Aerospace and MRO: audit record review and release with duplicate key,Functional,High,"Non-production tenant or isolated local fixture; synthetic records only; Submit a duplicate business key and verify the declared deduplication or rejection rule. Safety boundary: Use unclassified synthetic assets, work cards, components, and offline simulation data only. No operational flight, mission, or controlled technical data is included; run the suite against isolated test systems and do not interpret it as airworthiness certification.","1. Create a disposable, versioned synthetic fixture: Submit a duplicate business key and verify the declared deduplication or rejection rule. 2. Execute the platform workflow to audit record review and release. 3. Capture the committed result, resource version, or run status. 4. Compare the result with the source fixture and the declared invariant. 5. Repeat or recover the operation when applicable; verify access, audit evidence, and side effects.","The platform must correctly audit record review and release; the duplicate key condition follows the configured contract; valid state is preserved, invalid or unauthorized work is rejected or quarantined without silent loss, retries do not duplicate side effects, lineage and audit evidence remain available, and no production records or credentials are used. Safety boundary: Use unclassified synthetic assets, work cards, components, and offline simulation data only. No operational flight, mission, or controlled technical data is included; run the suite against isolated test systems and do not interpret it as airworthiness certification.",Playwright + platform UI/API,"aerospace,market-platform,synthetic-data,airworthiness_records,duplicate-key"
Aerospace and MRO,Airworthiness and Records,AERO-AIRWORTH-00041,Airworthiness and Records: assemble a synthetic compliance record for a test asset (nullable optional field),Aerospace and MRO: assemble a synthetic compliance record for a test asset with nullable optional field,Functional,Medium,"Non-production tenant or isolated local fixture; synthetic records only; Set optional fields to null while retaining all required identifiers. Safety boundary: Use unclassified synthetic assets, work cards, components, and offline simulation data only. No operational flight, mission, or controlled technical data is included; run the suite against isolated test systems and do not interpret it as airworthiness certification.","1. Create a disposable, versioned synthetic fixture: Set optional fields to null while retaining all required identifiers. 2. Execute the platform workflow to assemble a synthetic compliance record for a test asset. 3. Capture the committed result, resource version, or run status. 4. Compare the result with the source fixture and the declared invariant. 5. Repeat or recover the operation when applicable; verify access, audit evidence, and side effects.","The platform must correctly assemble a synthetic compliance record for a test asset; the nullable optional field condition follows the configured contract; valid state is preserved, invalid or unauthorized work is rejected or quarantined without silent loss, retries do not duplicate side effects, lineage and audit evidence remain available, and no production records or credentials are used. Safety boundary: Use unclassified synthetic assets, work cards, components, and offline simulation data only. No operational flight, mission, or controlled technical data is included; run the suite against isolated test systems and do not interpret it as airworthiness certification.",Playwright + platform UI/API,"aerospace,market-platform,synthetic-data,airworthiness_records,nullable-optional-field"
Aerospace and MRO,Airworthiness and Records,AERO-AIRWORTH-00042,Airworthiness and Records: link a maintenance task to its source instruction revision (nullable optional field),Aerospace and MRO: link a maintenance task to its source instruction revision with nullable optional field,Functional,High,"Non-production tenant or isolated local fixture; synthetic records only; Set optional fields to null while retaining all required identifiers. Safety boundary: Use unclassified synthetic assets, work cards, components, and offline simulation data only. No operational flight, mission, or controlled technical data is included; run the suite against isolated test systems and do not interpret it as airworthiness certification.","1. Create a disposable, versioned synthetic fixture: Set optional fields to null while retaining all required identifiers. 2. Execute the platform workflow to link a maintenance task to its source instruction revision. 3. Capture the committed result, resource version, or run status. 4. Compare the result with the source fixture and the declared invariant. 5. Repeat or recover the operation when applicable; verify access, audit evidence, and side effects.","The platform must correctly link a maintenance task to its source instruction revision; the nullable optional field condition follows the configured contract; valid state is preserved, invalid or unauthorized work is rejected or quarantined without silent loss, retries do not duplicate side effects, lineage and audit evidence remain available, and no production records or credentials are used. Safety boundary: Use unclassified synthetic assets, work cards, components, and offline simulation data only. No operational flight, mission, or controlled technical data is included; run the suite against isolated test systems and do not interpret it as airworthiness certification.",Playwright + platform UI/API,"aerospace,market-platform,synthetic-data,airworthiness_records,nullable-optional-field"
Aerospace and MRO,Airworthiness and Records,AERO-AIRWORTH-00043,Airworthiness and Records: prevent record approval without required signoff (nullable optional field),Aerospace and MRO: prevent record approval without required signoff with nullable optional field,Functional,High,"Non-production tenant or isolated local fixture; synthetic records only; Set optional fields to null while retaining all required identifiers. Safety boundary: Use unclassified synthetic assets, work cards, components, and offline simulation data only. No operational flight, mission, or controlled technical data is included; run the suite against isolated test systems and do not interpret it as airworthiness certification.","1. Create a disposable, versioned synthetic fixture: Set optional fields to null while retaining all required identifiers. 2. Execute the platform workflow to prevent record approval without required signoff. 3. Capture the committed result, resource version, or run status. 4. Compare the result with the source fixture and the declared invariant. 5. Repeat or recover the operation when applicable; verify access, audit evidence, and side effects.","The platform must correctly prevent record approval without required signoff; the nullable optional field condition follows the configured contract; valid state is preserved, invalid or unauthorized work is rejected or quarantined without silent loss, retries do not duplicate side effects, lineage and audit evidence remain available, and no production records or credentials are used. Safety boundary: Use unclassified synthetic assets, work cards, components, and offline simulation data only. No operational flight, mission, or controlled technical data is included; run the suite against isolated test systems and do not interpret it as airworthiness certification.",Playwright + platform UI/API,"aerospace,market-platform,synthetic-data,airworthiness_records,nullable-optional-field"
Aerospace and MRO,Airworthiness and Records,AERO-AIRWORTH-00044,Airworthiness and Records: correct a record through a traceable amendment (nullable optional field),Aerospace and MRO: correct a record through a traceable amendment with nullable optional field,Functional,High,"Non-production tenant or isolated local fixture; synthetic records only; Set optional fields to null while retaining all required identifiers. Safety boundary: Use unclassified synthetic assets, work cards, components, and offline simulation data only. No operational flight, mission, or controlled technical data is included; run the suite against isolated test systems and do not interpret it as airworthiness certification.","1. Create a disposable, versioned synthetic fixture: Set optional fields to null while retaining all required identifiers. 2. Execute the platform workflow to correct a record through a traceable amendment. 3. Capture the committed result, resource version, or run status. 4. Compare the result with the source fixture and the declared invariant. 5. Repeat or recover the operation when applicable; verify access, audit evidence, and side effects.","The platform must correctly correct a record through a traceable amendment; the nullable optional field condition follows the configured contract; valid state is preserved, invalid or unauthorized work is rejected or quarantined without silent loss, retries do not duplicate side effects, lineage and audit evidence remain available, and no production records or credentials are used. Safety boundary: Use unclassified synthetic assets, work cards, components, and offline simulation data only. No operational flight, mission, or controlled technical data is included; run the suite against isolated test systems and do not interpret it as airworthiness certification.",Playwright + platform UI/API,"aerospace,market-platform,synthetic-data,airworthiness_records,nullable-optional-field"
Aerospace and MRO,Airworthiness and Records,AERO-AIRWORTH-00045,Airworthiness and Records: retain record history after a configuration change (nullable optional field),Aerospace and MRO: retain record history after a configuration change with nullable optional field,Functional,Medium,"Non-production tenant or isolated local fixture; synthetic records only; Set optional fields to null while retaining all required identifiers. Safety boundary: Use unclassified synthetic assets, work cards, components, and offline simulation data only. No operational flight, mission, or controlled technical data is included; run the suite against isolated test systems and do not interpret it as airworthiness certification.","1. Create a disposable, versioned synthetic fixture: Set optional fields to null while retaining all required identifiers. 2. Execute the platform workflow to retain record history after a configuration change. 3. Capture the committed result, resource version, or run status. 4. Compare the result with the source fixture and the declared invariant. 5. Repeat or recover the operation when applicable; verify access, audit evidence, and side effects.","The platform must correctly retain record history after a configuration change; the nullable optional field condition follows the configured contract; valid state is preserved, invalid or unauthorized work is rejected or quarantined without silent loss, retries do not duplicate side effects, lineage and audit evidence remain available, and no production records or credentials are used. Safety boundary: Use unclassified synthetic assets, work cards, components, and offline simulation data only. No operational flight, mission, or controlled technical data is included; run the suite against isolated test systems and do not interpret it as airworthiness certification.",Playwright + platform UI/API,"aerospace,market-platform,synthetic-data,airworthiness_records,nullable-optional-field"
Aerospace and MRO,Airworthiness and Records,AERO-AIRWORTH-00046,Airworthiness and Records: restrict records by assigned program and role (nullable optional field),Aerospace and MRO: restrict records by assigned program and role with nullable optional field,Functional,High,"Non-production tenant or isolated local fixture; synthetic records only; Set optional fields to null while retaining all required identifiers. Safety boundary: Use unclassified synthetic assets, work cards, components, and offline simulation data only. No operational flight, mission, or controlled technical data is included; run the suite against isolated test systems and do not interpret it as airworthiness certification.","1. Create a disposable, versioned synthetic fixture: Set optional fields to null while retaining all required identifiers. 2. Execute the platform workflow to restrict records by assigned program and role. 3. Capture the committed result, resource version, or run status. 4. Compare the result with the source fixture and the declared invariant. 5. Repeat or recover the operation when applicable; verify access, audit evidence, and side effects.","The platform must correctly restrict records by assigned program and role; the nullable optional field condition follows the configured contract; valid state is preserved, invalid or unauthorized work is rejected or quarantined without silent loss, retries do not duplicate side effects, lineage and audit evidence remain available, and no production records or credentials are used. Safety boundary: Use unclassified synthetic assets, work cards, components, and offline simulation data only. No operational flight, mission, or controlled technical data is included; run the suite against isolated test systems and do not interpret it as airworthiness certification.",Playwright + platform UI/API,"aerospace,market-platform,synthetic-data,airworthiness_records,nullable-optional-field"
Aerospace and MRO,Airworthiness and Records,AERO-AIRWORTH-00047,Airworthiness and Records: export a scoped record set with synthetic serials (nullable optional field),Aerospace and MRO: export a scoped record set with synthetic serials with nullable optional field,Functional,High,"Non-production tenant or isolated local fixture; synthetic records only; Set optional fields to null while retaining all required identifiers. Safety boundary: Use unclassified synthetic assets, work cards, components, and offline simulation data only. No operational flight, mission, or controlled technical data is included; run the suite against isolated test systems and do not interpret it as airworthiness certification.","1. Create a disposable, versioned synthetic fixture: Set optional fields to null while retaining all required identifiers. 2. Execute the platform workflow to export a scoped record set with synthetic serials. 3. Capture the committed result, resource version, or run status. 4. Compare the result with the source fixture and the declared invariant. 5. Repeat or recover the operation when applicable; verify access, audit evidence, and side effects.","The platform must correctly export a scoped record set with synthetic serials; the nullable optional field condition follows the configured contract; valid state is preserved, invalid or unauthorized work is rejected or quarantined without silent loss, retries do not duplicate side effects, lineage and audit evidence remain available, and no production records or credentials are used. Safety boundary: Use unclassified synthetic assets, work cards, components, and offline simulation data only. No operational flight, mission, or controlled technical data is included; run the suite against isolated test systems and do not interpret it as airworthiness certification.",Playwright + platform UI/API,"aerospace,market-platform,synthetic-data,airworthiness_records,nullable-optional-field"
Aerospace and MRO,Airworthiness and Records,AERO-AIRWORTH-00048,Airworthiness and Records: detect a missing approval in a record package (nullable optional field),Aerospace and MRO: detect a missing approval in a record package with nullable optional field,Functional,High,"Non-production tenant or isolated local fixture; synthetic records only; Set optional fields to null while retaining all required identifiers. Safety boundary: Use unclassified synthetic assets, work cards, components, and offline simulation data only. No operational flight, mission, or controlled technical data is included; run the suite against isolated test systems and do not interpret it as airworthiness certification.","1. Create a disposable, versioned synthetic fixture: Set optional fields to null while retaining all required identifiers. 2. Execute the platform workflow to detect a missing approval in a record package. 3. Capture the committed result, resource version, or run status. 4. Compare the result with the source fixture and the declared invariant. 5. Repeat or recover the operation when applicable; verify access, audit evidence, and side effects.","The platform must correctly detect a missing approval in a record package; the nullable optional field condition follows the configured contract; valid state is preserved, invalid or unauthorized work is rejected or quarantined without silent loss, retries do not duplicate side effects, lineage and audit evidence remain available, and no production records or credentials are used. Safety boundary: Use unclassified synthetic assets, work cards, components, and offline simulation data only. No operational flight, mission, or controlled technical data is included; run the suite against isolated test systems and do not interpret it as airworthiness certification.",Playwright + platform UI/API,"aerospace,market-platform,synthetic-data,airworthiness_records,nullable-optional-field"
Aerospace and MRO,Airworthiness and Records,AERO-AIRWORTH-00049,Airworthiness and Records: reconcile status across asset and task views (nullable optional field),Aerospace and MRO: reconcile status across asset and task views with nullable optional field,Functional,Medium,"Non-production tenant or isolated local fixture; synthetic records only; Set optional fields to null while retaining all required identifiers. Safety boundary: Use unclassified synthetic assets, work cards, components, and offline simulation data only. No operational flight, mission, or controlled technical data is included; run the suite against isolated test systems and do not interpret it as airworthiness certification.","1. Create a disposable, versioned synthetic fixture: Set optional fields to null while retaining all required identifiers. 2. Execute the platform workflow to reconcile status across asset and task views. 3. Capture the committed result, resource version, or run status. 4. Compare the result with the source fixture and the declared invariant. 5. Repeat or recover the operation when applicable; verify access, audit evidence, and side effects.","The platform must correctly reconcile status across asset and task views; the nullable optional field condition follows the configured contract; valid state is preserved, invalid or unauthorized work is rejected or quarantined without silent loss, retries do not duplicate side effects, lineage and audit evidence remain available, and no production records or credentials are used. Safety boundary: Use unclassified synthetic assets, work cards, components, and offline simulation data only. No operational flight, mission, or controlled technical data is included; run the suite against isolated test systems and do not interpret it as airworthiness certification.",Playwright + platform UI/API,"aerospace,market-platform,synthetic-data,airworthiness_records,nullable-optional-field"
Aerospace and MRO,Airworthiness and Records,AERO-AIRWORTH-00050,Airworthiness and Records: audit record review and release (nullable optional field),Aerospace and MRO: audit record review and release with nullable optional field,Functional,High,"Non-production tenant or isolated local fixture; synthetic records only; Set optional fields to null while retaining all required identifiers. Safety boundary: Use unclassified synthetic assets, work cards, components, and offline simulation data only. No operational flight, mission, or controlled technical data is included; run the suite against isolated test systems and do not interpret it as airworthiness certification.","1. Create a disposable, versioned synthetic fixture: Set optional fields to null while retaining all required identifiers. 2. Execute the platform workflow to audit record review and release. 3. Capture the committed result, resource version, or run status. 4. Compare the result with the source fixture and the declared invariant. 5. Repeat or recover the operation when applicable; verify access, audit evidence, and side effects.","The platform must correctly audit record review and release; the nullable optional field condition follows the configured contract; valid state is preserved, invalid or unauthorized work is rejected or quarantined without silent loss, retries do not duplicate side effects, lineage and audit evidence remain available, and no production records or credentials are used. Safety boundary: Use unclassified synthetic assets, work cards, components, and offline simulation data only. No operational flight, mission, or controlled technical data is included; run the suite against isolated test systems and do not interpret it as airworthiness certification.",Playwright + platform UI/API,"aerospace,market-platform,synthetic-data,airworthiness_records,nullable-optional-field"
Aerospace and MRO,Airworthiness and Records,AERO-AIRWORTH-00051,Airworthiness and Records: assemble a synthetic compliance record for a test asset (boundary values),Aerospace and MRO: assemble a synthetic compliance record for a test asset with boundary values,Functional,High,"Non-production tenant or isolated local fixture; synthetic records only; Exercise documented minimum, maximum, and just-outside limits. Safety boundary: Use unclassified synthetic assets, work cards, components, and offline simulation data only. No operational flight, mission, or controlled technical data is included; run the suite against isolated test systems and do not interpret it as airworthiness certification.","1. Create a disposable, versioned synthetic fixture: Exercise documented minimum, maximum, and just-outside limits. 2. Execute the platform workflow to assemble a synthetic compliance record for a test asset. 3. Capture the committed result, resource version, or run status. 4. Compare the result with the source fixture and the declared invariant. 5. Repeat or recover the operation when applicable; verify access, audit evidence, and side effects.","The platform must correctly assemble a synthetic compliance record for a test asset; the boundary values condition follows the configured contract; valid state is preserved, invalid or unauthorized work is rejected or quarantined without silent loss, retries do not duplicate side effects, lineage and audit evidence remain available, and no production records or credentials are used. Safety boundary: Use unclassified synthetic assets, work cards, components, and offline simulation data only. No operational flight, mission, or controlled technical data is included; run the suite against isolated test systems and do not interpret it as airworthiness certification.",Playwright + platform UI/API,"aerospace,market-platform,synthetic-data,airworthiness_records,boundary-values"
Aerospace and MRO,Airworthiness and Records,AERO-AIRWORTH-00052,Airworthiness and Records: link a maintenance task to its source instruction revision (boundary values),Aerospace and MRO: link a maintenance task to its source instruction revision with boundary values,Functional,High,"Non-production tenant or isolated local fixture; synthetic records only; Exercise documented minimum, maximum, and just-outside limits. Safety boundary: Use unclassified synthetic assets, work cards, components, and offline simulation data only. No operational flight, mission, or controlled technical data is included; run the suite against isolated test systems and do not interpret it as airworthiness certification.","1. Create a disposable, versioned synthetic fixture: Exercise documented minimum, maximum, and just-outside limits. 2. Execute the platform workflow to link a maintenance task to its source instruction revision. 3. Capture the committed result, resource version, or run status. 4. Compare the result with the source fixture and the declared invariant. 5. Repeat or recover the operation when applicable; verify access, audit evidence, and side effects.","The platform must correctly link a maintenance task to its source instruction revision; the boundary values condition follows the configured contract; valid state is preserved, invalid or unauthorized work is rejected or quarantined without silent loss, retries do not duplicate side effects, lineage and audit evidence remain available, and no production records or credentials are used. Safety boundary: Use unclassified synthetic assets, work cards, components, and offline simulation data only. No operational flight, mission, or controlled technical data is included; run the suite against isolated test systems and do not interpret it as airworthiness certification.",Playwright + platform UI/API,"aerospace,market-platform,synthetic-data,airworthiness_records,boundary-values"
Aerospace and MRO,Airworthiness and Records,AERO-AIRWORTH-00053,Airworthiness and Records: prevent record approval without required signoff (boundary values),Aerospace and MRO: prevent record approval without required signoff with boundary values,Functional,Medium,"Non-production tenant or isolated local fixture; synthetic records only; Exercise documented minimum, maximum, and just-outside limits. Safety boundary: Use unclassified synthetic assets, work cards, components, and offline simulation data only. No operational flight, mission, or controlled technical data is included; run the suite against isolated test systems and do not interpret it as airworthiness certification.","1. Create a disposable, versioned synthetic fixture: Exercise documented minimum, maximum, and just-outside limits. 2. Execute the platform workflow to prevent record approval without required signoff. 3. Capture the committed result, resource version, or run status. 4. Compare the result with the source fixture and the declared invariant. 5. Repeat or recover the operation when applicable; verify access, audit evidence, and side effects.","The platform must correctly prevent record approval without required signoff; the boundary values condition follows the configured contract; valid state is preserved, invalid or unauthorized work is rejected or quarantined without silent loss, retries do not duplicate side effects, lineage and audit evidence remain available, and no production records or credentials are used. Safety boundary: Use unclassified synthetic assets, work cards, components, and offline simulation data only. No operational flight, mission, or controlled technical data is included; run the suite against isolated test systems and do not interpret it as airworthiness certification.",Playwright + platform UI/API,"aerospace,market-platform,synthetic-data,airworthiness_records,boundary-values"
Aerospace and MRO,Airworthiness and Records,AERO-AIRWORTH-00054,Airworthiness and Records: correct a record through a traceable amendment (boundary values),Aerospace and MRO: correct a record through a traceable amendment with boundary values,Functional,High,"Non-production tenant or isolated local fixture; synthetic records only; Exercise documented minimum, maximum, and just-outside limits. Safety boundary: Use unclassified synthetic assets, work cards, components, and offline simulation data only. No operational flight, mission, or controlled technical data is included; run the suite against isolated test systems and do not interpret it as airworthiness certification.","1. Create a disposable, versioned synthetic fixture: Exercise documented minimum, maximum, and just-outside limits. 2. Execute the platform workflow to correct a record through a traceable amendment. 3. Capture the committed result, resource version, or run status. 4. Compare the result with the source fixture and the declared invariant. 5. Repeat or recover the operation when applicable; verify access, audit evidence, and side effects.","The platform must correctly correct a record through a traceable amendment; the boundary values condition follows the configured contract; valid state is preserved, invalid or unauthorized work is rejected or quarantined without silent loss, retries do not duplicate side effects, lineage and audit evidence remain available, and no production records or credentials are used. Safety boundary: Use unclassified synthetic assets, work cards, components, and offline simulation data only. No operational flight, mission, or controlled technical data is included; run the suite against isolated test systems and do not interpret it as airworthiness certification.",Playwright + platform UI/API,"aerospace,market-platform,synthetic-data,airworthiness_records,boundary-values"
Aerospace and MRO,Airworthiness and Records,AERO-AIRWORTH-00055,Airworthiness and Records: retain record history after a configuration change (boundary values),Aerospace and MRO: retain record history after a configuration change with boundary values,Functional,High,"Non-production tenant or isolated local fixture; synthetic records only; Exercise documented minimum, maximum, and just-outside limits. Safety boundary: Use unclassified synthetic assets, work cards, components, and offline simulation data only. No operational flight, mission, or controlled technical data is included; run the suite against isolated test systems and do not interpret it as airworthiness certification.","1. Create a disposable, versioned synthetic fixture: Exercise documented minimum, maximum, and just-outside limits. 2. Execute the platform workflow to retain record history after a configuration change. 3. Capture the committed result, resource version, or run status. 4. Compare the result with the source fixture and the declared invariant. 5. Repeat or recover the operation when applicable; verify access, audit evidence, and side effects.","The platform must correctly retain record history after a configuration change; the boundary values condition follows the configured contract; valid state is preserved, invalid or unauthorized work is rejected or quarantined without silent loss, retries do not duplicate side effects, lineage and audit evidence remain available, and no production records or credentials are used. Safety boundary: Use unclassified synthetic assets, work cards, components, and offline simulation data only. No operational flight, mission, or controlled technical data is included; run the suite against isolated test systems and do not interpret it as airworthiness certification.",Playwright + platform UI/API,"aerospace,market-platform,synthetic-data,airworthiness_records,boundary-values"
Aerospace and MRO,Airworthiness and Records,AERO-AIRWORTH-00056,Airworthiness and Records: restrict records by assigned program and role (boundary values),Aerospace and MRO: restrict records by assigned program and role with boundary values,Functional,High,"Non-production tenant or isolated local fixture; synthetic records only; Exercise documented minimum, maximum, and just-outside limits. Safety boundary: Use unclassified synthetic assets, work cards, components, and offline simulation data only. No operational flight, mission, or controlled technical data is included; run the suite against isolated test systems and do not interpret it as airworthiness certification.","1. Create a disposable, versioned synthetic fixture: Exercise documented minimum, maximum, and just-outside limits. 2. Execute the platform workflow to restrict records by assigned program and role. 3. Capture the committed result, resource version, or run status. 4. Compare the result with the source fixture and the declared invariant. 5. Repeat or recover the operation when applicable; verify access, audit evidence, and side effects.","The platform must correctly restrict records by assigned program and role; the boundary values condition follows the configured contract; valid state is preserved, invalid or unauthorized work is rejected or quarantined without silent loss, retries do not duplicate side effects, lineage and audit evidence remain available, and no production records or credentials are used. Safety boundary: Use unclassified synthetic assets, work cards, components, and offline simulation data only. No operational flight, mission, or controlled technical data is included; run the suite against isolated test systems and do not interpret it as airworthiness certification.",Playwright + platform UI/API,"aerospace,market-platform,synthetic-data,airworthiness_records,boundary-values"
Aerospace and MRO,Airworthiness and Records,AERO-AIRWORTH-00057,Airworthiness and Records: export a scoped record set with synthetic serials (boundary values),Aerospace and MRO: export a scoped record set with synthetic serials with boundary values,Functional,Medium,"Non-production tenant or isolated local fixture; synthetic records only; Exercise documented minimum, maximum, and just-outside limits. Safety boundary: Use unclassified synthetic assets, work cards, components, and offline simulation data only. No operational flight, mission, or controlled technical data is included; run the suite against isolated test systems and do not interpret it as airworthiness certification.","1. Create a disposable, versioned synthetic fixture: Exercise documented minimum, maximum, and just-outside limits. 2. Execute the platform workflow to export a scoped record set with synthetic serials. 3. Capture the committed result, resource version, or run status. 4. Compare the result with the source fixture and the declared invariant. 5. Repeat or recover the operation when applicable; verify access, audit evidence, and side effects.","The platform must correctly export a scoped record set with synthetic serials; the boundary values condition follows the configured contract; valid state is preserved, invalid or unauthorized work is rejected or quarantined without silent loss, retries do not duplicate side effects, lineage and audit evidence remain available, and no production records or credentials are used. Safety boundary: Use unclassified synthetic assets, work cards, components, and offline simulation data only. No operational flight, mission, or controlled technical data is included; run the suite against isolated test systems and do not interpret it as airworthiness certification.",Playwright + platform UI/API,"aerospace,market-platform,synthetic-data,airworthiness_records,boundary-values"
Aerospace and MRO,Airworthiness and Records,AERO-AIRWORTH-00058,Airworthiness and Records: detect a missing approval in a record package (boundary values),Aerospace and MRO: detect a missing approval in a record package with boundary values,Functional,High,"Non-production tenant or isolated local fixture; synthetic records only; Exercise documented minimum, maximum, and just-outside limits. Safety boundary: Use unclassified synthetic assets, work cards, components, and offline simulation data only. No operational flight, mission, or controlled technical data is included; run the suite against isolated test systems and do not interpret it as airworthiness certification.","1. Create a disposable, versioned synthetic fixture: Exercise documented minimum, maximum, and just-outside limits. 2. Execute the platform workflow to detect a missing approval in a record package. 3. Capture the committed result, resource version, or run status. 4. Compare the result with the source fixture and the declared invariant. 5. Repeat or recover the operation when applicable; verify access, audit evidence, and side effects.","The platform must correctly detect a missing approval in a record package; the boundary values condition follows the configured contract; valid state is preserved, invalid or unauthorized work is rejected or quarantined without silent loss, retries do not duplicate side effects, lineage and audit evidence remain available, and no production records or credentials are used. Safety boundary: Use unclassified synthetic assets, work cards, components, and offline simulation data only. No operational flight, mission, or controlled technical data is included; run the suite against isolated test systems and do not interpret it as airworthiness certification.",Playwright + platform UI/API,"aerospace,market-platform,synthetic-data,airworthiness_records,boundary-values"
Aerospace and MRO,Airworthiness and Records,AERO-AIRWORTH-00059,Airworthiness and Records: reconcile status across asset and task views (boundary values),Aerospace and MRO: reconcile status across asset and task views with boundary values,Functional,High,"Non-production tenant or isolated local fixture; synthetic records only; Exercise documented minimum, maximum, and just-outside limits. Safety boundary: Use unclassified synthetic assets, work cards, components, and offline simulation data only. No operational flight, mission, or controlled technical data is included; run the suite against isolated test systems and do not interpret it as airworthiness certification.","1. Create a disposable, versioned synthetic fixture: Exercise documented minimum, maximum, and just-outside limits. 2. Execute the platform workflow to reconcile status across asset and task views. 3. Capture the committed result, resource version, or run status. 4. Compare the result with the source fixture and the declared invariant. 5. Repeat or recover the operation when applicable; verify access, audit evidence, and side effects.","The platform must correctly reconcile status across asset and task views; the boundary values condition follows the configured contract; valid state is preserved, invalid or unauthorized work is rejected or quarantined without silent loss, retries do not duplicate side effects, lineage and audit evidence remain available, and no production records or credentials are used. Safety boundary: Use unclassified synthetic assets, work cards, components, and offline simulation data only. No operational flight, mission, or controlled technical data is included; run the suite against isolated test systems and do not interpret it as airworthiness certification.",Playwright + platform UI/API,"aerospace,market-platform,synthetic-data,airworthiness_records,boundary-values"
Aerospace and MRO,Airworthiness and Records,AERO-AIRWORTH-00060,Airworthiness and Records: audit record review and release (boundary values),Aerospace and MRO: audit record review and release with boundary values,Functional,High,"Non-production tenant or isolated local fixture; synthetic records only; Exercise documented minimum, maximum, and just-outside limits. Safety boundary: Use unclassified synthetic assets, work cards, components, and offline simulation data only. No operational flight, mission, or controlled technical data is included; run the suite against isolated test systems and do not interpret it as airworthiness certification.","1. Create a disposable, versioned synthetic fixture: Exercise documented minimum, maximum, and just-outside limits. 2. Execute the platform workflow to audit record review and release. 3. Capture the committed result, resource version, or run status. 4. Compare the result with the source fixture and the declared invariant. 5. Repeat or recover the operation when applicable; verify access, audit evidence, and side effects.","The platform must correctly audit record review and release; the boundary values condition follows the configured contract; valid state is preserved, invalid or unauthorized work is rejected or quarantined without silent loss, retries do not duplicate side effects, lineage and audit evidence remain available, and no production records or credentials are used. Safety boundary: Use unclassified synthetic assets, work cards, components, and offline simulation data only. No operational flight, mission, or controlled technical data is included; run the suite against isolated test systems and do not interpret it as airworthiness certification.",Playwright + platform UI/API,"aerospace,market-platform,synthetic-data,airworthiness_records,boundary-values"
Aerospace and MRO,Airworthiness and Records,AERO-AIRWORTH-00061,Airworthiness and Records: assemble a synthetic compliance record for a test asset (late arriving data),Aerospace and MRO: assemble a synthetic compliance record for a test asset with late arriving data,Functional,Medium,"Non-production tenant or isolated local fixture; synthetic records only; Deliver an older event after a newer watermark or processing window has advanced. Safety boundary: Use unclassified synthetic assets, work cards, components, and offline simulation data only. No operational flight, mission, or controlled technical data is included; run the suite against isolated test systems and do not interpret it as airworthiness certification.","1. Create a disposable, versioned synthetic fixture: Deliver an older event after a newer watermark or processing window has advanced. 2. Execute the platform workflow to assemble a synthetic compliance record for a test asset. 3. Capture the committed result, resource version, or run status. 4. Compare the result with the source fixture and the declared invariant. 5. Repeat or recover the operation when applicable; verify access, audit evidence, and side effects.","The platform must correctly assemble a synthetic compliance record for a test asset; the late arriving data condition follows the configured contract; valid state is preserved, invalid or unauthorized work is rejected or quarantined without silent loss, retries do not duplicate side effects, lineage and audit evidence remain available, and no production records or credentials are used. Safety boundary: Use unclassified synthetic assets, work cards, components, and offline simulation data only. No operational flight, mission, or controlled technical data is included; run the suite against isolated test systems and do not interpret it as airworthiness certification.",Playwright + platform UI/API,"aerospace,market-platform,synthetic-data,airworthiness_records,late-arriving-data"
Aerospace and MRO,Airworthiness and Records,AERO-AIRWORTH-00062,Airworthiness and Records: link a maintenance task to its source instruction revision (late arriving data),Aerospace and MRO: link a maintenance task to its source instruction revision with late arriving data,Functional,High,"Non-production tenant or isolated local fixture; synthetic records only; Deliver an older event after a newer watermark or processing window has advanced. Safety boundary: Use unclassified synthetic assets, work cards, components, and offline simulation data only. No operational flight, mission, or controlled technical data is included; run the suite against isolated test systems and do not interpret it as airworthiness certification.","1. Create a disposable, versioned synthetic fixture: Deliver an older event after a newer watermark or processing window has advanced. 2. Execute the platform workflow to link a maintenance task to its source instruction revision. 3. Capture the committed result, resource version, or run status. 4. Compare the result with the source fixture and the declared invariant. 5. Repeat or recover the operation when applicable; verify access, audit evidence, and side effects.","The platform must correctly link a maintenance task to its source instruction revision; the late arriving data condition follows the configured contract; valid state is preserved, invalid or unauthorized work is rejected or quarantined without silent loss, retries do not duplicate side effects, lineage and audit evidence remain available, and no production records or credentials are used. Safety boundary: Use unclassified synthetic assets, work cards, components, and offline simulation data only. No operational flight, mission, or controlled technical data is included; run the suite against isolated test systems and do not interpret it as airworthiness certification.",Playwright + platform UI/API,"aerospace,market-platform,synthetic-data,airworthiness_records,late-arriving-data"
Aerospace and MRO,Airworthiness and Records,AERO-AIRWORTH-00063,Airworthiness and Records: prevent record approval without required signoff (late arriving data),Aerospace and MRO: prevent record approval without required signoff with late arriving data,Functional,High,"Non-production tenant or isolated local fixture; synthetic records only; Deliver an older event after a newer watermark or processing window has advanced. Safety boundary: Use unclassified synthetic assets, work cards, components, and offline simulation data only. No operational flight, mission, or controlled technical data is included; run the suite against isolated test systems and do not interpret it as airworthiness certification.","1. Create a disposable, versioned synthetic fixture: Deliver an older event after a newer watermark or processing window has advanced. 2. Execute the platform workflow to prevent record approval without required signoff. 3. Capture the committed result, resource version, or run status. 4. Compare the result with the source fixture and the declared invariant. 5. Repeat or recover the operation when applicable; verify access, audit evidence, and side effects.","The platform must correctly prevent record approval without required signoff; the late arriving data condition follows the configured contract; valid state is preserved, invalid or unauthorized work is rejected or quarantined without silent loss, retries do not duplicate side effects, lineage and audit evidence remain available, and no production records or credentials are used. Safety boundary: Use unclassified synthetic assets, work cards, components, and offline simulation data only. No operational flight, mission, or controlled technical data is included; run the suite against isolated test systems and do not interpret it as airworthiness certification.",Playwright + platform UI/API,"aerospace,market-platform,synthetic-data,airworthiness_records,late-arriving-data"
Aerospace and MRO,Airworthiness and Records,AERO-AIRWORTH-00064,Airworthiness and Records: correct a record through a traceable amendment (late arriving data),Aerospace and MRO: correct a record through a traceable amendment with late arriving data,Functional,High,"Non-production tenant or isolated local fixture; synthetic records only; Deliver an older event after a newer watermark or processing window has advanced. Safety boundary: Use unclassified synthetic assets, work cards, components, and offline simulation data only. No operational flight, mission, or controlled technical data is included; run the suite against isolated test systems and do not interpret it as airworthiness certification.","1. Create a disposable, versioned synthetic fixture: Deliver an older event after a newer watermark or processing window has advanced. 2. Execute the platform workflow to correct a record through a traceable amendment. 3. Capture the committed result, resource version, or run status. 4. Compare the result with the source fixture and the declared invariant. 5. Repeat or recover the operation when applicable; verify access, audit evidence, and side effects.","The platform must correctly correct a record through a traceable amendment; the late arriving data condition follows the configured contract; valid state is preserved, invalid or unauthorized work is rejected or quarantined without silent loss, retries do not duplicate side effects, lineage and audit evidence remain available, and no production records or credentials are used. Safety boundary: Use unclassified synthetic assets, work cards, components, and offline simulation data only. No operational flight, mission, or controlled technical data is included; run the suite against isolated test systems and do not interpret it as airworthiness certification.",Playwright + platform UI/API,"aerospace,market-platform,synthetic-data,airworthiness_records,late-arriving-data"
Aerospace and MRO,Airworthiness and Records,AERO-AIRWORTH-00065,Airworthiness and Records: retain record history after a configuration change (late arriving data),Aerospace and MRO: retain record history after a configuration change with late arriving data,Functional,Medium,"Non-production tenant or isolated local fixture; synthetic records only; Deliver an older event after a newer watermark or processing window has advanced. Safety boundary: Use unclassified synthetic assets, work cards, components, and offline simulation data only. No operational flight, mission, or controlled technical data is included; run the suite against isolated test systems and do not interpret it as airworthiness certification.","1. Create a disposable, versioned synthetic fixture: Deliver an older event after a newer watermark or processing window has advanced. 2. Execute the platform workflow to retain record history after a configuration change. 3. Capture the committed result, resource version, or run status. 4. Compare the result with the source fixture and the declared invariant. 5. Repeat or recover the operation when applicable; verify access, audit evidence, and side effects.","The platform must correctly retain record history after a configuration change; the late arriving data condition follows the configured contract; valid state is preserved, invalid or unauthorized work is rejected or quarantined without silent loss, retries do not duplicate side effects, lineage and audit evidence remain available, and no production records or credentials are used. Safety boundary: Use unclassified synthetic assets, work cards, components, and offline simulation data only. No operational flight, mission, or controlled technical data is included; run the suite against isolated test systems and do not interpret it as airworthiness certification.",Playwright + platform UI/API,"aerospace,market-platform,synthetic-data,airworthiness_records,late-arriving-data"
Aerospace and MRO,Airworthiness and Records,AERO-AIRWORTH-00066,Airworthiness and Records: restrict records by assigned program and role (late arriving data),Aerospace and MRO: restrict records by assigned program and role with late arriving data,Functional,High,"Non-production tenant or isolated local fixture; synthetic records only; Deliver an older event after a newer watermark or processing window has advanced. Safety boundary: Use unclassified synthetic assets, work cards, components, and offline simulation data only. No operational flight, mission, or controlled technical data is included; run the suite against isolated test systems and do not interpret it as airworthiness certification.","1. Create a disposable, versioned synthetic fixture: Deliver an older event after a newer watermark or processing window has advanced. 2. Execute the platform workflow to restrict records by assigned program and role. 3. Capture the committed result, resource version, or run status. 4. Compare the result with the source fixture and the declared invariant. 5. Repeat or recover the operation when applicable; verify access, audit evidence, and side effects.","The platform must correctly restrict records by assigned program and role; the late arriving data condition follows the configured contract; valid state is preserved, invalid or unauthorized work is rejected or quarantined without silent loss, retries do not duplicate side effects, lineage and audit evidence remain available, and no production records or credentials are used. Safety boundary: Use unclassified synthetic assets, work cards, components, and offline simulation data only. No operational flight, mission, or controlled technical data is included; run the suite against isolated test systems and do not interpret it as airworthiness certification.",Playwright + platform UI/API,"aerospace,market-platform,synthetic-data,airworthiness_records,late-arriving-data"
Aerospace and MRO,Airworthiness and Records,AERO-AIRWORTH-00067,Airworthiness and Records: export a scoped record set with synthetic serials (late arriving data),Aerospace and MRO: export a scoped record set with synthetic serials with late arriving data,Functional,High,"Non-production tenant or isolated local fixture; synthetic records only; Deliver an older event after a newer watermark or processing window has advanced. Safety boundary: Use unclassified synthetic assets, work cards, components, and offline simulation data only. No operational flight, mission, or controlled technical data is included; run the suite against isolated test systems and do not interpret it as airworthiness certification.","1. Create a disposable, versioned synthetic fixture: Deliver an older event after a newer watermark or processing window has advanced. 2. Execute the platform workflow to export a scoped record set with synthetic serials. 3. Capture the committed result, resource version, or run status. 4. Compare the result with the source fixture and the declared invariant. 5. Repeat or recover the operation when applicable; verify access, audit evidence, and side effects.","The platform must correctly export a scoped record set with synthetic serials; the late arriving data condition follows the configured contract; valid state is preserved, invalid or unauthorized work is rejected or quarantined without silent loss, retries do not duplicate side effects, lineage and audit evidence remain available, and no production records or credentials are used. Safety boundary: Use unclassified synthetic assets, work cards, components, and offline simulation data only. No operational flight, mission, or controlled technical data is included; run the suite against isolated test systems and do not interpret it as airworthiness certification.",Playwright + platform UI/API,"aerospace,market-platform,synthetic-data,airworthiness_records,late-arriving-data"
Aerospace and MRO,Airworthiness and Records,AERO-AIRWORTH-00068,Airworthiness and Records: detect a missing approval in a record package (late arriving data),Aerospace and MRO: detect a missing approval in a record package with late arriving data,Functional,High,"Non-production tenant or isolated local fixture; synthetic records only; Deliver an older event after a newer watermark or processing window has advanced. Safety boundary: Use unclassified synthetic assets, work cards, components, and offline simulation data only. No operational flight, mission, or controlled technical data is included; run the suite against isolated test systems and do not interpret it as airworthiness certification.","1. Create a disposable, versioned synthetic fixture: Deliver an older event after a newer watermark or processing window has advanced. 2. Execute the platform workflow to detect a missing approval in a record package. 3. Capture the committed result, resource version, or run status. 4. Compare the result with the source fixture and the declared invariant. 5. Repeat or recover the operation when applicable; verify access, audit evidence, and side effects.","The platform must correctly detect a missing approval in a record package; the late arriving data condition follows the configured contract; valid state is preserved, invalid or unauthorized work is rejected or quarantined without silent loss, retries do not duplicate side effects, lineage and audit evidence remain available, and no production records or credentials are used. Safety boundary: Use unclassified synthetic assets, work cards, components, and offline simulation data only. No operational flight, mission, or controlled technical data is included; run the suite against isolated test systems and do not interpret it as airworthiness certification.",Playwright + platform UI/API,"aerospace,market-platform,synthetic-data,airworthiness_records,late-arriving-data"
Aerospace and MRO,Airworthiness and Records,AERO-AIRWORTH-00069,Airworthiness and Records: reconcile status across asset and task views (late arriving data),Aerospace and MRO: reconcile status across asset and task views with late arriving data,Functional,Medium,"Non-production tenant or isolated local fixture; synthetic records only; Deliver an older event after a newer watermark or processing window has advanced. Safety boundary: Use unclassified synthetic assets, work cards, components, and offline simulation data only. No operational flight, mission, or controlled technical data is included; run the suite against isolated test systems and do not interpret it as airworthiness certification.","1. Create a disposable, versioned synthetic fixture: Deliver an older event after a newer watermark or processing window has advanced. 2. Execute the platform workflow to reconcile status across asset and task views. 3. Capture the committed result, resource version, or run status. 4. Compare the result with the source fixture and the declared invariant. 5. Repeat or recover the operation when applicable; verify access, audit evidence, and side effects.","The platform must correctly reconcile status across asset and task views; the late arriving data condition follows the configured contract; valid state is preserved, invalid or unauthorized work is rejected or quarantined without silent loss, retries do not duplicate side effects, lineage and audit evidence remain available, and no production records or credentials are used. Safety boundary: Use unclassified synthetic assets, work cards, components, and offline simulation data only. No operational flight, mission, or controlled technical data is included; run the suite against isolated test systems and do not interpret it as airworthiness certification.",Playwright + platform UI/API,"aerospace,market-platform,synthetic-data,airworthiness_records,late-arriving-data"
Aerospace and MRO,Airworthiness and Records,AERO-AIRWORTH-00070,Airworthiness and Records: audit record review and release (late arriving data),Aerospace and MRO: audit record review and release with late arriving data,Functional,High,"Non-production tenant or isolated local fixture; synthetic records only; Deliver an older event after a newer watermark or processing window has advanced. Safety boundary: Use unclassified synthetic assets, work cards, components, and offline simulation data only. No operational flight, mission, or controlled technical data is included; run the suite against isolated test systems and do not interpret it as airworthiness certification.","1. Create a disposable, versioned synthetic fixture: Deliver an older event after a newer watermark or processing window has advanced. 2. Execute the platform workflow to audit record review and release. 3. Capture the committed result, resource version, or run status. 4. Compare the result with the source fixture and the declared invariant. 5. Repeat or recover the operation when applicable; verify access, audit evidence, and side effects.","The platform must correctly audit record review and release; the late arriving data condition follows the configured contract; valid state is preserved, invalid or unauthorized work is rejected or quarantined without silent loss, retries do not duplicate side effects, lineage and audit evidence remain available, and no production records or credentials are used. Safety boundary: Use unclassified synthetic assets, work cards, components, and offline simulation data only. No operational flight, mission, or controlled technical data is included; run the suite against isolated test systems and do not interpret it as airworthiness certification.",Playwright + platform UI/API,"aerospace,market-platform,synthetic-data,airworthiness_records,late-arriving-data"
Aerospace and MRO,Airworthiness and Records,AERO-AIRWORTH-00071,Airworthiness and Records: assemble a synthetic compliance record for a test asset (out-of-order events),Aerospace and MRO: assemble a synthetic compliance record for a test asset with out-of-order events,Functional,High,"Non-production tenant or isolated local fixture; synthetic records only; Shuffle event or commit order while preserving source event-time values. Safety boundary: Use unclassified synthetic assets, work cards, components, and offline simulation data only. No operational flight, mission, or controlled technical data is included; run the suite against isolated test systems and do not interpret it as airworthiness certification.","1. Create a disposable, versioned synthetic fixture: Shuffle event or commit order while preserving source event-time values. 2. Execute the platform workflow to assemble a synthetic compliance record for a test asset. 3. Capture the committed result, resource version, or run status. 4. Compare the result with the source fixture and the declared invariant. 5. Repeat or recover the operation when applicable; verify access, audit evidence, and side effects.","The platform must correctly assemble a synthetic compliance record for a test asset; the out-of-order events condition follows the configured contract; valid state is preserved, invalid or unauthorized work is rejected or quarantined without silent loss, retries do not duplicate side effects, lineage and audit evidence remain available, and no production records or credentials are used. Safety boundary: Use unclassified synthetic assets, work cards, components, and offline simulation data only. No operational flight, mission, or controlled technical data is included; run the suite against isolated test systems and do not interpret it as airworthiness certification.",Playwright + platform UI/API,"aerospace,market-platform,synthetic-data,airworthiness_records,out-of-order-events"
Aerospace and MRO,Airworthiness and Records,AERO-AIRWORTH-00072,Airworthiness and Records: link a maintenance task to its source instruction revision (out-of-order events),Aerospace and MRO: link a maintenance task to its source instruction revision with out-of-order events,Functional,High,"Non-production tenant or isolated local fixture; synthetic records only; Shuffle event or commit order while preserving source event-time values. Safety boundary: Use unclassified synthetic assets, work cards, components, and offline simulation data only. No operational flight, mission, or controlled technical data is included; run the suite against isolated test systems and do not interpret it as airworthiness certification.","1. Create a disposable, versioned synthetic fixture: Shuffle event or commit order while preserving source event-time values. 2. Execute the platform workflow to link a maintenance task to its source instruction revision. 3. Capture the committed result, resource version, or run status. 4. Compare the result with the source fixture and the declared invariant. 5. Repeat or recover the operation when applicable; verify access, audit evidence, and side effects.","The platform must correctly link a maintenance task to its source instruction revision; the out-of-order events condition follows the configured contract; valid state is preserved, invalid or unauthorized work is rejected or quarantined without silent loss, retries do not duplicate side effects, lineage and audit evidence remain available, and no production records or credentials are used. Safety boundary: Use unclassified synthetic assets, work cards, components, and offline simulation data only. No operational flight, mission, or controlled technical data is included; run the suite against isolated test systems and do not interpret it as airworthiness certification.",Playwright + platform UI/API,"aerospace,market-platform,synthetic-data,airworthiness_records,out-of-order-events"
Aerospace and MRO,Airworthiness and Records,AERO-AIRWORTH-00073,Airworthiness and Records: prevent record approval without required signoff (out-of-order events),Aerospace and MRO: prevent record approval without required signoff with out-of-order events,Functional,Medium,"Non-production tenant or isolated local fixture; synthetic records only; Shuffle event or commit order while preserving source event-time values. Safety boundary: Use unclassified synthetic assets, work cards, components, and offline simulation data only. No operational flight, mission, or controlled technical data is included; run the suite against isolated test systems and do not interpret it as airworthiness certification.","1. Create a disposable, versioned synthetic fixture: Shuffle event or commit order while preserving source event-time values. 2. Execute the platform workflow to prevent record approval without required signoff. 3. Capture the committed result, resource version, or run status. 4. Compare the result with the source fixture and the declared invariant. 5. Repeat or recover the operation when applicable; verify access, audit evidence, and side effects.","The platform must correctly prevent record approval without required signoff; the out-of-order events condition follows the configured contract; valid state is preserved, invalid or unauthorized work is rejected or quarantined without silent loss, retries do not duplicate side effects, lineage and audit evidence remain available, and no production records or credentials are used. Safety boundary: Use unclassified synthetic assets, work cards, components, and offline simulation data only. No operational flight, mission, or controlled technical data is included; run the suite against isolated test systems and do not interpret it as airworthiness certification.",Playwright + platform UI/API,"aerospace,market-platform,synthetic-data,airworthiness_records,out-of-order-events"
Aerospace and MRO,Airworthiness and Records,AERO-AIRWORTH-00074,Airworthiness and Records: correct a record through a traceable amendment (out-of-order events),Aerospace and MRO: correct a record through a traceable amendment with out-of-order events,Functional,High,"Non-production tenant or isolated local fixture; synthetic records only; Shuffle event or commit order while preserving source event-time values. Safety boundary: Use unclassified synthetic assets, work cards, components, and offline simulation data only. No operational flight, mission, or controlled technical data is included; run the suite against isolated test systems and do not interpret it as airworthiness certification.","1. Create a disposable, versioned synthetic fixture: Shuffle event or commit order while preserving source event-time values. 2. Execute the platform workflow to correct a record through a traceable amendment. 3. Capture the committed result, resource version, or run status. 4. Compare the result with the source fixture and the declared invariant. 5. Repeat or recover the operation when applicable; verify access, audit evidence, and side effects.","The platform must correctly correct a record through a traceable amendment; the out-of-order events condition follows the configured contract; valid state is preserved, invalid or unauthorized work is rejected or quarantined without silent loss, retries do not duplicate side effects, lineage and audit evidence remain available, and no production records or credentials are used. Safety boundary: Use unclassified synthetic assets, work cards, components, and offline simulation data only. No operational flight, mission, or controlled technical data is included; run the suite against isolated test systems and do not interpret it as airworthiness certification.",Playwright + platform UI/API,"aerospace,market-platform,synthetic-data,airworthiness_records,out-of-order-events"
Aerospace and MRO,Airworthiness and Records,AERO-AIRWORTH-00075,Airworthiness and Records: retain record history after a configuration change (out-of-order events),Aerospace and MRO: retain record history after a configuration change with out-of-order events,Functional,High,"Non-production tenant or isolated local fixture; synthetic records only; Shuffle event or commit order while preserving source event-time values. Safety boundary: Use unclassified synthetic assets, work cards, components, and offline simulation data only. No operational flight, mission, or controlled technical data is included; run the suite against isolated test systems and do not interpret it as airworthiness certification.","1. Create a disposable, versioned synthetic fixture: Shuffle event or commit order while preserving source event-time values. 2. Execute the platform workflow to retain record history after a configuration change. 3. Capture the committed result, resource version, or run status. 4. Compare the result with the source fixture and the declared invariant. 5. Repeat or recover the operation when applicable; verify access, audit evidence, and side effects.","The platform must correctly retain record history after a configuration change; the out-of-order events condition follows the configured contract; valid state is preserved, invalid or unauthorized work is rejected or quarantined without silent loss, retries do not duplicate side effects, lineage and audit evidence remain available, and no production records or credentials are used. Safety boundary: Use unclassified synthetic assets, work cards, components, and offline simulation data only. No operational flight, mission, or controlled technical data is included; run the suite against isolated test systems and do not interpret it as airworthiness certification.",Playwright + platform UI/API,"aerospace,market-platform,synthetic-data,airworthiness_records,out-of-order-events"
Aerospace and MRO,Airworthiness and Records,AERO-AIRWORTH-00076,Airworthiness and Records: restrict records by assigned program and role (out-of-order events),Aerospace and MRO: restrict records by assigned program and role with out-of-order events,Functional,High,"Non-production tenant or isolated local fixture; synthetic records only; Shuffle event or commit order while preserving source event-time values. Safety boundary: Use unclassified synthetic assets, work cards, components, and offline simulation data only. No operational flight, mission, or controlled technical data is included; run the suite against isolated test systems and do not interpret it as airworthiness certification.","1. Create a disposable, versioned synthetic fixture: Shuffle event or commit order while preserving source event-time values. 2. Execute the platform workflow to restrict records by assigned program and role. 3. Capture the committed result, resource version, or run status. 4. Compare the result with the source fixture and the declared invariant. 5. Repeat or recover the operation when applicable; verify access, audit evidence, and side effects.","The platform must correctly restrict records by assigned program and role; the out-of-order events condition follows the configured contract; valid state is preserved, invalid or unauthorized work is rejected or quarantined without silent loss, retries do not duplicate side effects, lineage and audit evidence remain available, and no production records or credentials are used. Safety boundary: Use unclassified synthetic assets, work cards, components, and offline simulation data only. No operational flight, mission, or controlled technical data is included; run the suite against isolated test systems and do not interpret it as airworthiness certification.",Playwright + platform UI/API,"aerospace,market-platform,synthetic-data,airworthiness_records,out-of-order-events"
Aerospace and MRO,Airworthiness and Records,AERO-AIRWORTH-00077,Airworthiness and Records: export a scoped record set with synthetic serials (out-of-order events),Aerospace and MRO: export a scoped record set with synthetic serials with out-of-order events,Functional,Medium,"Non-production tenant or isolated local fixture; synthetic records only; Shuffle event or commit order while preserving source event-time values. Safety boundary: Use unclassified synthetic assets, work cards, components, and offline simulation data only. No operational flight, mission, or controlled technical data is included; run the suite against isolated test systems and do not interpret it as airworthiness certification.","1. Create a disposable, versioned synthetic fixture: Shuffle event or commit order while preserving source event-time values. 2. Execute the platform workflow to export a scoped record set with synthetic serials. 3. Capture the committed result, resource version, or run status. 4. Compare the result with the source fixture and the declared invariant. 5. Repeat or recover the operation when applicable; verify access, audit evidence, and side effects.","The platform must correctly export a scoped record set with synthetic serials; the out-of-order events condition follows the configured contract; valid state is preserved, invalid or unauthorized work is rejected or quarantined without silent loss, retries do not duplicate side effects, lineage and audit evidence remain available, and no production records or credentials are used. Safety boundary: Use unclassified synthetic assets, work cards, components, and offline simulation data only. No operational flight, mission, or controlled technical data is included; run the suite against isolated test systems and do not interpret it as airworthiness certification.",Playwright + platform UI/API,"aerospace,market-platform,synthetic-data,airworthiness_records,out-of-order-events"
Aerospace and MRO,Airworthiness and Records,AERO-AIRWORTH-00078,Airworthiness and Records: detect a missing approval in a record package (out-of-order events),Aerospace and MRO: detect a missing approval in a record package with out-of-order events,Functional,High,"Non-production tenant or isolated local fixture; synthetic records only; Shuffle event or commit order while preserving source event-time values. Safety boundary: Use unclassified synthetic assets, work cards, components, and offline simulation data only. No operational flight, mission, or controlled technical data is included; run the suite against isolated test systems and do not interpret it as airworthiness certification.","1. Create a disposable, versioned synthetic fixture: Shuffle event or commit order while preserving source event-time values. 2. Execute the platform workflow to detect a missing approval in a record package. 3. Capture the committed result, resource version, or run status. 4. Compare the result with the source fixture and the declared invariant. 5. Repeat or recover the operation when applicable; verify access, audit evidence, and side effects.","The platform must correctly detect a missing approval in a record package; the out-of-order events condition follows the configured contract; valid state is preserved, invalid or unauthorized work is rejected or quarantined without silent loss, retries do not duplicate side effects, lineage and audit evidence remain available, and no production records or credentials are used. Safety boundary: Use unclassified synthetic assets, work cards, components, and offline simulation data only. No operational flight, mission, or controlled technical data is included; run the suite against isolated test systems and do not interpret it as airworthiness certification.",Playwright + platform UI/API,"aerospace,market-platform,synthetic-data,airworthiness_records,out-of-order-events"
Aerospace and MRO,Airworthiness and Records,AERO-AIRWORTH-00079,Airworthiness and Records: reconcile status across asset and task views (out-of-order events),Aerospace and MRO: reconcile status across asset and task views with out-of-order events,Functional,High,"Non-production tenant or isolated local fixture; synthetic records only; Shuffle event or commit order while preserving source event-time values. Safety boundary: Use unclassified synthetic assets, work cards, components, and offline simulation data only. No operational flight, mission, or controlled technical data is included; run the suite against isolated test systems and do not interpret it as airworthiness certification.","1. Create a disposable, versioned synthetic fixture: Shuffle event or commit order while preserving source event-time values. 2. Execute the platform workflow to reconcile status across asset and task views. 3. Capture the committed result, resource version, or run status. 4. Compare the result with the source fixture and the declared invariant. 5. Repeat or recover the operation when applicable; verify access, audit evidence, and side effects.","The platform must correctly reconcile status across asset and task views; the out-of-order events condition follows the configured contract; valid state is preserved, invalid or unauthorized work is rejected or quarantined without silent loss, retries do not duplicate side effects, lineage and audit evidence remain available, and no production records or credentials are used. Safety boundary: Use unclassified synthetic assets, work cards, components, and offline simulation data only. No operational flight, mission, or controlled technical data is included; run the suite against isolated test systems and do not interpret it as airworthiness certification.",Playwright + platform UI/API,"aerospace,market-platform,synthetic-data,airworthiness_records,out-of-order-events"
Aerospace and MRO,Airworthiness and Records,AERO-AIRWORTH-00080,Airworthiness and Records: audit record review and release (out-of-order events),Aerospace and MRO: audit record review and release with out-of-order events,Functional,High,"Non-production tenant or isolated local fixture; synthetic records only; Shuffle event or commit order while preserving source event-time values. Safety boundary: Use unclassified synthetic assets, work cards, components, and offline simulation data only. No operational flight, mission, or controlled technical data is included; run the suite against isolated test systems and do not interpret it as airworthiness certification.","1. Create a disposable, versioned synthetic fixture: Shuffle event or commit order while preserving source event-time values. 2. Execute the platform workflow to audit record review and release. 3. Capture the committed result, resource version, or run status. 4. Compare the result with the source fixture and the declared invariant. 5. Repeat or recover the operation when applicable; verify access, audit evidence, and side effects.","The platform must correctly audit record review and release; the out-of-order events condition follows the configured contract; valid state is preserved, invalid or unauthorized work is rejected or quarantined without silent loss, retries do not duplicate side effects, lineage and audit evidence remain available, and no production records or credentials are used. Safety boundary: Use unclassified synthetic assets, work cards, components, and offline simulation data only. No operational flight, mission, or controlled technical data is included; run the suite against isolated test systems and do not interpret it as airworthiness certification.",Playwright + platform UI/API,"aerospace,market-platform,synthetic-data,airworthiness_records,out-of-order-events"
Aerospace and MRO,Airworthiness and Records,AERO-AIRWORTH-00081,Airworthiness and Records: assemble a synthetic compliance record for a test asset (compatible schema change),Aerospace and MRO: assemble a synthetic compliance record for a test asset with compatible schema change,Functional,Medium,"Non-production tenant or isolated local fixture; synthetic records only; Add a nullable field while existing readers and stored versions remain active. Safety boundary: Use unclassified synthetic assets, work cards, components, and offline simulation data only. No operational flight, mission, or controlled technical data is included; run the suite against isolated test systems and do not interpret it as airworthiness certification.","1. Create a disposable, versioned synthetic fixture: Add a nullable field while existing readers and stored versions remain active. 2. Execute the platform workflow to assemble a synthetic compliance record for a test asset. 3. Capture the committed result, resource version, or run status. 4. Compare the result with the source fixture and the declared invariant. 5. Repeat or recover the operation when applicable; verify access, audit evidence, and side effects.","The platform must correctly assemble a synthetic compliance record for a test asset; the compatible schema change condition follows the configured contract; valid state is preserved, invalid or unauthorized work is rejected or quarantined without silent loss, retries do not duplicate side effects, lineage and audit evidence remain available, and no production records or credentials are used. Safety boundary: Use unclassified synthetic assets, work cards, components, and offline simulation data only. No operational flight, mission, or controlled technical data is included; run the suite against isolated test systems and do not interpret it as airworthiness certification.",Playwright + platform UI/API,"aerospace,market-platform,synthetic-data,airworthiness_records,compatible-schema-change"
Aerospace and MRO,Airworthiness and Records,AERO-AIRWORTH-00082,Airworthiness and Records: link a maintenance task to its source instruction revision (compatible schema change),Aerospace and MRO: link a maintenance task to its source instruction revision with compatible schema change,Functional,High,"Non-production tenant or isolated local fixture; synthetic records only; Add a nullable field while existing readers and stored versions remain active. Safety boundary: Use unclassified synthetic assets, work cards, components, and offline simulation data only. No operational flight, mission, or controlled technical data is included; run the suite against isolated test systems and do not interpret it as airworthiness certification.","1. Create a disposable, versioned synthetic fixture: Add a nullable field while existing readers and stored versions remain active. 2. Execute the platform workflow to link a maintenance task to its source instruction revision. 3. Capture the committed result, resource version, or run status. 4. Compare the result with the source fixture and the declared invariant. 5. Repeat or recover the operation when applicable; verify access, audit evidence, and side effects.","The platform must correctly link a maintenance task to its source instruction revision; the compatible schema change condition follows the configured contract; valid state is preserved, invalid or unauthorized work is rejected or quarantined without silent loss, retries do not duplicate side effects, lineage and audit evidence remain available, and no production records or credentials are used. Safety boundary: Use unclassified synthetic assets, work cards, components, and offline simulation data only. No operational flight, mission, or controlled technical data is included; run the suite against isolated test systems and do not interpret it as airworthiness certification.",Playwright + platform UI/API,"aerospace,market-platform,synthetic-data,airworthiness_records,compatible-schema-change"
Aerospace and MRO,Airworthiness and Records,AERO-AIRWORTH-00083,Airworthiness and Records: prevent record approval without required signoff (compatible schema change),Aerospace and MRO: prevent record approval without required signoff with compatible schema change,Functional,High,"Non-production tenant or isolated local fixture; synthetic records only; Add a nullable field while existing readers and stored versions remain active. Safety boundary: Use unclassified synthetic assets, work cards, components, and offline simulation data only. No operational flight, mission, or controlled technical data is included; run the suite against isolated test systems and do not interpret it as airworthiness certification.","1. Create a disposable, versioned synthetic fixture: Add a nullable field while existing readers and stored versions remain active. 2. Execute the platform workflow to prevent record approval without required signoff. 3. Capture the committed result, resource version, or run status. 4. Compare the result with the source fixture and the declared invariant. 5. Repeat or recover the operation when applicable; verify access, audit evidence, and side effects.","The platform must correctly prevent record approval without required signoff; the compatible schema change condition follows the configured contract; valid state is preserved, invalid or unauthorized work is rejected or quarantined without silent loss, retries do not duplicate side effects, lineage and audit evidence remain available, and no production records or credentials are used. Safety boundary: Use unclassified synthetic assets, work cards, components, and offline simulation data only. No operational flight, mission, or controlled technical data is included; run the suite against isolated test systems and do not interpret it as airworthiness certification.",Playwright + platform UI/API,"aerospace,market-platform,synthetic-data,airworthiness_records,compatible-schema-change"
Aerospace and MRO,Airworthiness and Records,AERO-AIRWORTH-00084,Airworthiness and Records: correct a record through a traceable amendment (compatible schema change),Aerospace and MRO: correct a record through a traceable amendment with compatible schema change,Functional,High,"Non-production tenant or isolated local fixture; synthetic records only; Add a nullable field while existing readers and stored versions remain active. Safety boundary: Use unclassified synthetic assets, work cards, components, and offline simulation data only. No operational flight, mission, or controlled technical data is included; run the suite against isolated test systems and do not interpret it as airworthiness certification.","1. Create a disposable, versioned synthetic fixture: Add a nullable field while existing readers and stored versions remain active. 2. Execute the platform workflow to correct a record through a traceable amendment. 3. Capture the committed result, resource version, or run status. 4. Compare the result with the source fixture and the declared invariant. 5. Repeat or recover the operation when applicable; verify access, audit evidence, and side effects.","The platform must correctly correct a record through a traceable amendment; the compatible schema change condition follows the configured contract; valid state is preserved, invalid or unauthorized work is rejected or quarantined without silent loss, retries do not duplicate side effects, lineage and audit evidence remain available, and no production records or credentials are used. Safety boundary: Use unclassified synthetic assets, work cards, components, and offline simulation data only. No operational flight, mission, or controlled technical data is included; run the suite against isolated test systems and do not interpret it as airworthiness certification.",Playwright + platform UI/API,"aerospace,market-platform,synthetic-data,airworthiness_records,compatible-schema-change"
Aerospace and MRO,Airworthiness and Records,AERO-AIRWORTH-00085,Airworthiness and Records: retain record history after a configuration change (compatible schema change),Aerospace and MRO: retain record history after a configuration change with compatible schema change,Functional,Medium,"Non-production tenant or isolated local fixture; synthetic records only; Add a nullable field while existing readers and stored versions remain active. Safety boundary: Use unclassified synthetic assets, work cards, components, and offline simulation data only. No operational flight, mission, or controlled technical data is included; run the suite against isolated test systems and do not interpret it as airworthiness certification.","1. Create a disposable, versioned synthetic fixture: Add a nullable field while existing readers and stored versions remain active. 2. Execute the platform workflow to retain record history after a configuration change. 3. Capture the committed result, resource version, or run status. 4. Compare the result with the source fixture and the declared invariant. 5. Repeat or recover the operation when applicable; verify access, audit evidence, and side effects.","The platform must correctly retain record history after a configuration change; the compatible schema change condition follows the configured contract; valid state is preserved, invalid or unauthorized work is rejected or quarantined without silent loss, retries do not duplicate side effects, lineage and audit evidence remain available, and no production records or credentials are used. Safety boundary: Use unclassified synthetic assets, work cards, components, and offline simulation data only. No operational flight, mission, or controlled technical data is included; run the suite against isolated test systems and do not interpret it as airworthiness certification.",Playwright + platform UI/API,"aerospace,market-platform,synthetic-data,airworthiness_records,compatible-schema-change"
Aerospace and MRO,Airworthiness and Records,AERO-AIRWORTH-00086,Airworthiness and Records: restrict records by assigned program and role (compatible schema change),Aerospace and MRO: restrict records by assigned program and role with compatible schema change,Functional,High,"Non-production tenant or isolated local fixture; synthetic records only; Add a nullable field while existing readers and stored versions remain active. Safety boundary: Use unclassified synthetic assets, work cards, components, and offline simulation data only. No operational flight, mission, or controlled technical data is included; run the suite against isolated test systems and do not interpret it as airworthiness certification.","1. Create a disposable, versioned synthetic fixture: Add a nullable field while existing readers and stored versions remain active. 2. Execute the platform workflow to restrict records by assigned program and role. 3. Capture the committed result, resource version, or run status. 4. Compare the result with the source fixture and the declared invariant. 5. Repeat or recover the operation when applicable; verify access, audit evidence, and side effects.","The platform must correctly restrict records by assigned program and role; the compatible schema change condition follows the configured contract; valid state is preserved, invalid or unauthorized work is rejected or quarantined without silent loss, retries do not duplicate side effects, lineage and audit evidence remain available, and no production records or credentials are used. Safety boundary: Use unclassified synthetic assets, work cards, components, and offline simulation data only. No operational flight, mission, or controlled technical data is included; run the suite against isolated test systems and do not interpret it as airworthiness certification.",Playwright + platform UI/API,"aerospace,market-platform,synthetic-data,airworthiness_records,compatible-schema-change"
Aerospace and MRO,Airworthiness and Records,AERO-AIRWORTH-00087,Airworthiness and Records: export a scoped record set with synthetic serials (compatible schema change),Aerospace and MRO: export a scoped record set with synthetic serials with compatible schema change,Functional,High,"Non-production tenant or isolated local fixture; synthetic records only; Add a nullable field while existing readers and stored versions remain active. Safety boundary: Use unclassified synthetic assets, work cards, components, and offline simulation data only. No operational flight, mission, or controlled technical data is included; run the suite against isolated test systems and do not interpret it as airworthiness certification.","1. Create a disposable, versioned synthetic fixture: Add a nullable field while existing readers and stored versions remain active. 2. Execute the platform workflow to export a scoped record set with synthetic serials. 3. Capture the committed result, resource version, or run status. 4. Compare the result with the source fixture and the declared invariant. 5. Repeat or recover the operation when applicable; verify access, audit evidence, and side effects.","The platform must correctly export a scoped record set with synthetic serials; the compatible schema change condition follows the configured contract; valid state is preserved, invalid or unauthorized work is rejected or quarantined without silent loss, retries do not duplicate side effects, lineage and audit evidence remain available, and no production records or credentials are used. Safety boundary: Use unclassified synthetic assets, work cards, components, and offline simulation data only. No operational flight, mission, or controlled technical data is included; run the suite against isolated test systems and do not interpret it as airworthiness certification.",Playwright + platform UI/API,"aerospace,market-platform,synthetic-data,airworthiness_records,compatible-schema-change"
Aerospace and MRO,Airworthiness and Records,AERO-AIRWORTH-00088,Airworthiness and Records: detect a missing approval in a record package (compatible schema change),Aerospace and MRO: detect a missing approval in a record package with compatible schema change,Functional,High,"Non-production tenant or isolated local fixture; synthetic records only; Add a nullable field while existing readers and stored versions remain active. Safety boundary: Use unclassified synthetic assets, work cards, components, and offline simulation data only. No operational flight, mission, or controlled technical data is included; run the suite against isolated test systems and do not interpret it as airworthiness certification.","1. Create a disposable, versioned synthetic fixture: Add a nullable field while existing readers and stored versions remain active. 2. Execute the platform workflow to detect a missing approval in a record package. 3. Capture the committed result, resource version, or run status. 4. Compare the result with the source fixture and the declared invariant. 5. Repeat or recover the operation when applicable; verify access, audit evidence, and side effects.","The platform must correctly detect a missing approval in a record package; the compatible schema change condition follows the configured contract; valid state is preserved, invalid or unauthorized work is rejected or quarantined without silent loss, retries do not duplicate side effects, lineage and audit evidence remain available, and no production records or credentials are used. Safety boundary: Use unclassified synthetic assets, work cards, components, and offline simulation data only. No operational flight, mission, or controlled technical data is included; run the suite against isolated test systems and do not interpret it as airworthiness certification.",Playwright + platform UI/API,"aerospace,market-platform,synthetic-data,airworthiness_records,compatible-schema-change"
Aerospace and MRO,Airworthiness and Records,AERO-AIRWORTH-00089,Airworthiness and Records: reconcile status across asset and task views (compatible schema change),Aerospace and MRO: reconcile status across asset and task views with compatible schema change,Functional,Medium,"Non-production tenant or isolated local fixture; synthetic records only; Add a nullable field while existing readers and stored versions remain active. Safety boundary: Use unclassified synthetic assets, work cards, components, and offline simulation data only. No operational flight, mission, or controlled technical data is included; run the suite against isolated test systems and do not interpret it as airworthiness certification.","1. Create a disposable, versioned synthetic fixture: Add a nullable field while existing readers and stored versions remain active. 2. Execute the platform workflow to reconcile status across asset and task views. 3. Capture the committed result, resource version, or run status. 4. Compare the result with the source fixture and the declared invariant. 5. Repeat or recover the operation when applicable; verify access, audit evidence, and side effects.","The platform must correctly reconcile status across asset and task views; the compatible schema change condition follows the configured contract; valid state is preserved, invalid or unauthorized work is rejected or quarantined without silent loss, retries do not duplicate side effects, lineage and audit evidence remain available, and no production records or credentials are used. Safety boundary: Use unclassified synthetic assets, work cards, components, and offline simulation data only. No operational flight, mission, or controlled technical data is included; run the suite against isolated test systems and do not interpret it as airworthiness certification.",Playwright + platform UI/API,"aerospace,market-platform,synthetic-data,airworthiness_records,compatible-schema-change"
Aerospace and MRO,Airworthiness and Records,AERO-AIRWORTH-00090,Airworthiness and Records: audit record review and release (compatible schema change),Aerospace and MRO: audit record review and release with compatible schema change,Functional,High,"Non-production tenant or isolated local fixture; synthetic records only; Add a nullable field while existing readers and stored versions remain active. Safety boundary: Use unclassified synthetic assets, work cards, components, and offline simulation data only. No operational flight, mission, or controlled technical data is included; run the suite against isolated test systems and do not interpret it as airworthiness certification.","1. Create a disposable, versioned synthetic fixture: Add a nullable field while existing readers and stored versions remain active. 2. Execute the platform workflow to audit record review and release. 3. Capture the committed result, resource version, or run status. 4. Compare the result with the source fixture and the declared invariant. 5. Repeat or recover the operation when applicable; verify access, audit evidence, and side effects.","The platform must correctly audit record review and release; the compatible schema change condition follows the configured contract; valid state is preserved, invalid or unauthorized work is rejected or quarantined without silent loss, retries do not duplicate side effects, lineage and audit evidence remain available, and no production records or credentials are used. Safety boundary: Use unclassified synthetic assets, work cards, components, and offline simulation data only. No operational flight, mission, or controlled technical data is included; run the suite against isolated test systems and do not interpret it as airworthiness certification.",Playwright + platform UI/API,"aerospace,market-platform,synthetic-data,airworthiness_records,compatible-schema-change"
Aerospace and MRO,Airworthiness and Records,AERO-AIRWORTH-00091,Airworthiness and Records: assemble a synthetic compliance record for a test asset (field rename),Aerospace and MRO: assemble a synthetic compliance record for a test asset with field rename,Functional,High,"Non-production tenant or isolated local fixture; synthetic records only; Rename a field using the supported migration path and inspect historical reads. Safety boundary: Use unclassified synthetic assets, work cards, components, and offline simulation data only. No operational flight, mission, or controlled technical data is included; run the suite against isolated test systems and do not interpret it as airworthiness certification.","1. Create a disposable, versioned synthetic fixture: Rename a field using the supported migration path and inspect historical reads. 2. Execute the platform workflow to assemble a synthetic compliance record for a test asset. 3. Capture the committed result, resource version, or run status. 4. Compare the result with the source fixture and the declared invariant. 5. Repeat or recover the operation when applicable; verify access, audit evidence, and side effects.","The platform must correctly assemble a synthetic compliance record for a test asset; the field rename condition follows the configured contract; valid state is preserved, invalid or unauthorized work is rejected or quarantined without silent loss, retries do not duplicate side effects, lineage and audit evidence remain available, and no production records or credentials are used. Safety boundary: Use unclassified synthetic assets, work cards, components, and offline simulation data only. No operational flight, mission, or controlled technical data is included; run the suite against isolated test systems and do not interpret it as airworthiness certification.",Playwright + platform UI/API,"aerospace,market-platform,synthetic-data,airworthiness_records,field-rename"
Aerospace and MRO,Airworthiness and Records,AERO-AIRWORTH-00092,Airworthiness and Records: link a maintenance task to its source instruction revision (field rename),Aerospace and MRO: link a maintenance task to its source instruction revision with field rename,Functional,High,"Non-production tenant or isolated local fixture; synthetic records only; Rename a field using the supported migration path and inspect historical reads. Safety boundary: Use unclassified synthetic assets, work cards, components, and offline simulation data only. No operational flight, mission, or controlled technical data is included; run the suite against isolated test systems and do not interpret it as airworthiness certification.","1. Create a disposable, versioned synthetic fixture: Rename a field using the supported migration path and inspect historical reads. 2. Execute the platform workflow to link a maintenance task to its source instruction revision. 3. Capture the committed result, resource version, or run status. 4. Compare the result with the source fixture and the declared invariant. 5. Repeat or recover the operation when applicable; verify access, audit evidence, and side effects.","The platform must correctly link a maintenance task to its source instruction revision; the field rename condition follows the configured contract; valid state is preserved, invalid or unauthorized work is rejected or quarantined without silent loss, retries do not duplicate side effects, lineage and audit evidence remain available, and no production records or credentials are used. Safety boundary: Use unclassified synthetic assets, work cards, components, and offline simulation data only. No operational flight, mission, or controlled technical data is included; run the suite against isolated test systems and do not interpret it as airworthiness certification.",Playwright + platform UI/API,"aerospace,market-platform,synthetic-data,airworthiness_records,field-rename"
Aerospace and MRO,Airworthiness and Records,AERO-AIRWORTH-00093,Airworthiness and Records: prevent record approval without required signoff (field rename),Aerospace and MRO: prevent record approval without required signoff with field rename,Functional,Medium,"Non-production tenant or isolated local fixture; synthetic records only; Rename a field using the supported migration path and inspect historical reads. Safety boundary: Use unclassified synthetic assets, work cards, components, and offline simulation data only. No operational flight, mission, or controlled technical data is included; run the suite against isolated test systems and do not interpret it as airworthiness certification.","1. Create a disposable, versioned synthetic fixture: Rename a field using the supported migration path and inspect historical reads. 2. Execute the platform workflow to prevent record approval without required signoff. 3. Capture the committed result, resource version, or run status. 4. Compare the result with the source fixture and the declared invariant. 5. Repeat or recover the operation when applicable; verify access, audit evidence, and side effects.","The platform must correctly prevent record approval without required signoff; the field rename condition follows the configured contract; valid state is preserved, invalid or unauthorized work is rejected or quarantined without silent loss, retries do not duplicate side effects, lineage and audit evidence remain available, and no production records or credentials are used. Safety boundary: Use unclassified synthetic assets, work cards, components, and offline simulation data only. No operational flight, mission, or controlled technical data is included; run the suite against isolated test systems and do not interpret it as airworthiness certification.",Playwright + platform UI/API,"aerospace,market-platform,synthetic-data,airworthiness_records,field-rename"
Aerospace and MRO,Airworthiness and Records,AERO-AIRWORTH-00094,Airworthiness and Records: correct a record through a traceable amendment (field rename),Aerospace and MRO: correct a record through a traceable amendment with field rename,Functional,High,"Non-production tenant or isolated local fixture; synthetic records only; Rename a field using the supported migration path and inspect historical reads. Safety boundary: Use unclassified synthetic assets, work cards, components, and offline simulation data only. No operational flight, mission, or controlled technical data is included; run the suite against isolated test systems and do not interpret it as airworthiness certification.","1. Create a disposable, versioned synthetic fixture: Rename a field using the supported migration path and inspect historical reads. 2. Execute the platform workflow to correct a record through a traceable amendment. 3. Capture the committed result, resource version, or run status. 4. Compare the result with the source fixture and the declared invariant. 5. Repeat or recover the operation when applicable; verify access, audit evidence, and side effects.","The platform must correctly correct a record through a traceable amendment; the field rename condition follows the configured contract; valid state is preserved, invalid or unauthorized work is rejected or quarantined without silent loss, retries do not duplicate side effects, lineage and audit evidence remain available, and no production records or credentials are used. Safety boundary: Use unclassified synthetic assets, work cards, components, and offline simulation data only. No operational flight, mission, or controlled technical data is included; run the suite against isolated test systems and do not interpret it as airworthiness certification.",Playwright + platform UI/API,"aerospace,market-platform,synthetic-data,airworthiness_records,field-rename"
Aerospace and MRO,Airworthiness and Records,AERO-AIRWORTH-00095,Airworthiness and Records: retain record history after a configuration change (field rename),Aerospace and MRO: retain record history after a configuration change with field rename,Functional,High,"Non-production tenant or isolated local fixture; synthetic records only; Rename a field using the supported migration path and inspect historical reads. Safety boundary: Use unclassified synthetic assets, work cards, components, and offline simulation data only. No operational flight, mission, or controlled technical data is included; run the suite against isolated test systems and do not interpret it as airworthiness certification.","1. Create a disposable, versioned synthetic fixture: Rename a field using the supported migration path and inspect historical reads. 2. Execute the platform workflow to retain record history after a configuration change. 3. Capture the committed result, resource version, or run status. 4. Compare the result with the source fixture and the declared invariant. 5. Repeat or recover the operation when applicable; verify access, audit evidence, and side effects.","The platform must correctly retain record history after a configuration change; the field rename condition follows the configured contract; valid state is preserved, invalid or unauthorized work is rejected or quarantined without silent loss, retries do not duplicate side effects, lineage and audit evidence remain available, and no production records or credentials are used. Safety boundary: Use unclassified synthetic assets, work cards, components, and offline simulation data only. No operational flight, mission, or controlled technical data is included; run the suite against isolated test systems and do not interpret it as airworthiness certification.",Playwright + platform UI/API,"aerospace,market-platform,synthetic-data,airworthiness_records,field-rename"
Aerospace and MRO,Airworthiness and Records,AERO-AIRWORTH-00096,Airworthiness and Records: restrict records by assigned program and role (field rename),Aerospace and MRO: restrict records by assigned program and role with field rename,Functional,High,"Non-production tenant or isolated local fixture; synthetic records only; Rename a field using the supported migration path and inspect historical reads. Safety boundary: Use unclassified synthetic assets, work cards, components, and offline simulation data only. No operational flight, mission, or controlled technical data is included; run the suite against isolated test systems and do not interpret it as airworthiness certification.","1. Create a disposable, versioned synthetic fixture: Rename a field using the supported migration path and inspect historical reads. 2. Execute the platform workflow to restrict records by assigned program and role. 3. Capture the committed result, resource version, or run status. 4. Compare the result with the source fixture and the declared invariant. 5. Repeat or recover the operation when applicable; verify access, audit evidence, and side effects.","The platform must correctly restrict records by assigned program and role; the field rename condition follows the configured contract; valid state is preserved, invalid or unauthorized work is rejected or quarantined without silent loss, retries do not duplicate side effects, lineage and audit evidence remain available, and no production records or credentials are used. Safety boundary: Use unclassified synthetic assets, work cards, components, and offline simulation data only. No operational flight, mission, or controlled technical data is included; run the suite against isolated test systems and do not interpret it as airworthiness certification.",Playwright + platform UI/API,"aerospace,market-platform,synthetic-data,airworthiness_records,field-rename"
Aerospace and MRO,Airworthiness and Records,AERO-AIRWORTH-00097,Airworthiness and Records: export a scoped record set with synthetic serials (field rename),Aerospace and MRO: export a scoped record set with synthetic serials with field rename,Functional,Medium,"Non-production tenant or isolated local fixture; synthetic records only; Rename a field using the supported migration path and inspect historical reads. Safety boundary: Use unclassified synthetic assets, work cards, components, and offline simulation data only. No operational flight, mission, or controlled technical data is included; run the suite against isolated test systems and do not interpret it as airworthiness certification.","1. Create a disposable, versioned synthetic fixture: Rename a field using the supported migration path and inspect historical reads. 2. Execute the platform workflow to export a scoped record set with synthetic serials. 3. Capture the committed result, resource version, or run status. 4. Compare the result with the source fixture and the declared invariant. 5. Repeat or recover the operation when applicable; verify access, audit evidence, and side effects.","The platform must correctly export a scoped record set with synthetic serials; the field rename condition follows the configured contract; valid state is preserved, invalid or unauthorized work is rejected or quarantined without silent loss, retries do not duplicate side effects, lineage and audit evidence remain available, and no production records or credentials are used. Safety boundary: Use unclassified synthetic assets, work cards, components, and offline simulation data only. No operational flight, mission, or controlled technical data is included; run the suite against isolated test systems and do not interpret it as airworthiness certification.",Playwright + platform UI/API,"aerospace,market-platform,synthetic-data,airworthiness_records,field-rename"
Aerospace and MRO,Airworthiness and Records,AERO-AIRWORTH-00098,Airworthiness and Records: detect a missing approval in a record package (field rename),Aerospace and MRO: detect a missing approval in a record package with field rename,Functional,High,"Non-production tenant or isolated local fixture; synthetic records only; Rename a field using the supported migration path and inspect historical reads. Safety boundary: Use unclassified synthetic assets, work cards, components, and offline simulation data only. No operational flight, mission, or controlled technical data is included; run the suite against isolated test systems and do not interpret it as airworthiness certification.","1. Create a disposable, versioned synthetic fixture: Rename a field using the supported migration path and inspect historical reads. 2. Execute the platform workflow to detect a missing approval in a record package. 3. Capture the committed result, resource version, or run status. 4. Compare the result with the source fixture and the declared invariant. 5. Repeat or recover the operation when applicable; verify access, audit evidence, and side effects.","The platform must correctly detect a missing approval in a record package; the field rename condition follows the configured contract; valid state is preserved, invalid or unauthorized work is rejected or quarantined without silent loss, retries do not duplicate side effects, lineage and audit evidence remain available, and no production records or credentials are used. Safety boundary: Use unclassified synthetic assets, work cards, components, and offline simulation data only. No operational flight, mission, or controlled technical data is included; run the suite against isolated test systems and do not interpret it as airworthiness certification.",Playwright + platform UI/API,"aerospace,market-platform,synthetic-data,airworthiness_records,field-rename"
Aerospace and MRO,Airworthiness and Records,AERO-AIRWORTH-00099,Airworthiness and Records: reconcile status across asset and task views (field rename),Aerospace and MRO: reconcile status across asset and task views with field rename,Functional,High,"Non-production tenant or isolated local fixture; synthetic records only; Rename a field using the supported migration path and inspect historical reads. Safety boundary: Use unclassified synthetic assets, work cards, components, and offline simulation data only. No operational flight, mission, or controlled technical data is included; run the suite against isolated test systems and do not interpret it as airworthiness certification.","1. Create a disposable, versioned synthetic fixture: Rename a field using the supported migration path and inspect historical reads. 2. Execute the platform workflow to reconcile status across asset and task views. 3. Capture the committed result, resource version, or run status. 4. Compare the result with the source fixture and the declared invariant. 5. Repeat or recover the operation when applicable; verify access, audit evidence, and side effects.","The platform must correctly reconcile status across asset and task views; the field rename condition follows the configured contract; valid state is preserved, invalid or unauthorized work is rejected or quarantined without silent loss, retries do not duplicate side effects, lineage and audit evidence remain available, and no production records or credentials are used. Safety boundary: Use unclassified synthetic assets, work cards, components, and offline simulation data only. No operational flight, mission, or controlled technical data is included; run the suite against isolated test systems and do not interpret it as airworthiness certification.",Playwright + platform UI/API,"aerospace,market-platform,synthetic-data,airworthiness_records,field-rename"
Aerospace and MRO,Airworthiness and Records,AERO-AIRWORTH-00100,Airworthiness and Records: audit record review and release (field rename),Aerospace and MRO: audit record review and release with field rename,Functional,High,"Non-production tenant or isolated local fixture; synthetic records only; Rename a field using the supported migration path and inspect historical reads. Safety boundary: Use unclassified synthetic assets, work cards, components, and offline simulation data only. No operational flight, mission, or controlled technical data is included; run the suite against isolated test systems and do not interpret it as airworthiness certification.","1. Create a disposable, versioned synthetic fixture: Rename a field using the supported migration path and inspect historical reads. 2. Execute the platform workflow to audit record review and release. 3. Capture the committed result, resource version, or run status. 4. Compare the result with the source fixture and the declared invariant. 5. Repeat or recover the operation when applicable; verify access, audit evidence, and side effects.","The platform must correctly audit record review and release; the field rename condition follows the configured contract; valid state is preserved, invalid or unauthorized work is rejected or quarantined without silent loss, retries do not duplicate side effects, lineage and audit evidence remain available, and no production records or credentials are used. Safety boundary: Use unclassified synthetic assets, work cards, components, and offline simulation data only. No operational flight, mission, or controlled technical data is included; run the suite against isolated test systems and do not interpret it as airworthiness certification.",Playwright + platform UI/API,"aerospace,market-platform,synthetic-data,airworthiness_records,field-rename"
Aerospace and MRO,Airworthiness and Records,AERO-AIRWORTH-00101,Airworthiness and Records: assemble a synthetic compliance record for a test asset (worker restart),Aerospace and MRO: assemble a synthetic compliance record for a test asset with worker restart,Resilience,Medium,"Non-production tenant or isolated local fixture; synthetic records only; Restart a worker after processing input but before final checkpoint or commit. Safety boundary: Use unclassified synthetic assets, work cards, components, and offline simulation data only. No operational flight, mission, or controlled technical data is included; run the suite against isolated test systems and do not interpret it as airworthiness certification.","1. Create a disposable, versioned synthetic fixture: Restart a worker after processing input but before final checkpoint or commit. 2. Execute the platform workflow to assemble a synthetic compliance record for a test asset. 3. Capture the committed result, resource version, or run status. 4. Compare the result with the source fixture and the declared invariant. 5. Repeat or recover the operation when applicable; verify access, audit evidence, and side effects.","The platform must correctly assemble a synthetic compliance record for a test asset; the worker restart condition follows the configured contract; valid state is preserved, invalid or unauthorized work is rejected or quarantined without silent loss, retries do not duplicate side effects, lineage and audit evidence remain available, and no production records or credentials are used. Safety boundary: Use unclassified synthetic assets, work cards, components, and offline simulation data only. No operational flight, mission, or controlled technical data is included; run the suite against isolated test systems and do not interpret it as airworthiness certification.",Playwright + platform UI/API,"aerospace,market-platform,synthetic-data,airworthiness_records,worker-restart"
Aerospace and MRO,Airworthiness and Records,AERO-AIRWORTH-00102,Airworthiness and Records: link a maintenance task to its source instruction revision (worker restart),Aerospace and MRO: link a maintenance task to its source instruction revision with worker restart,Resilience,High,"Non-production tenant or isolated local fixture; synthetic records only; Restart a worker after processing input but before final checkpoint or commit. Safety boundary: Use unclassified synthetic assets, work cards, components, and offline simulation data only. No operational flight, mission, or controlled technical data is included; run the suite against isolated test systems and do not interpret it as airworthiness certification.","1. Create a disposable, versioned synthetic fixture: Restart a worker after processing input but before final checkpoint or commit. 2. Execute the platform workflow to link a maintenance task to its source instruction revision. 3. Capture the committed result, resource version, or run status. 4. Compare the result with the source fixture and the declared invariant. 5. Repeat or recover the operation when applicable; verify access, audit evidence, and side effects.","The platform must correctly link a maintenance task to its source instruction revision; the worker restart condition follows the configured contract; valid state is preserved, invalid or unauthorized work is rejected or quarantined without silent loss, retries do not duplicate side effects, lineage and audit evidence remain available, and no production records or credentials are used. Safety boundary: Use unclassified synthetic assets, work cards, components, and offline simulation data only. No operational flight, mission, or controlled technical data is included; run the suite against isolated test systems and do not interpret it as airworthiness certification.",Playwright + platform UI/API,"aerospace,market-platform,synthetic-data,airworthiness_records,worker-restart"
Aerospace and MRO,Airworthiness and Records,AERO-AIRWORTH-00103,Airworthiness and Records: prevent record approval without required signoff (worker restart),Aerospace and MRO: prevent record approval without required signoff with worker restart,Resilience,High,"Non-production tenant or isolated local fixture; synthetic records only; Restart a worker after processing input but before final checkpoint or commit. Safety boundary: Use unclassified synthetic assets, work cards, components, and offline simulation data only. No operational flight, mission, or controlled technical data is included; run the suite against isolated test systems and do not interpret it as airworthiness certification.","1. Create a disposable, versioned synthetic fixture: Restart a worker after processing input but before final checkpoint or commit. 2. Execute the platform workflow to prevent record approval without required signoff. 3. Capture the committed result, resource version, or run status. 4. Compare the result with the source fixture and the declared invariant. 5. Repeat or recover the operation when applicable; verify access, audit evidence, and side effects.","The platform must correctly prevent record approval without required signoff; the worker restart condition follows the configured contract; valid state is preserved, invalid or unauthorized work is rejected or quarantined without silent loss, retries do not duplicate side effects, lineage and audit evidence remain available, and no production records or credentials are used. Safety boundary: Use unclassified synthetic assets, work cards, components, and offline simulation data only. No operational flight, mission, or controlled technical data is included; run the suite against isolated test systems and do not interpret it as airworthiness certification.",Playwright + platform UI/API,"aerospace,market-platform,synthetic-data,airworthiness_records,worker-restart"
Aerospace and MRO,Airworthiness and Records,AERO-AIRWORTH-00104,Airworthiness and Records: correct a record through a traceable amendment (worker restart),Aerospace and MRO: correct a record through a traceable amendment with worker restart,Resilience,High,"Non-production tenant or isolated local fixture; synthetic records only; Restart a worker after processing input but before final checkpoint or commit. Safety boundary: Use unclassified synthetic assets, work cards, components, and offline simulation data only. No operational flight, mission, or controlled technical data is included; run the suite against isolated test systems and do not interpret it as airworthiness certification.","1. Create a disposable, versioned synthetic fixture: Restart a worker after processing input but before final checkpoint or commit. 2. Execute the platform workflow to correct a record through a traceable amendment. 3. Capture the committed result, resource version, or run status. 4. Compare the result with the source fixture and the declared invariant. 5. Repeat or recover the operation when applicable; verify access, audit evidence, and side effects.","The platform must correctly correct a record through a traceable amendment; the worker restart condition follows the configured contract; valid state is preserved, invalid or unauthorized work is rejected or quarantined without silent loss, retries do not duplicate side effects, lineage and audit evidence remain available, and no production records or credentials are used. Safety boundary: Use unclassified synthetic assets, work cards, components, and offline simulation data only. No operational flight, mission, or controlled technical data is included; run the suite against isolated test systems and do not interpret it as airworthiness certification.",Playwright + platform UI/API,"aerospace,market-platform,synthetic-data,airworthiness_records,worker-restart"
Aerospace and MRO,Airworthiness and Records,AERO-AIRWORTH-00105,Airworthiness and Records: retain record history after a configuration change (worker restart),Aerospace and MRO: retain record history after a configuration change with worker restart,Resilience,Medium,"Non-production tenant or isolated local fixture; synthetic records only; Restart a worker after processing input but before final checkpoint or commit. Safety boundary: Use unclassified synthetic assets, work cards, components, and offline simulation data only. No operational flight, mission, or controlled technical data is included; run the suite against isolated test systems and do not interpret it as airworthiness certification.","1. Create a disposable, versioned synthetic fixture: Restart a worker after processing input but before final checkpoint or commit. 2. Execute the platform workflow to retain record history after a configuration change. 3. Capture the committed result, resource version, or run status. 4. Compare the result with the source fixture and the declared invariant. 5. Repeat or recover the operation when applicable; verify access, audit evidence, and side effects.","The platform must correctly retain record history after a configuration change; the worker restart condition follows the configured contract; valid state is preserved, invalid or unauthorized work is rejected or quarantined without silent loss, retries do not duplicate side effects, lineage and audit evidence remain available, and no production records or credentials are used. Safety boundary: Use unclassified synthetic assets, work cards, components, and offline simulation data only. No operational flight, mission, or controlled technical data is included; run the suite against isolated test systems and do not interpret it as airworthiness certification.",Playwright + platform UI/API,"aerospace,market-platform,synthetic-data,airworthiness_records,worker-restart"
Aerospace and MRO,Airworthiness and Records,AERO-AIRWORTH-00106,Airworthiness and Records: restrict records by assigned program and role (worker restart),Aerospace and MRO: restrict records by assigned program and role with worker restart,Resilience,High,"Non-production tenant or isolated local fixture; synthetic records only; Restart a worker after processing input but before final checkpoint or commit. Safety boundary: Use unclassified synthetic assets, work cards, components, and offline simulation data only. No operational flight, mission, or controlled technical data is included; run the suite against isolated test systems and do not interpret it as airworthiness certification.","1. Create a disposable, versioned synthetic fixture: Restart a worker after processing input but before final checkpoint or commit. 2. Execute the platform workflow to restrict records by assigned program and role. 3. Capture the committed result, resource version, or run status. 4. Compare the result with the source fixture and the declared invariant. 5. Repeat or recover the operation when applicable; verify access, audit evidence, and side effects.","The platform must correctly restrict records by assigned program and role; the worker restart condition follows the configured contract; valid state is preserved, invalid or unauthorized work is rejected or quarantined without silent loss, retries do not duplicate side effects, lineage and audit evidence remain available, and no production records or credentials are used. Safety boundary: Use unclassified synthetic assets, work cards, components, and offline simulation data only. No operational flight, mission, or controlled technical data is included; run the suite against isolated test systems and do not interpret it as airworthiness certification.",Playwright + platform UI/API,"aerospace,market-platform,synthetic-data,airworthiness_records,worker-restart"
Aerospace and MRO,Airworthiness and Records,AERO-AIRWORTH-00107,Airworthiness and Records: export a scoped record set with synthetic serials (worker restart),Aerospace and MRO: export a scoped record set with synthetic serials with worker restart,Resilience,High,"Non-production tenant or isolated local fixture; synthetic records only; Restart a worker after processing input but before final checkpoint or commit. Safety boundary: Use unclassified synthetic assets, work cards, components, and offline simulation data only. No operational flight, mission, or controlled technical data is included; run the suite against isolated test systems and do not interpret it as airworthiness certification.","1. Create a disposable, versioned synthetic fixture: Restart a worker after processing input but before final checkpoint or commit. 2. Execute the platform workflow to export a scoped record set with synthetic serials. 3. Capture the committed result, resource version, or run status. 4. Compare the result with the source fixture and the declared invariant. 5. Repeat or recover the operation when applicable; verify access, audit evidence, and side effects.","The platform must correctly export a scoped record set with synthetic serials; the worker restart condition follows the configured contract; valid state is preserved, invalid or unauthorized work is rejected or quarantined without silent loss, retries do not duplicate side effects, lineage and audit evidence remain available, and no production records or credentials are used. Safety boundary: Use unclassified synthetic assets, work cards, components, and offline simulation data only. No operational flight, mission, or controlled technical data is included; run the suite against isolated test systems and do not interpret it as airworthiness certification.",Playwright + platform UI/API,"aerospace,market-platform,synthetic-data,airworthiness_records,worker-restart"
Aerospace and MRO,Airworthiness and Records,AERO-AIRWORTH-00108,Airworthiness and Records: detect a missing approval in a record package (worker restart),Aerospace and MRO: detect a missing approval in a record package with worker restart,Resilience,High,"Non-production tenant or isolated local fixture; synthetic records only; Restart a worker after processing input but before final checkpoint or commit. Safety boundary: Use unclassified synthetic assets, work cards, components, and offline simulation data only. No operational flight, mission, or controlled technical data is included; run the suite against isolated test systems and do not interpret it as airworthiness certification.","1. Create a disposable, versioned synthetic fixture: Restart a worker after processing input but before final checkpoint or commit. 2. Execute the platform workflow to detect a missing approval in a record package. 3. Capture the committed result, resource version, or run status. 4. Compare the result with the source fixture and the declared invariant. 5. Repeat or recover the operation when applicable; verify access, audit evidence, and side effects.","The platform must correctly detect a missing approval in a record package; the worker restart condition follows the configured contract; valid state is preserved, invalid or unauthorized work is rejected or quarantined without silent loss, retries do not duplicate side effects, lineage and audit evidence remain available, and no production records or credentials are used. Safety boundary: Use unclassified synthetic assets, work cards, components, and offline simulation data only. No operational flight, mission, or controlled technical data is included; run the suite against isolated test systems and do not interpret it as airworthiness certification.",Playwright + platform UI/API,"aerospace,market-platform,synthetic-data,airworthiness_records,worker-restart"
Aerospace and MRO,Airworthiness and Records,AERO-AIRWORTH-00109,Airworthiness and Records: reconcile status across asset and task views (worker restart),Aerospace and MRO: reconcile status across asset and task views with worker restart,Resilience,Medium,"Non-production tenant or isolated local fixture; synthetic records only; Restart a worker after processing input but before final checkpoint or commit. Safety boundary: Use unclassified synthetic assets, work cards, components, and offline simulation data only. No operational flight, mission, or controlled technical data is included; run the suite against isolated test systems and do not interpret it as airworthiness certification.","1. Create a disposable, versioned synthetic fixture: Restart a worker after processing input but before final checkpoint or commit. 2. Execute the platform workflow to reconcile status across asset and task views. 3. Capture the committed result, resource version, or run status. 4. Compare the result with the source fixture and the declared invariant. 5. Repeat or recover the operation when applicable; verify access, audit evidence, and side effects.","The platform must correctly reconcile status across asset and task views; the worker restart condition follows the configured contract; valid state is preserved, invalid or unauthorized work is rejected or quarantined without silent loss, retries do not duplicate side effects, lineage and audit evidence remain available, and no production records or credentials are used. Safety boundary: Use unclassified synthetic assets, work cards, components, and offline simulation data only. No operational flight, mission, or controlled technical data is included; run the suite against isolated test systems and do not interpret it as airworthiness certification.",Playwright + platform UI/API,"aerospace,market-platform,synthetic-data,airworthiness_records,worker-restart"
Aerospace and MRO,Airworthiness and Records,AERO-AIRWORTH-00110,Airworthiness and Records: audit record review and release (worker restart),Aerospace and MRO: audit record review and release with worker restart,Resilience,High,"Non-production tenant or isolated local fixture; synthetic records only; Restart a worker after processing input but before final checkpoint or commit. Safety boundary: Use unclassified synthetic assets, work cards, components, and offline simulation data only. No operational flight, mission, or controlled technical data is included; run the suite against isolated test systems and do not interpret it as airworthiness certification.","1. Create a disposable, versioned synthetic fixture: Restart a worker after processing input but before final checkpoint or commit. 2. Execute the platform workflow to audit record review and release. 3. Capture the committed result, resource version, or run status. 4. Compare the result with the source fixture and the declared invariant. 5. Repeat or recover the operation when applicable; verify access, audit evidence, and side effects.","The platform must correctly audit record review and release; the worker restart condition follows the configured contract; valid state is preserved, invalid or unauthorized work is rejected or quarantined without silent loss, retries do not duplicate side effects, lineage and audit evidence remain available, and no production records or credentials are used. Safety boundary: Use unclassified synthetic assets, work cards, components, and offline simulation data only. No operational flight, mission, or controlled technical data is included; run the suite against isolated test systems and do not interpret it as airworthiness certification.",Playwright + platform UI/API,"aerospace,market-platform,synthetic-data,airworthiness_records,worker-restart"
Aerospace and MRO,Airworthiness and Records,AERO-AIRWORTH-00111,Airworthiness and Records: assemble a synthetic compliance record for a test asset (least privilege),Aerospace and MRO: assemble a synthetic compliance record for a test asset with least privilege,Security,Critical,"Non-production tenant or isolated local fixture; synthetic records only; Compare the authorized role with a role missing the required grant. Safety boundary: Use unclassified synthetic assets, work cards, components, and offline simulation data only. No operational flight, mission, or controlled technical data is included; run the suite against isolated test systems and do not interpret it as airworthiness certification.","1. Create a disposable, versioned synthetic fixture: Compare the authorized role with a role missing the required grant. 2. Execute the platform workflow to assemble a synthetic compliance record for a test asset. 3. Capture the committed result, resource version, or run status. 4. Compare the result with the source fixture and the declared invariant. 5. Repeat or recover the operation when applicable; verify access, audit evidence, and side effects.","The platform must correctly assemble a synthetic compliance record for a test asset; the least privilege condition follows the configured contract; valid state is preserved, invalid or unauthorized work is rejected or quarantined without silent loss, retries do not duplicate side effects, lineage and audit evidence remain available, and no production records or credentials are used. Safety boundary: Use unclassified synthetic assets, work cards, components, and offline simulation data only. No operational flight, mission, or controlled technical data is included; run the suite against isolated test systems and do not interpret it as airworthiness certification.",Playwright + platform UI/API,"aerospace,market-platform,synthetic-data,airworthiness_records,least-privilege"
Aerospace and MRO,Airworthiness and Records,AERO-AIRWORTH-00112,Airworthiness and Records: link a maintenance task to its source instruction revision (least privilege),Aerospace and MRO: link a maintenance task to its source instruction revision with least privilege,Security,Critical,"Non-production tenant or isolated local fixture; synthetic records only; Compare the authorized role with a role missing the required grant. Safety boundary: Use unclassified synthetic assets, work cards, components, and offline simulation data only. No operational flight, mission, or controlled technical data is included; run the suite against isolated test systems and do not interpret it as airworthiness certification.","1. Create a disposable, versioned synthetic fixture: Compare the authorized role with a role missing the required grant. 2. Execute the platform workflow to link a maintenance task to its source instruction revision. 3. Capture the committed result, resource version, or run status. 4. Compare the result with the source fixture and the declared invariant. 5. Repeat or recover the operation when applicable; verify access, audit evidence, and side effects.","The platform must correctly link a maintenance task to its source instruction revision; the least privilege condition follows the configured contract; valid state is preserved, invalid or unauthorized work is rejected or quarantined without silent loss, retries do not duplicate side effects, lineage and audit evidence remain available, and no production records or credentials are used. Safety boundary: Use unclassified synthetic assets, work cards, components, and offline simulation data only. No operational flight, mission, or controlled technical data is included; run the suite against isolated test systems and do not interpret it as airworthiness certification.",Playwright + platform UI/API,"aerospace,market-platform,synthetic-data,airworthiness_records,least-privilege"
Aerospace and MRO,Airworthiness and Records,AERO-AIRWORTH-00113,Airworthiness and Records: prevent record approval without required signoff (least privilege),Aerospace and MRO: prevent record approval without required signoff with least privilege,Security,Critical,"Non-production tenant or isolated local fixture; synthetic records only; Compare the authorized role with a role missing the required grant. Safety boundary: Use unclassified synthetic assets, work cards, components, and offline simulation data only. No operational flight, mission, or controlled technical data is included; run the suite against isolated test systems and do not interpret it as airworthiness certification.","1. Create a disposable, versioned synthetic fixture: Compare the authorized role with a role missing the required grant. 2. Execute the platform workflow to prevent record approval without required signoff. 3. Capture the committed result, resource version, or run status. 4. Compare the result with the source fixture and the declared invariant. 5. Repeat or recover the operation when applicable; verify access, audit evidence, and side effects.","The platform must correctly prevent record approval without required signoff; the least privilege condition follows the configured contract; valid state is preserved, invalid or unauthorized work is rejected or quarantined without silent loss, retries do not duplicate side effects, lineage and audit evidence remain available, and no production records or credentials are used. Safety boundary: Use unclassified synthetic assets, work cards, components, and offline simulation data only. No operational flight, mission, or controlled technical data is included; run the suite against isolated test systems and do not interpret it as airworthiness certification.",Playwright + platform UI/API,"aerospace,market-platform,synthetic-data,airworthiness_records,least-privilege"
Aerospace and MRO,Airworthiness and Records,AERO-AIRWORTH-00114,Airworthiness and Records: correct a record through a traceable amendment (least privilege),Aerospace and MRO: correct a record through a traceable amendment with least privilege,Security,Critical,"Non-production tenant or isolated local fixture; synthetic records only; Compare the authorized role with a role missing the required grant. Safety boundary: Use unclassified synthetic assets, work cards, components, and offline simulation data only. No operational flight, mission, or controlled technical data is included; run the suite against isolated test systems and do not interpret it as airworthiness certification.","1. Create a disposable, versioned synthetic fixture: Compare the authorized role with a role missing the required grant. 2. Execute the platform workflow to correct a record through a traceable amendment. 3. Capture the committed result, resource version, or run status. 4. Compare the result with the source fixture and the declared invariant. 5. Repeat or recover the operation when applicable; verify access, audit evidence, and side effects.","The platform must correctly correct a record through a traceable amendment; the least privilege condition follows the configured contract; valid state is preserved, invalid or unauthorized work is rejected or quarantined without silent loss, retries do not duplicate side effects, lineage and audit evidence remain available, and no production records or credentials are used. Safety boundary: Use unclassified synthetic assets, work cards, components, and offline simulation data only. No operational flight, mission, or controlled technical data is included; run the suite against isolated test systems and do not interpret it as airworthiness certification.",Playwright + platform UI/API,"aerospace,market-platform,synthetic-data,airworthiness_records,least-privilege"
Aerospace and MRO,Airworthiness and Records,AERO-AIRWORTH-00115,Airworthiness and Records: retain record history after a configuration change (least privilege),Aerospace and MRO: retain record history after a configuration change with least privilege,Security,Critical,"Non-production tenant or isolated local fixture; synthetic records only; Compare the authorized role with a role missing the required grant. Safety boundary: Use unclassified synthetic assets, work cards, components, and offline simulation data only. No operational flight, mission, or controlled technical data is included; run the suite against isolated test systems and do not interpret it as airworthiness certification.","1. Create a disposable, versioned synthetic fixture: Compare the authorized role with a role missing the required grant. 2. Execute the platform workflow to retain record history after a configuration change. 3. Capture the committed result, resource version, or run status. 4. Compare the result with the source fixture and the declared invariant. 5. Repeat or recover the operation when applicable; verify access, audit evidence, and side effects.","The platform must correctly retain record history after a configuration change; the least privilege condition follows the configured contract; valid state is preserved, invalid or unauthorized work is rejected or quarantined without silent loss, retries do not duplicate side effects, lineage and audit evidence remain available, and no production records or credentials are used. Safety boundary: Use unclassified synthetic assets, work cards, components, and offline simulation data only. No operational flight, mission, or controlled technical data is included; run the suite against isolated test systems and do not interpret it as airworthiness certification.",Playwright + platform UI/API,"aerospace,market-platform,synthetic-data,airworthiness_records,least-privilege"
Aerospace and MRO,Airworthiness and Records,AERO-AIRWORTH-00116,Airworthiness and Records: restrict records by assigned program and role (least privilege),Aerospace and MRO: restrict records by assigned program and role with least privilege,Security,Critical,"Non-production tenant or isolated local fixture; synthetic records only; Compare the authorized role with a role missing the required grant. Safety boundary: Use unclassified synthetic assets, work cards, components, and offline simulation data only. No operational flight, mission, or controlled technical data is included; run the suite against isolated test systems and do not interpret it as airworthiness certification.","1. Create a disposable, versioned synthetic fixture: Compare the authorized role with a role missing the required grant. 2. Execute the platform workflow to restrict records by assigned program and role. 3. Capture the committed result, resource version, or run status. 4. Compare the result with the source fixture and the declared invariant. 5. Repeat or recover the operation when applicable; verify access, audit evidence, and side effects.","The platform must correctly restrict records by assigned program and role; the least privilege condition follows the configured contract; valid state is preserved, invalid or unauthorized work is rejected or quarantined without silent loss, retries do not duplicate side effects, lineage and audit evidence remain available, and no production records or credentials are used. Safety boundary: Use unclassified synthetic assets, work cards, components, and offline simulation data only. No operational flight, mission, or controlled technical data is included; run the suite against isolated test systems and do not interpret it as airworthiness certification.",Playwright + platform UI/API,"aerospace,market-platform,synthetic-data,airworthiness_records,least-privilege"
Aerospace and MRO,Airworthiness and Records,AERO-AIRWORTH-00117,Airworthiness and Records: export a scoped record set with synthetic serials (least privilege),Aerospace and MRO: export a scoped record set with synthetic serials with least privilege,Security,Critical,"Non-production tenant or isolated local fixture; synthetic records only; Compare the authorized role with a role missing the required grant. Safety boundary: Use unclassified synthetic assets, work cards, components, and offline simulation data only. No operational flight, mission, or controlled technical data is included; run the suite against isolated test systems and do not interpret it as airworthiness certification.","1. Create a disposable, versioned synthetic fixture: Compare the authorized role with a role missing the required grant. 2. Execute the platform workflow to export a scoped record set with synthetic serials. 3. Capture the committed result, resource version, or run status. 4. Compare the result with the source fixture and the declared invariant. 5. Repeat or recover the operation when applicable; verify access, audit evidence, and side effects.","The platform must correctly export a scoped record set with synthetic serials; the least privilege condition follows the configured contract; valid state is preserved, invalid or unauthorized work is rejected or quarantined without silent loss, retries do not duplicate side effects, lineage and audit evidence remain available, and no production records or credentials are used. Safety boundary: Use unclassified synthetic assets, work cards, components, and offline simulation data only. No operational flight, mission, or controlled technical data is included; run the suite against isolated test systems and do not interpret it as airworthiness certification.",Playwright + platform UI/API,"aerospace,market-platform,synthetic-data,airworthiness_records,least-privilege"
Aerospace and MRO,Airworthiness and Records,AERO-AIRWORTH-00118,Airworthiness and Records: detect a missing approval in a record package (least privilege),Aerospace and MRO: detect a missing approval in a record package with least privilege,Security,Critical,"Non-production tenant or isolated local fixture; synthetic records only; Compare the authorized role with a role missing the required grant. Safety boundary: Use unclassified synthetic assets, work cards, components, and offline simulation data only. No operational flight, mission, or controlled technical data is included; run the suite against isolated test systems and do not interpret it as airworthiness certification.","1. Create a disposable, versioned synthetic fixture: Compare the authorized role with a role missing the required grant. 2. Execute the platform workflow to detect a missing approval in a record package. 3. Capture the committed result, resource version, or run status. 4. Compare the result with the source fixture and the declared invariant. 5. Repeat or recover the operation when applicable; verify access, audit evidence, and side effects.","The platform must correctly detect a missing approval in a record package; the least privilege condition follows the configured contract; valid state is preserved, invalid or unauthorized work is rejected or quarantined without silent loss, retries do not duplicate side effects, lineage and audit evidence remain available, and no production records or credentials are used. Safety boundary: Use unclassified synthetic assets, work cards, components, and offline simulation data only. No operational flight, mission, or controlled technical data is included; run the suite against isolated test systems and do not interpret it as airworthiness certification.",Playwright + platform UI/API,"aerospace,market-platform,synthetic-data,airworthiness_records,least-privilege"
Aerospace and MRO,Airworthiness and Records,AERO-AIRWORTH-00119,Airworthiness and Records: reconcile status across asset and task views (least privilege),Aerospace and MRO: reconcile status across asset and task views with least privilege,Security,Critical,"Non-production tenant or isolated local fixture; synthetic records only; Compare the authorized role with a role missing the required grant. Safety boundary: Use unclassified synthetic assets, work cards, components, and offline simulation data only. No operational flight, mission, or controlled technical data is included; run the suite against isolated test systems and do not interpret it as airworthiness certification.","1. Create a disposable, versioned synthetic fixture: Compare the authorized role with a role missing the required grant. 2. Execute the platform workflow to reconcile status across asset and task views. 3. Capture the committed result, resource version, or run status. 4. Compare the result with the source fixture and the declared invariant. 5. Repeat or recover the operation when applicable; verify access, audit evidence, and side effects.","The platform must correctly reconcile status across asset and task views; the least privilege condition follows the configured contract; valid state is preserved, invalid or unauthorized work is rejected or quarantined without silent loss, retries do not duplicate side effects, lineage and audit evidence remain available, and no production records or credentials are used. Safety boundary: Use unclassified synthetic assets, work cards, components, and offline simulation data only. No operational flight, mission, or controlled technical data is included; run the suite against isolated test systems and do not interpret it as airworthiness certification.",Playwright + platform UI/API,"aerospace,market-platform,synthetic-data,airworthiness_records,least-privilege"
Aerospace and MRO,Airworthiness and Records,AERO-AIRWORTH-00120,Airworthiness and Records: audit record review and release (least privilege),Aerospace and MRO: audit record review and release with least privilege,Security,Critical,"Non-production tenant or isolated local fixture; synthetic records only; Compare the authorized role with a role missing the required grant. Safety boundary: Use unclassified synthetic assets, work cards, components, and offline simulation data only. No operational flight, mission, or controlled technical data is included; run the suite against isolated test systems and do not interpret it as airworthiness certification.","1. Create a disposable, versioned synthetic fixture: Compare the authorized role with a role missing the required grant. 2. Execute the platform workflow to audit record review and release. 3. Capture the committed result, resource version, or run status. 4. Compare the result with the source fixture and the declared invariant. 5. Repeat or recover the operation when applicable; verify access, audit evidence, and side effects.","The platform must correctly audit record review and release; the least privilege condition follows the configured contract; valid state is preserved, invalid or unauthorized work is rejected or quarantined without silent loss, retries do not duplicate side effects, lineage and audit evidence remain available, and no production records or credentials are used. Safety boundary: Use unclassified synthetic assets, work cards, components, and offline simulation data only. No operational flight, mission, or controlled technical data is included; run the suite against isolated test systems and do not interpret it as airworthiness certification.",Playwright + platform UI/API,"aerospace,market-platform,synthetic-data,airworthiness_records,least-privilege"
Aerospace and MRO,Airworthiness and Records,AERO-AIRWORTH-00121,Airworthiness and Records: assemble a synthetic compliance record for a test asset (concurrent writers),Aerospace and MRO: assemble a synthetic compliance record for a test asset with concurrent writers,Functional,Medium,"Non-production tenant or isolated local fixture; synthetic records only; Run two valid writers against overlapping logical data at the same time. Safety boundary: Use unclassified synthetic assets, work cards, components, and offline simulation data only. No operational flight, mission, or controlled technical data is included; run the suite against isolated test systems and do not interpret it as airworthiness certification.","1. Create a disposable, versioned synthetic fixture: Run two valid writers against overlapping logical data at the same time. 2. Execute the platform workflow to assemble a synthetic compliance record for a test asset. 3. Capture the committed result, resource version, or run status. 4. Compare the result with the source fixture and the declared invariant. 5. Repeat or recover the operation when applicable; verify access, audit evidence, and side effects.","The platform must correctly assemble a synthetic compliance record for a test asset; the concurrent writers condition follows the configured contract; valid state is preserved, invalid or unauthorized work is rejected or quarantined without silent loss, retries do not duplicate side effects, lineage and audit evidence remain available, and no production records or credentials are used. Safety boundary: Use unclassified synthetic assets, work cards, components, and offline simulation data only. No operational flight, mission, or controlled technical data is included; run the suite against isolated test systems and do not interpret it as airworthiness certification.",Playwright + platform UI/API,"aerospace,market-platform,synthetic-data,airworthiness_records,concurrent-writers"
Aerospace and MRO,Airworthiness and Records,AERO-AIRWORTH-00122,Airworthiness and Records: link a maintenance task to its source instruction revision (concurrent writers),Aerospace and MRO: link a maintenance task to its source instruction revision with concurrent writers,Functional,High,"Non-production tenant or isolated local fixture; synthetic records only; Run two valid writers against overlapping logical data at the same time. Safety boundary: Use unclassified synthetic assets, work cards, components, and offline simulation data only. No operational flight, mission, or controlled technical data is included; run the suite against isolated test systems and do not interpret it as airworthiness certification.","1. Create a disposable, versioned synthetic fixture: Run two valid writers against overlapping logical data at the same time. 2. Execute the platform workflow to link a maintenance task to its source instruction revision. 3. Capture the committed result, resource version, or run status. 4. Compare the result with the source fixture and the declared invariant. 5. Repeat or recover the operation when applicable; verify access, audit evidence, and side effects.","The platform must correctly link a maintenance task to its source instruction revision; the concurrent writers condition follows the configured contract; valid state is preserved, invalid or unauthorized work is rejected or quarantined without silent loss, retries do not duplicate side effects, lineage and audit evidence remain available, and no production records or credentials are used. Safety boundary: Use unclassified synthetic assets, work cards, components, and offline simulation data only. No operational flight, mission, or controlled technical data is included; run the suite against isolated test systems and do not interpret it as airworthiness certification.",Playwright + platform UI/API,"aerospace,market-platform,synthetic-data,airworthiness_records,concurrent-writers"
Aerospace and MRO,Airworthiness and Records,AERO-AIRWORTH-00123,Airworthiness and Records: prevent record approval without required signoff (concurrent writers),Aerospace and MRO: prevent record approval without required signoff with concurrent writers,Functional,High,"Non-production tenant or isolated local fixture; synthetic records only; Run two valid writers against overlapping logical data at the same time. Safety boundary: Use unclassified synthetic assets, work cards, components, and offline simulation data only. No operational flight, mission, or controlled technical data is included; run the suite against isolated test systems and do not interpret it as airworthiness certification.","1. Create a disposable, versioned synthetic fixture: Run two valid writers against overlapping logical data at the same time. 2. Execute the platform workflow to prevent record approval without required signoff. 3. Capture the committed result, resource version, or run status. 4. Compare the result with the source fixture and the declared invariant. 5. Repeat or recover the operation when applicable; verify access, audit evidence, and side effects.","The platform must correctly prevent record approval without required signoff; the concurrent writers condition follows the configured contract; valid state is preserved, invalid or unauthorized work is rejected or quarantined without silent loss, retries do not duplicate side effects, lineage and audit evidence remain available, and no production records or credentials are used. Safety boundary: Use unclassified synthetic assets, work cards, components, and offline simulation data only. No operational flight, mission, or controlled technical data is included; run the suite against isolated test systems and do not interpret it as airworthiness certification.",Playwright + platform UI/API,"aerospace,market-platform,synthetic-data,airworthiness_records,concurrent-writers"
Aerospace and MRO,Airworthiness and Records,AERO-AIRWORTH-00124,Airworthiness and Records: correct a record through a traceable amendment (concurrent writers),Aerospace and MRO: correct a record through a traceable amendment with concurrent writers,Functional,High,"Non-production tenant or isolated local fixture; synthetic records only; Run two valid writers against overlapping logical data at the same time. Safety boundary: Use unclassified synthetic assets, work cards, components, and offline simulation data only. No operational flight, mission, or controlled technical data is included; run the suite against isolated test systems and do not interpret it as airworthiness certification.","1. Create a disposable, versioned synthetic fixture: Run two valid writers against overlapping logical data at the same time. 2. Execute the platform workflow to correct a record through a traceable amendment. 3. Capture the committed result, resource version, or run status. 4. Compare the result with the source fixture and the declared invariant. 5. Repeat or recover the operation when applicable; verify access, audit evidence, and side effects.","The platform must correctly correct a record through a traceable amendment; the concurrent writers condition follows the configured contract; valid state is preserved, invalid or unauthorized work is rejected or quarantined without silent loss, retries do not duplicate side effects, lineage and audit evidence remain available, and no production records or credentials are used. Safety boundary: Use unclassified synthetic assets, work cards, components, and offline simulation data only. No operational flight, mission, or controlled technical data is included; run the suite against isolated test systems and do not interpret it as airworthiness certification.",Playwright + platform UI/API,"aerospace,market-platform,synthetic-data,airworthiness_records,concurrent-writers"
Aerospace and MRO,Airworthiness and Records,AERO-AIRWORTH-00125,Airworthiness and Records: retain record history after a configuration change (concurrent writers),Aerospace and MRO: retain record history after a configuration change with concurrent writers,Functional,Medium,"Non-production tenant or isolated local fixture; synthetic records only; Run two valid writers against overlapping logical data at the same time. Safety boundary: Use unclassified synthetic assets, work cards, components, and offline simulation data only. No operational flight, mission, or controlled technical data is included; run the suite against isolated test systems and do not interpret it as airworthiness certification.","1. Create a disposable, versioned synthetic fixture: Run two valid writers against overlapping logical data at the same time. 2. Execute the platform workflow to retain record history after a configuration change. 3. Capture the committed result, resource version, or run status. 4. Compare the result with the source fixture and the declared invariant. 5. Repeat or recover the operation when applicable; verify access, audit evidence, and side effects.","The platform must correctly retain record history after a configuration change; the concurrent writers condition follows the configured contract; valid state is preserved, invalid or unauthorized work is rejected or quarantined without silent loss, retries do not duplicate side effects, lineage and audit evidence remain available, and no production records or credentials are used. Safety boundary: Use unclassified synthetic assets, work cards, components, and offline simulation data only. No operational flight, mission, or controlled technical data is included; run the suite against isolated test systems and do not interpret it as airworthiness certification.",Playwright + platform UI/API,"aerospace,market-platform,synthetic-data,airworthiness_records,concurrent-writers"
Aerospace and MRO,Airworthiness and Records,AERO-AIRWORTH-00126,Airworthiness and Records: restrict records by assigned program and role (concurrent writers),Aerospace and MRO: restrict records by assigned program and role with concurrent writers,Functional,High,"Non-production tenant or isolated local fixture; synthetic records only; Run two valid writers against overlapping logical data at the same time. Safety boundary: Use unclassified synthetic assets, work cards, components, and offline simulation data only. No operational flight, mission, or controlled technical data is included; run the suite against isolated test systems and do not interpret it as airworthiness certification.","1. Create a disposable, versioned synthetic fixture: Run two valid writers against overlapping logical data at the same time. 2. Execute the platform workflow to restrict records by assigned program and role. 3. Capture the committed result, resource version, or run status. 4. Compare the result with the source fixture and the declared invariant. 5. Repeat or recover the operation when applicable; verify access, audit evidence, and side effects.","The platform must correctly restrict records by assigned program and role; the concurrent writers condition follows the configured contract; valid state is preserved, invalid or unauthorized work is rejected or quarantined without silent loss, retries do not duplicate side effects, lineage and audit evidence remain available, and no production records or credentials are used. Safety boundary: Use unclassified synthetic assets, work cards, components, and offline simulation data only. No operational flight, mission, or controlled technical data is included; run the suite against isolated test systems and do not interpret it as airworthiness certification.",Playwright + platform UI/API,"aerospace,market-platform,synthetic-data,airworthiness_records,concurrent-writers"
Aerospace and MRO,Airworthiness and Records,AERO-AIRWORTH-00127,Airworthiness and Records: export a scoped record set with synthetic serials (concurrent writers),Aerospace and MRO: export a scoped record set with synthetic serials with concurrent writers,Functional,High,"Non-production tenant or isolated local fixture; synthetic records only; Run two valid writers against overlapping logical data at the same time. Safety boundary: Use unclassified synthetic assets, work cards, components, and offline simulation data only. No operational flight, mission, or controlled technical data is included; run the suite against isolated test systems and do not interpret it as airworthiness certification.","1. Create a disposable, versioned synthetic fixture: Run two valid writers against overlapping logical data at the same time. 2. Execute the platform workflow to export a scoped record set with synthetic serials. 3. Capture the committed result, resource version, or run status. 4. Compare the result with the source fixture and the declared invariant. 5. Repeat or recover the operation when applicable; verify access, audit evidence, and side effects.","The platform must correctly export a scoped record set with synthetic serials; the concurrent writers condition follows the configured contract; valid state is preserved, invalid or unauthorized work is rejected or quarantined without silent loss, retries do not duplicate side effects, lineage and audit evidence remain available, and no production records or credentials are used. Safety boundary: Use unclassified synthetic assets, work cards, components, and offline simulation data only. No operational flight, mission, or controlled technical data is included; run the suite against isolated test systems and do not interpret it as airworthiness certification.",Playwright + platform UI/API,"aerospace,market-platform,synthetic-data,airworthiness_records,concurrent-writers"
Aerospace and MRO,Airworthiness and Records,AERO-AIRWORTH-00128,Airworthiness and Records: detect a missing approval in a record package (concurrent writers),Aerospace and MRO: detect a missing approval in a record package with concurrent writers,Functional,High,"Non-production tenant or isolated local fixture; synthetic records only; Run two valid writers against overlapping logical data at the same time. Safety boundary: Use unclassified synthetic assets, work cards, components, and offline simulation data only. No operational flight, mission, or controlled technical data is included; run the suite against isolated test systems and do not interpret it as airworthiness certification.","1. Create a disposable, versioned synthetic fixture: Run two valid writers against overlapping logical data at the same time. 2. Execute the platform workflow to detect a missing approval in a record package. 3. Capture the committed result, resource version, or run status. 4. Compare the result with the source fixture and the declared invariant. 5. Repeat or recover the operation when applicable; verify access, audit evidence, and side effects.","The platform must correctly detect a missing approval in a record package; the concurrent writers condition follows the configured contract; valid state is preserved, invalid or unauthorized work is rejected or quarantined without silent loss, retries do not duplicate side effects, lineage and audit evidence remain available, and no production records or credentials are used. Safety boundary: Use unclassified synthetic assets, work cards, components, and offline simulation data only. No operational flight, mission, or controlled technical data is included; run the suite against isolated test systems and do not interpret it as airworthiness certification.",Playwright + platform UI/API,"aerospace,market-platform,synthetic-data,airworthiness_records,concurrent-writers"
Aerospace and MRO,Airworthiness and Records,AERO-AIRWORTH-00129,Airworthiness and Records: reconcile status across asset and task views (concurrent writers),Aerospace and MRO: reconcile status across asset and task views with concurrent writers,Functional,Medium,"Non-production tenant or isolated local fixture; synthetic records only; Run two valid writers against overlapping logical data at the same time. Safety boundary: Use unclassified synthetic assets, work cards, components, and offline simulation data only. No operational flight, mission, or controlled technical data is included; run the suite against isolated test systems and do not interpret it as airworthiness certification.","1. Create a disposable, versioned synthetic fixture: Run two valid writers against overlapping logical data at the same time. 2. Execute the platform workflow to reconcile status across asset and task views. 3. Capture the committed result, resource version, or run status. 4. Compare the result with the source fixture and the declared invariant. 5. Repeat or recover the operation when applicable; verify access, audit evidence, and side effects.","The platform must correctly reconcile status across asset and task views; the concurrent writers condition follows the configured contract; valid state is preserved, invalid or unauthorized work is rejected or quarantined without silent loss, retries do not duplicate side effects, lineage and audit evidence remain available, and no production records or credentials are used. Safety boundary: Use unclassified synthetic assets, work cards, components, and offline simulation data only. No operational flight, mission, or controlled technical data is included; run the suite against isolated test systems and do not interpret it as airworthiness certification.",Playwright + platform UI/API,"aerospace,market-platform,synthetic-data,airworthiness_records,concurrent-writers"
Aerospace and MRO,Airworthiness and Records,AERO-AIRWORTH-00130,Airworthiness and Records: audit record review and release (concurrent writers),Aerospace and MRO: audit record review and release with concurrent writers,Functional,High,"Non-production tenant or isolated local fixture; synthetic records only; Run two valid writers against overlapping logical data at the same time. Safety boundary: Use unclassified synthetic assets, work cards, components, and offline simulation data only. No operational flight, mission, or controlled technical data is included; run the suite against isolated test systems and do not interpret it as airworthiness certification.","1. Create a disposable, versioned synthetic fixture: Run two valid writers against overlapping logical data at the same time. 2. Execute the platform workflow to audit record review and release. 3. Capture the committed result, resource version, or run status. 4. Compare the result with the source fixture and the declared invariant. 5. Repeat or recover the operation when applicable; verify access, audit evidence, and side effects.","The platform must correctly audit record review and release; the concurrent writers condition follows the configured contract; valid state is preserved, invalid or unauthorized work is rejected or quarantined without silent loss, retries do not duplicate side effects, lineage and audit evidence remain available, and no production records or credentials are used. Safety boundary: Use unclassified synthetic assets, work cards, components, and offline simulation data only. No operational flight, mission, or controlled technical data is included; run the suite against isolated test systems and do not interpret it as airworthiness certification.",Playwright + platform UI/API,"aerospace,market-platform,synthetic-data,airworthiness_records,concurrent-writers"
Aerospace and MRO,Airworthiness and Records,AERO-AIRWORTH-00131,Airworthiness and Records: assemble a synthetic compliance record for a test asset (transient retry),Aerospace and MRO: assemble a synthetic compliance record for a test asset with transient retry,Resilience,High,"Non-production tenant or isolated local fixture; synthetic records only; Inject one transient service failure, restore the dependency, and retry. Safety boundary: Use unclassified synthetic assets, work cards, components, and offline simulation data only. No operational flight, mission, or controlled technical data is included; run the suite against isolated test systems and do not interpret it as airworthiness certification.","1. Create a disposable, versioned synthetic fixture: Inject one transient service failure, restore the dependency, and retry. 2. Execute the platform workflow to assemble a synthetic compliance record for a test asset. 3. Capture the committed result, resource version, or run status. 4. Compare the result with the source fixture and the declared invariant. 5. Repeat or recover the operation when applicable; verify access, audit evidence, and side effects.","The platform must correctly assemble a synthetic compliance record for a test asset; the transient retry condition follows the configured contract; valid state is preserved, invalid or unauthorized work is rejected or quarantined without silent loss, retries do not duplicate side effects, lineage and audit evidence remain available, and no production records or credentials are used. Safety boundary: Use unclassified synthetic assets, work cards, components, and offline simulation data only. No operational flight, mission, or controlled technical data is included; run the suite against isolated test systems and do not interpret it as airworthiness certification.",Playwright + platform UI/API,"aerospace,market-platform,synthetic-data,airworthiness_records,transient-retry"
Aerospace and MRO,Airworthiness and Records,AERO-AIRWORTH-00132,Airworthiness and Records: link a maintenance task to its source instruction revision (transient retry),Aerospace and MRO: link a maintenance task to its source instruction revision with transient retry,Resilience,High,"Non-production tenant or isolated local fixture; synthetic records only; Inject one transient service failure, restore the dependency, and retry. Safety boundary: Use unclassified synthetic assets, work cards, components, and offline simulation data only. No operational flight, mission, or controlled technical data is included; run the suite against isolated test systems and do not interpret it as airworthiness certification.","1. Create a disposable, versioned synthetic fixture: Inject one transient service failure, restore the dependency, and retry. 2. Execute the platform workflow to link a maintenance task to its source instruction revision. 3. Capture the committed result, resource version, or run status. 4. Compare the result with the source fixture and the declared invariant. 5. Repeat or recover the operation when applicable; verify access, audit evidence, and side effects.","The platform must correctly link a maintenance task to its source instruction revision; the transient retry condition follows the configured contract; valid state is preserved, invalid or unauthorized work is rejected or quarantined without silent loss, retries do not duplicate side effects, lineage and audit evidence remain available, and no production records or credentials are used. Safety boundary: Use unclassified synthetic assets, work cards, components, and offline simulation data only. No operational flight, mission, or controlled technical data is included; run the suite against isolated test systems and do not interpret it as airworthiness certification.",Playwright + platform UI/API,"aerospace,market-platform,synthetic-data,airworthiness_records,transient-retry"
Aerospace and MRO,Airworthiness and Records,AERO-AIRWORTH-00133,Airworthiness and Records: prevent record approval without required signoff (transient retry),Aerospace and MRO: prevent record approval without required signoff with transient retry,Resilience,Medium,"Non-production tenant or isolated local fixture; synthetic records only; Inject one transient service failure, restore the dependency, and retry. Safety boundary: Use unclassified synthetic assets, work cards, components, and offline simulation data only. No operational flight, mission, or controlled technical data is included; run the suite against isolated test systems and do not interpret it as airworthiness certification.","1. Create a disposable, versioned synthetic fixture: Inject one transient service failure, restore the dependency, and retry. 2. Execute the platform workflow to prevent record approval without required signoff. 3. Capture the committed result, resource version, or run status. 4. Compare the result with the source fixture and the declared invariant. 5. Repeat or recover the operation when applicable; verify access, audit evidence, and side effects.","The platform must correctly prevent record approval without required signoff; the transient retry condition follows the configured contract; valid state is preserved, invalid or unauthorized work is rejected or quarantined without silent loss, retries do not duplicate side effects, lineage and audit evidence remain available, and no production records or credentials are used. Safety boundary: Use unclassified synthetic assets, work cards, components, and offline simulation data only. No operational flight, mission, or controlled technical data is included; run the suite against isolated test systems and do not interpret it as airworthiness certification.",Playwright + platform UI/API,"aerospace,market-platform,synthetic-data,airworthiness_records,transient-retry"
Aerospace and MRO,Airworthiness and Records,AERO-AIRWORTH-00134,Airworthiness and Records: correct a record through a traceable amendment (transient retry),Aerospace and MRO: correct a record through a traceable amendment with transient retry,Resilience,High,"Non-production tenant or isolated local fixture; synthetic records only; Inject one transient service failure, restore the dependency, and retry. Safety boundary: Use unclassified synthetic assets, work cards, components, and offline simulation data only. No operational flight, mission, or controlled technical data is included; run the suite against isolated test systems and do not interpret it as airworthiness certification.","1. Create a disposable, versioned synthetic fixture: Inject one transient service failure, restore the dependency, and retry. 2. Execute the platform workflow to correct a record through a traceable amendment. 3. Capture the committed result, resource version, or run status. 4. Compare the result with the source fixture and the declared invariant. 5. Repeat or recover the operation when applicable; verify access, audit evidence, and side effects.","The platform must correctly correct a record through a traceable amendment; the transient retry condition follows the configured contract; valid state is preserved, invalid or unauthorized work is rejected or quarantined without silent loss, retries do not duplicate side effects, lineage and audit evidence remain available, and no production records or credentials are used. Safety boundary: Use unclassified synthetic assets, work cards, components, and offline simulation data only. No operational flight, mission, or controlled technical data is included; run the suite against isolated test systems and do not interpret it as airworthiness certification.",Playwright + platform UI/API,"aerospace,market-platform,synthetic-data,airworthiness_records,transient-retry"
Aerospace and MRO,Airworthiness and Records,AERO-AIRWORTH-00135,Airworthiness and Records: retain record history after a configuration change (transient retry),Aerospace and MRO: retain record history after a configuration change with transient retry,Resilience,High,"Non-production tenant or isolated local fixture; synthetic records only; Inject one transient service failure, restore the dependency, and retry. Safety boundary: Use unclassified synthetic assets, work cards, components, and offline simulation data only. No operational flight, mission, or controlled technical data is included; run the suite against isolated test systems and do not interpret it as airworthiness certification.","1. Create a disposable, versioned synthetic fixture: Inject one transient service failure, restore the dependency, and retry. 2. Execute the platform workflow to retain record history after a configuration change. 3. Capture the committed result, resource version, or run status. 4. Compare the result with the source fixture and the declared invariant. 5. Repeat or recover the operation when applicable; verify access, audit evidence, and side effects.","The platform must correctly retain record history after a configuration change; the transient retry condition follows the configured contract; valid state is preserved, invalid or unauthorized work is rejected or quarantined without silent loss, retries do not duplicate side effects, lineage and audit evidence remain available, and no production records or credentials are used. Safety boundary: Use unclassified synthetic assets, work cards, components, and offline simulation data only. No operational flight, mission, or controlled technical data is included; run the suite against isolated test systems and do not interpret it as airworthiness certification.",Playwright + platform UI/API,"aerospace,market-platform,synthetic-data,airworthiness_records,transient-retry"
Aerospace and MRO,Airworthiness and Records,AERO-AIRWORTH-00136,Airworthiness and Records: restrict records by assigned program and role (transient retry),Aerospace and MRO: restrict records by assigned program and role with transient retry,Resilience,High,"Non-production tenant or isolated local fixture; synthetic records only; Inject one transient service failure, restore the dependency, and retry. Safety boundary: Use unclassified synthetic assets, work cards, components, and offline simulation data only. No operational flight, mission, or controlled technical data is included; run the suite against isolated test systems and do not interpret it as airworthiness certification.","1. Create a disposable, versioned synthetic fixture: Inject one transient service failure, restore the dependency, and retry. 2. Execute the platform workflow to restrict records by assigned program and role. 3. Capture the committed result, resource version, or run status. 4. Compare the result with the source fixture and the declared invariant. 5. Repeat or recover the operation when applicable; verify access, audit evidence, and side effects.","The platform must correctly restrict records by assigned program and role; the transient retry condition follows the configured contract; valid state is preserved, invalid or unauthorized work is rejected or quarantined without silent loss, retries do not duplicate side effects, lineage and audit evidence remain available, and no production records or credentials are used. Safety boundary: Use unclassified synthetic assets, work cards, components, and offline simulation data only. No operational flight, mission, or controlled technical data is included; run the suite against isolated test systems and do not interpret it as airworthiness certification.",Playwright + platform UI/API,"aerospace,market-platform,synthetic-data,airworthiness_records,transient-retry"
Aerospace and MRO,Airworthiness and Records,AERO-AIRWORTH-00137,Airworthiness and Records: export a scoped record set with synthetic serials (transient retry),Aerospace and MRO: export a scoped record set with synthetic serials with transient retry,Resilience,Medium,"Non-production tenant or isolated local fixture; synthetic records only; Inject one transient service failure, restore the dependency, and retry. Safety boundary: Use unclassified synthetic assets, work cards, components, and offline simulation data only. No operational flight, mission, or controlled technical data is included; run the suite against isolated test systems and do not interpret it as airworthiness certification.","1. Create a disposable, versioned synthetic fixture: Inject one transient service failure, restore the dependency, and retry. 2. Execute the platform workflow to export a scoped record set with synthetic serials. 3. Capture the committed result, resource version, or run status. 4. Compare the result with the source fixture and the declared invariant. 5. Repeat or recover the operation when applicable; verify access, audit evidence, and side effects.","The platform must correctly export a scoped record set with synthetic serials; the transient retry condition follows the configured contract; valid state is preserved, invalid or unauthorized work is rejected or quarantined without silent loss, retries do not duplicate side effects, lineage and audit evidence remain available, and no production records or credentials are used. Safety boundary: Use unclassified synthetic assets, work cards, components, and offline simulation data only. No operational flight, mission, or controlled technical data is included; run the suite against isolated test systems and do not interpret it as airworthiness certification.",Playwright + platform UI/API,"aerospace,market-platform,synthetic-data,airworthiness_records,transient-retry"
Aerospace and MRO,Airworthiness and Records,AERO-AIRWORTH-00138,Airworthiness and Records: detect a missing approval in a record package (transient retry),Aerospace and MRO: detect a missing approval in a record package with transient retry,Resilience,High,"Non-production tenant or isolated local fixture; synthetic records only; Inject one transient service failure, restore the dependency, and retry. Safety boundary: Use unclassified synthetic assets, work cards, components, and offline simulation data only. No operational flight, mission, or controlled technical data is included; run the suite against isolated test systems and do not interpret it as airworthiness certification.","1. Create a disposable, versioned synthetic fixture: Inject one transient service failure, restore the dependency, and retry. 2. Execute the platform workflow to detect a missing approval in a record package. 3. Capture the committed result, resource version, or run status. 4. Compare the result with the source fixture and the declared invariant. 5. Repeat or recover the operation when applicable; verify access, audit evidence, and side effects.","The platform must correctly detect a missing approval in a record package; the transient retry condition follows the configured contract; valid state is preserved, invalid or unauthorized work is rejected or quarantined without silent loss, retries do not duplicate side effects, lineage and audit evidence remain available, and no production records or credentials are used. Safety boundary: Use unclassified synthetic assets, work cards, components, and offline simulation data only. No operational flight, mission, or controlled technical data is included; run the suite against isolated test systems and do not interpret it as airworthiness certification.",Playwright + platform UI/API,"aerospace,market-platform,synthetic-data,airworthiness_records,transient-retry"
Aerospace and MRO,Airworthiness and Records,AERO-AIRWORTH-00139,Airworthiness and Records: reconcile status across asset and task views (transient retry),Aerospace and MRO: reconcile status across asset and task views with transient retry,Resilience,High,"Non-production tenant or isolated local fixture; synthetic records only; Inject one transient service failure, restore the dependency, and retry. Safety boundary: Use unclassified synthetic assets, work cards, components, and offline simulation data only. No operational flight, mission, or controlled technical data is included; run the suite against isolated test systems and do not interpret it as airworthiness certification.","1. Create a disposable, versioned synthetic fixture: Inject one transient service failure, restore the dependency, and retry. 2. Execute the platform workflow to reconcile status across asset and task views. 3. Capture the committed result, resource version, or run status. 4. Compare the result with the source fixture and the declared invariant. 5. Repeat or recover the operation when applicable; verify access, audit evidence, and side effects.","The platform must correctly reconcile status across asset and task views; the transient retry condition follows the configured contract; valid state is preserved, invalid or unauthorized work is rejected or quarantined without silent loss, retries do not duplicate side effects, lineage and audit evidence remain available, and no production records or credentials are used. Safety boundary: Use unclassified synthetic assets, work cards, components, and offline simulation data only. No operational flight, mission, or controlled technical data is included; run the suite against isolated test systems and do not interpret it as airworthiness certification.",Playwright + platform UI/API,"aerospace,market-platform,synthetic-data,airworthiness_records,transient-retry"
Aerospace and MRO,Airworthiness and Records,AERO-AIRWORTH-00140,Airworthiness and Records: audit record review and release (transient retry),Aerospace and MRO: audit record review and release with transient retry,Resilience,High,"Non-production tenant or isolated local fixture; synthetic records only; Inject one transient service failure, restore the dependency, and retry. Safety boundary: Use unclassified synthetic assets, work cards, components, and offline simulation data only. No operational flight, mission, or controlled technical data is included; run the suite against isolated test systems and do not interpret it as airworthiness certification.","1. Create a disposable, versioned synthetic fixture: Inject one transient service failure, restore the dependency, and retry. 2. Execute the platform workflow to audit record review and release. 3. Capture the committed result, resource version, or run status. 4. Compare the result with the source fixture and the declared invariant. 5. Repeat or recover the operation when applicable; verify access, audit evidence, and side effects.","The platform must correctly audit record review and release; the transient retry condition follows the configured contract; valid state is preserved, invalid or unauthorized work is rejected or quarantined without silent loss, retries do not duplicate side effects, lineage and audit evidence remain available, and no production records or credentials are used. Safety boundary: Use unclassified synthetic assets, work cards, components, and offline simulation data only. No operational flight, mission, or controlled technical data is included; run the suite against isolated test systems and do not interpret it as airworthiness certification.",Playwright + platform UI/API,"aerospace,market-platform,synthetic-data,airworthiness_records,transient-retry"
Aerospace and MRO,Airworthiness and Records,AERO-AIRWORTH-00141,Airworthiness and Records: assemble a synthetic compliance record for a test asset (commit conflict),Aerospace and MRO: assemble a synthetic compliance record for a test asset with commit conflict,Functional,Medium,"Non-production tenant or isolated local fixture; synthetic records only; Advance the resource version between read and write to create an optimistic conflict. Safety boundary: Use unclassified synthetic assets, work cards, components, and offline simulation data only. No operational flight, mission, or controlled technical data is included; run the suite against isolated test systems and do not interpret it as airworthiness certification.","1. Create a disposable, versioned synthetic fixture: Advance the resource version between read and write to create an optimistic conflict. 2. Execute the platform workflow to assemble a synthetic compliance record for a test asset. 3. Capture the committed result, resource version, or run status. 4. Compare the result with the source fixture and the declared invariant. 5. Repeat or recover the operation when applicable; verify access, audit evidence, and side effects.","The platform must correctly assemble a synthetic compliance record for a test asset; the commit conflict condition follows the configured contract; valid state is preserved, invalid or unauthorized work is rejected or quarantined without silent loss, retries do not duplicate side effects, lineage and audit evidence remain available, and no production records or credentials are used. Safety boundary: Use unclassified synthetic assets, work cards, components, and offline simulation data only. No operational flight, mission, or controlled technical data is included; run the suite against isolated test systems and do not interpret it as airworthiness certification.",Playwright + platform UI/API,"aerospace,market-platform,synthetic-data,airworthiness_records,commit-conflict"
Aerospace and MRO,Airworthiness and Records,AERO-AIRWORTH-00142,Airworthiness and Records: link a maintenance task to its source instruction revision (commit conflict),Aerospace and MRO: link a maintenance task to its source instruction revision with commit conflict,Functional,High,"Non-production tenant or isolated local fixture; synthetic records only; Advance the resource version between read and write to create an optimistic conflict. Safety boundary: Use unclassified synthetic assets, work cards, components, and offline simulation data only. No operational flight, mission, or controlled technical data is included; run the suite against isolated test systems and do not interpret it as airworthiness certification.","1. Create a disposable, versioned synthetic fixture: Advance the resource version between read and write to create an optimistic conflict. 2. Execute the platform workflow to link a maintenance task to its source instruction revision. 3. Capture the committed result, resource version, or run status. 4. Compare the result with the source fixture and the declared invariant. 5. Repeat or recover the operation when applicable; verify access, audit evidence, and side effects.","The platform must correctly link a maintenance task to its source instruction revision; the commit conflict condition follows the configured contract; valid state is preserved, invalid or unauthorized work is rejected or quarantined without silent loss, retries do not duplicate side effects, lineage and audit evidence remain available, and no production records or credentials are used. Safety boundary: Use unclassified synthetic assets, work cards, components, and offline simulation data only. No operational flight, mission, or controlled technical data is included; run the suite against isolated test systems and do not interpret it as airworthiness certification.",Playwright + platform UI/API,"aerospace,market-platform,synthetic-data,airworthiness_records,commit-conflict"
Aerospace and MRO,Airworthiness and Records,AERO-AIRWORTH-00143,Airworthiness and Records: prevent record approval without required signoff (commit conflict),Aerospace and MRO: prevent record approval without required signoff with commit conflict,Functional,High,"Non-production tenant or isolated local fixture; synthetic records only; Advance the resource version between read and write to create an optimistic conflict. Safety boundary: Use unclassified synthetic assets, work cards, components, and offline simulation data only. No operational flight, mission, or controlled technical data is included; run the suite against isolated test systems and do not interpret it as airworthiness certification.","1. Create a disposable, versioned synthetic fixture: Advance the resource version between read and write to create an optimistic conflict. 2. Execute the platform workflow to prevent record approval without required signoff. 3. Capture the committed result, resource version, or run status. 4. Compare the result with the source fixture and the declared invariant. 5. Repeat or recover the operation when applicable; verify access, audit evidence, and side effects.","The platform must correctly prevent record approval without required signoff; the commit conflict condition follows the configured contract; valid state is preserved, invalid or unauthorized work is rejected or quarantined without silent loss, retries do not duplicate side effects, lineage and audit evidence remain available, and no production records or credentials are used. Safety boundary: Use unclassified synthetic assets, work cards, components, and offline simulation data only. No operational flight, mission, or controlled technical data is included; run the suite against isolated test systems and do not interpret it as airworthiness certification.",Playwright + platform UI/API,"aerospace,market-platform,synthetic-data,airworthiness_records,commit-conflict"
Aerospace and MRO,Airworthiness and Records,AERO-AIRWORTH-00144,Airworthiness and Records: correct a record through a traceable amendment (commit conflict),Aerospace and MRO: correct a record through a traceable amendment with commit conflict,Functional,High,"Non-production tenant or isolated local fixture; synthetic records only; Advance the resource version between read and write to create an optimistic conflict. Safety boundary: Use unclassified synthetic assets, work cards, components, and offline simulation data only. No operational flight, mission, or controlled technical data is included; run the suite against isolated test systems and do not interpret it as airworthiness certification.","1. Create a disposable, versioned synthetic fixture: Advance the resource version between read and write to create an optimistic conflict. 2. Execute the platform workflow to correct a record through a traceable amendment. 3. Capture the committed result, resource version, or run status. 4. Compare the result with the source fixture and the declared invariant. 5. Repeat or recover the operation when applicable; verify access, audit evidence, and side effects.","The platform must correctly correct a record through a traceable amendment; the commit conflict condition follows the configured contract; valid state is preserved, invalid or unauthorized work is rejected or quarantined without silent loss, retries do not duplicate side effects, lineage and audit evidence remain available, and no production records or credentials are used. Safety boundary: Use unclassified synthetic assets, work cards, components, and offline simulation data only. No operational flight, mission, or controlled technical data is included; run the suite against isolated test systems and do not interpret it as airworthiness certification.",Playwright + platform UI/API,"aerospace,market-platform,synthetic-data,airworthiness_records,commit-conflict"
Aerospace and MRO,Airworthiness and Records,AERO-AIRWORTH-00145,Airworthiness and Records: retain record history after a configuration change (commit conflict),Aerospace and MRO: retain record history after a configuration change with commit conflict,Functional,Medium,"Non-production tenant or isolated local fixture; synthetic records only; Advance the resource version between read and write to create an optimistic conflict. Safety boundary: Use unclassified synthetic assets, work cards, components, and offline simulation data only. No operational flight, mission, or controlled technical data is included; run the suite against isolated test systems and do not interpret it as airworthiness certification.","1. Create a disposable, versioned synthetic fixture: Advance the resource version between read and write to create an optimistic conflict. 2. Execute the platform workflow to retain record history after a configuration change. 3. Capture the committed result, resource version, or run status. 4. Compare the result with the source fixture and the declared invariant. 5. Repeat or recover the operation when applicable; verify access, audit evidence, and side effects.","The platform must correctly retain record history after a configuration change; the commit conflict condition follows the configured contract; valid state is preserved, invalid or unauthorized work is rejected or quarantined without silent loss, retries do not duplicate side effects, lineage and audit evidence remain available, and no production records or credentials are used. Safety boundary: Use unclassified synthetic assets, work cards, components, and offline simulation data only. No operational flight, mission, or controlled technical data is included; run the suite against isolated test systems and do not interpret it as airworthiness certification.",Playwright + platform UI/API,"aerospace,market-platform,synthetic-data,airworthiness_records,commit-conflict"
Aerospace and MRO,Airworthiness and Records,AERO-AIRWORTH-00146,Airworthiness and Records: restrict records by assigned program and role (commit conflict),Aerospace and MRO: restrict records by assigned program and role with commit conflict,Functional,High,"Non-production tenant or isolated local fixture; synthetic records only; Advance the resource version between read and write to create an optimistic conflict. Safety boundary: Use unclassified synthetic assets, work cards, components, and offline simulation data only. No operational flight, mission, or controlled technical data is included; run the suite against isolated test systems and do not interpret it as airworthiness certification.","1. Create a disposable, versioned synthetic fixture: Advance the resource version between read and write to create an optimistic conflict. 2. Execute the platform workflow to restrict records by assigned program and role. 3. Capture the committed result, resource version, or run status. 4. Compare the result with the source fixture and the declared invariant. 5. Repeat or recover the operation when applicable; verify access, audit evidence, and side effects.","The platform must correctly restrict records by assigned program and role; the commit conflict condition follows the configured contract; valid state is preserved, invalid or unauthorized work is rejected or quarantined without silent loss, retries do not duplicate side effects, lineage and audit evidence remain available, and no production records or credentials are used. Safety boundary: Use unclassified synthetic assets, work cards, components, and offline simulation data only. No operational flight, mission, or controlled technical data is included; run the suite against isolated test systems and do not interpret it as airworthiness certification.",Playwright + platform UI/API,"aerospace,market-platform,synthetic-data,airworthiness_records,commit-conflict"
Aerospace and MRO,Airworthiness and Records,AERO-AIRWORTH-00147,Airworthiness and Records: export a scoped record set with synthetic serials (commit conflict),Aerospace and MRO: export a scoped record set with synthetic serials with commit conflict,Functional,High,"Non-production tenant or isolated local fixture; synthetic records only; Advance the resource version between read and write to create an optimistic conflict. Safety boundary: Use unclassified synthetic assets, work cards, components, and offline simulation data only. No operational flight, mission, or controlled technical data is included; run the suite against isolated test systems and do not interpret it as airworthiness certification.","1. Create a disposable, versioned synthetic fixture: Advance the resource version between read and write to create an optimistic conflict. 2. Execute the platform workflow to export a scoped record set with synthetic serials. 3. Capture the committed result, resource version, or run status. 4. Compare the result with the source fixture and the declared invariant. 5. Repeat or recover the operation when applicable; verify access, audit evidence, and side effects.","The platform must correctly export a scoped record set with synthetic serials; the commit conflict condition follows the configured contract; valid state is preserved, invalid or unauthorized work is rejected or quarantined without silent loss, retries do not duplicate side effects, lineage and audit evidence remain available, and no production records or credentials are used. Safety boundary: Use unclassified synthetic assets, work cards, components, and offline simulation data only. No operational flight, mission, or controlled technical data is included; run the suite against isolated test systems and do not interpret it as airworthiness certification.",Playwright + platform UI/API,"aerospace,market-platform,synthetic-data,airworthiness_records,commit-conflict"
Aerospace and MRO,Airworthiness and Records,AERO-AIRWORTH-00148,Airworthiness and Records: detect a missing approval in a record package (commit conflict),Aerospace and MRO: detect a missing approval in a record package with commit conflict,Functional,High,"Non-production tenant or isolated local fixture; synthetic records only; Advance the resource version between read and write to create an optimistic conflict. Safety boundary: Use unclassified synthetic assets, work cards, components, and offline simulation data only. No operational flight, mission, or controlled technical data is included; run the suite against isolated test systems and do not interpret it as airworthiness certification.","1. Create a disposable, versioned synthetic fixture: Advance the resource version between read and write to create an optimistic conflict. 2. Execute the platform workflow to detect a missing approval in a record package. 3. Capture the committed result, resource version, or run status. 4. Compare the result with the source fixture and the declared invariant. 5. Repeat or recover the operation when applicable; verify access, audit evidence, and side effects.","The platform must correctly detect a missing approval in a record package; the commit conflict condition follows the configured contract; valid state is preserved, invalid or unauthorized work is rejected or quarantined without silent loss, retries do not duplicate side effects, lineage and audit evidence remain available, and no production records or credentials are used. Safety boundary: Use unclassified synthetic assets, work cards, components, and offline simulation data only. No operational flight, mission, or controlled technical data is included; run the suite against isolated test systems and do not interpret it as airworthiness certification.",Playwright + platform UI/API,"aerospace,market-platform,synthetic-data,airworthiness_records,commit-conflict"
Aerospace and MRO,Airworthiness and Records,AERO-AIRWORTH-00149,Airworthiness and Records: reconcile status across asset and task views (commit conflict),Aerospace and MRO: reconcile status across asset and task views with commit conflict,Functional,Medium,"Non-production tenant or isolated local fixture; synthetic records only; Advance the resource version between read and write to create an optimistic conflict. Safety boundary: Use unclassified synthetic assets, work cards, components, and offline simulation data only. No operational flight, mission, or controlled technical data is included; run the suite against isolated test systems and do not interpret it as airworthiness certification.","1. Create a disposable, versioned synthetic fixture: Advance the resource version between read and write to create an optimistic conflict. 2. Execute the platform workflow to reconcile status across asset and task views. 3. Capture the committed result, resource version, or run status. 4. Compare the result with the source fixture and the declared invariant. 5. Repeat or recover the operation when applicable; verify access, audit evidence, and side effects.","The platform must correctly reconcile status across asset and task views; the commit conflict condition follows the configured contract; valid state is preserved, invalid or unauthorized work is rejected or quarantined without silent loss, retries do not duplicate side effects, lineage and audit evidence remain available, and no production records or credentials are used. Safety boundary: Use unclassified synthetic assets, work cards, components, and offline simulation data only. No operational flight, mission, or controlled technical data is included; run the suite against isolated test systems and do not interpret it as airworthiness certification.",Playwright + platform UI/API,"aerospace,market-platform,synthetic-data,airworthiness_records,commit-conflict"
Aerospace and MRO,Airworthiness and Records,AERO-AIRWORTH-00150,Airworthiness and Records: audit record review and release (commit conflict),Aerospace and MRO: audit record review and release with commit conflict,Functional,High,"Non-production tenant or isolated local fixture; synthetic records only; Advance the resource version between read and write to create an optimistic conflict. Safety boundary: Use unclassified synthetic assets, work cards, components, and offline simulation data only. No operational flight, mission, or controlled technical data is included; run the suite against isolated test systems and do not interpret it as airworthiness certification.","1. Create a disposable, versioned synthetic fixture: Advance the resource version between read and write to create an optimistic conflict. 2. Execute the platform workflow to audit record review and release. 3. Capture the committed result, resource version, or run status. 4. Compare the result with the source fixture and the declared invariant. 5. Repeat or recover the operation when applicable; verify access, audit evidence, and side effects.","The platform must correctly audit record review and release; the commit conflict condition follows the configured contract; valid state is preserved, invalid or unauthorized work is rejected or quarantined without silent loss, retries do not duplicate side effects, lineage and audit evidence remain available, and no production records or credentials are used. Safety boundary: Use unclassified synthetic assets, work cards, components, and offline simulation data only. No operational flight, mission, or controlled technical data is included; run the suite against isolated test systems and do not interpret it as airworthiness certification.",Playwright + platform UI/API,"aerospace,market-platform,synthetic-data,airworthiness_records,commit-conflict"
Aerospace and MRO,Airworthiness and Records,AERO-AIRWORTH-00151,Airworthiness and Records: assemble a synthetic compliance record for a test asset (rollback and replay),Aerospace and MRO: assemble a synthetic compliance record for a test asset with rollback and replay,Functional,High,"Non-production tenant or isolated local fixture; synthetic records only; Restore a prior version in a disposable fixture and replay the same operation. Safety boundary: Use unclassified synthetic assets, work cards, components, and offline simulation data only. No operational flight, mission, or controlled technical data is included; run the suite against isolated test systems and do not interpret it as airworthiness certification.","1. Create a disposable, versioned synthetic fixture: Restore a prior version in a disposable fixture and replay the same operation. 2. Execute the platform workflow to assemble a synthetic compliance record for a test asset. 3. Capture the committed result, resource version, or run status. 4. Compare the result with the source fixture and the declared invariant. 5. Repeat or recover the operation when applicable; verify access, audit evidence, and side effects.","The platform must correctly assemble a synthetic compliance record for a test asset; the rollback and replay condition follows the configured contract; valid state is preserved, invalid or unauthorized work is rejected or quarantined without silent loss, retries do not duplicate side effects, lineage and audit evidence remain available, and no production records or credentials are used. Safety boundary: Use unclassified synthetic assets, work cards, components, and offline simulation data only. No operational flight, mission, or controlled technical data is included; run the suite against isolated test systems and do not interpret it as airworthiness certification.",Playwright + platform UI/API,"aerospace,market-platform,synthetic-data,airworthiness_records,rollback-and-replay"
Aerospace and MRO,Airworthiness and Records,AERO-AIRWORTH-00152,Airworthiness and Records: link a maintenance task to its source instruction revision (rollback and replay),Aerospace and MRO: link a maintenance task to its source instruction revision with rollback and replay,Functional,High,"Non-production tenant or isolated local fixture; synthetic records only; Restore a prior version in a disposable fixture and replay the same operation. Safety boundary: Use unclassified synthetic assets, work cards, components, and offline simulation data only. No operational flight, mission, or controlled technical data is included; run the suite against isolated test systems and do not interpret it as airworthiness certification.","1. Create a disposable, versioned synthetic fixture: Restore a prior version in a disposable fixture and replay the same operation. 2. Execute the platform workflow to link a maintenance task to its source instruction revision. 3. Capture the committed result, resource version, or run status. 4. Compare the result with the source fixture and the declared invariant. 5. Repeat or recover the operation when applicable; verify access, audit evidence, and side effects.","The platform must correctly link a maintenance task to its source instruction revision; the rollback and replay condition follows the configured contract; valid state is preserved, invalid or unauthorized work is rejected or quarantined without silent loss, retries do not duplicate side effects, lineage and audit evidence remain available, and no production records or credentials are used. Safety boundary: Use unclassified synthetic assets, work cards, components, and offline simulation data only. No operational flight, mission, or controlled technical data is included; run the suite against isolated test systems and do not interpret it as airworthiness certification.",Playwright + platform UI/API,"aerospace,market-platform,synthetic-data,airworthiness_records,rollback-and-replay"
Aerospace and MRO,Airworthiness and Records,AERO-AIRWORTH-00153,Airworthiness and Records: prevent record approval without required signoff (rollback and replay),Aerospace and MRO: prevent record approval without required signoff with rollback and replay,Functional,Medium,"Non-production tenant or isolated local fixture; synthetic records only; Restore a prior version in a disposable fixture and replay the same operation. Safety boundary: Use unclassified synthetic assets, work cards, components, and offline simulation data only. No operational flight, mission, or controlled technical data is included; run the suite against isolated test systems and do not interpret it as airworthiness certification.","1. Create a disposable, versioned synthetic fixture: Restore a prior version in a disposable fixture and replay the same operation. 2. Execute the platform workflow to prevent record approval without required signoff. 3. Capture the committed result, resource version, or run status. 4. Compare the result with the source fixture and the declared invariant. 5. Repeat or recover the operation when applicable; verify access, audit evidence, and side effects.","The platform must correctly prevent record approval without required signoff; the rollback and replay condition follows the configured contract; valid state is preserved, invalid or unauthorized work is rejected or quarantined without silent loss, retries do not duplicate side effects, lineage and audit evidence remain available, and no production records or credentials are used. Safety boundary: Use unclassified synthetic assets, work cards, components, and offline simulation data only. No operational flight, mission, or controlled technical data is included; run the suite against isolated test systems and do not interpret it as airworthiness certification.",Playwright + platform UI/API,"aerospace,market-platform,synthetic-data,airworthiness_records,rollback-and-replay"
Aerospace and MRO,Airworthiness and Records,AERO-AIRWORTH-00154,Airworthiness and Records: correct a record through a traceable amendment (rollback and replay),Aerospace and MRO: correct a record through a traceable amendment with rollback and replay,Functional,High,"Non-production tenant or isolated local fixture; synthetic records only; Restore a prior version in a disposable fixture and replay the same operation. Safety boundary: Use unclassified synthetic assets, work cards, components, and offline simulation data only. No operational flight, mission, or controlled technical data is included; run the suite against isolated test systems and do not interpret it as airworthiness certification.","1. Create a disposable, versioned synthetic fixture: Restore a prior version in a disposable fixture and replay the same operation. 2. Execute the platform workflow to correct a record through a traceable amendment. 3. Capture the committed result, resource version, or run status. 4. Compare the result with the source fixture and the declared invariant. 5. Repeat or recover the operation when applicable; verify access, audit evidence, and side effects.","The platform must correctly correct a record through a traceable amendment; the rollback and replay condition follows the configured contract; valid state is preserved, invalid or unauthorized work is rejected or quarantined without silent loss, retries do not duplicate side effects, lineage and audit evidence remain available, and no production records or credentials are used. Safety boundary: Use unclassified synthetic assets, work cards, components, and offline simulation data only. No operational flight, mission, or controlled technical data is included; run the suite against isolated test systems and do not interpret it as airworthiness certification.",Playwright + platform UI/API,"aerospace,market-platform,synthetic-data,airworthiness_records,rollback-and-replay"
Aerospace and MRO,Airworthiness and Records,AERO-AIRWORTH-00155,Airworthiness and Records: retain record history after a configuration change (rollback and replay),Aerospace and MRO: retain record history after a configuration change with rollback and replay,Functional,High,"Non-production tenant or isolated local fixture; synthetic records only; Restore a prior version in a disposable fixture and replay the same operation. Safety boundary: Use unclassified synthetic assets, work cards, components, and offline simulation data only. No operational flight, mission, or controlled technical data is included; run the suite against isolated test systems and do not interpret it as airworthiness certification.","1. Create a disposable, versioned synthetic fixture: Restore a prior version in a disposable fixture and replay the same operation. 2. Execute the platform workflow to retain record history after a configuration change. 3. Capture the committed result, resource version, or run status. 4. Compare the result with the source fixture and the declared invariant. 5. Repeat or recover the operation when applicable; verify access, audit evidence, and side effects.","The platform must correctly retain record history after a configuration change; the rollback and replay condition follows the configured contract; valid state is preserved, invalid or unauthorized work is rejected or quarantined without silent loss, retries do not duplicate side effects, lineage and audit evidence remain available, and no production records or credentials are used. Safety boundary: Use unclassified synthetic assets, work cards, components, and offline simulation data only. No operational flight, mission, or controlled technical data is included; run the suite against isolated test systems and do not interpret it as airworthiness certification.",Playwright + platform UI/API,"aerospace,market-platform,synthetic-data,airworthiness_records,rollback-and-replay"
Aerospace and MRO,Airworthiness and Records,AERO-AIRWORTH-00156,Airworthiness and Records: restrict records by assigned program and role (rollback and replay),Aerospace and MRO: restrict records by assigned program and role with rollback and replay,Functional,High,"Non-production tenant or isolated local fixture; synthetic records only; Restore a prior version in a disposable fixture and replay the same operation. Safety boundary: Use unclassified synthetic assets, work cards, components, and offline simulation data only. No operational flight, mission, or controlled technical data is included; run the suite against isolated test systems and do not interpret it as airworthiness certification.","1. Create a disposable, versioned synthetic fixture: Restore a prior version in a disposable fixture and replay the same operation. 2. Execute the platform workflow to restrict records by assigned program and role. 3. Capture the committed result, resource version, or run status. 4. Compare the result with the source fixture and the declared invariant. 5. Repeat or recover the operation when applicable; verify access, audit evidence, and side effects.","The platform must correctly restrict records by assigned program and role; the rollback and replay condition follows the configured contract; valid state is preserved, invalid or unauthorized work is rejected or quarantined without silent loss, retries do not duplicate side effects, lineage and audit evidence remain available, and no production records or credentials are used. Safety boundary: Use unclassified synthetic assets, work cards, components, and offline simulation data only. No operational flight, mission, or controlled technical data is included; run the suite against isolated test systems and do not interpret it as airworthiness certification.",Playwright + platform UI/API,"aerospace,market-platform,synthetic-data,airworthiness_records,rollback-and-replay"
Aerospace and MRO,Airworthiness and Records,AERO-AIRWORTH-00157,Airworthiness and Records: export a scoped record set with synthetic serials (rollback and replay),Aerospace and MRO: export a scoped record set with synthetic serials with rollback and replay,Functional,Medium,"Non-production tenant or isolated local fixture; synthetic records only; Restore a prior version in a disposable fixture and replay the same operation. Safety boundary: Use unclassified synthetic assets, work cards, components, and offline simulation data only. No operational flight, mission, or controlled technical data is included; run the suite against isolated test systems and do not interpret it as airworthiness certification.","1. Create a disposable, versioned synthetic fixture: Restore a prior version in a disposable fixture and replay the same operation. 2. Execute the platform workflow to export a scoped record set with synthetic serials. 3. Capture the committed result, resource version, or run status. 4. Compare the result with the source fixture and the declared invariant. 5. Repeat or recover the operation when applicable; verify access, audit evidence, and side effects.","The platform must correctly export a scoped record set with synthetic serials; the rollback and replay condition follows the configured contract; valid state is preserved, invalid or unauthorized work is rejected or quarantined without silent loss, retries do not duplicate side effects, lineage and audit evidence remain available, and no production records or credentials are used. Safety boundary: Use unclassified synthetic assets, work cards, components, and offline simulation data only. No operational flight, mission, or controlled technical data is included; run the suite against isolated test systems and do not interpret it as airworthiness certification.",Playwright + platform UI/API,"aerospace,market-platform,synthetic-data,airworthiness_records,rollback-and-replay"
Aerospace and MRO,Airworthiness and Records,AERO-AIRWORTH-00158,Airworthiness and Records: detect a missing approval in a record package (rollback and replay),Aerospace and MRO: detect a missing approval in a record package with rollback and replay,Functional,High,"Non-production tenant or isolated local fixture; synthetic records only; Restore a prior version in a disposable fixture and replay the same operation. Safety boundary: Use unclassified synthetic assets, work cards, components, and offline simulation data only. No operational flight, mission, or controlled technical data is included; run the suite against isolated test systems and do not interpret it as airworthiness certification.","1. Create a disposable, versioned synthetic fixture: Restore a prior version in a disposable fixture and replay the same operation. 2. Execute the platform workflow to detect a missing approval in a record package. 3. Capture the committed result, resource version, or run status. 4. Compare the result with the source fixture and the declared invariant. 5. Repeat or recover the operation when applicable; verify access, audit evidence, and side effects.","The platform must correctly detect a missing approval in a record package; the rollback and replay condition follows the configured contract; valid state is preserved, invalid or unauthorized work is rejected or quarantined without silent loss, retries do not duplicate side effects, lineage and audit evidence remain available, and no production records or credentials are used. Safety boundary: Use unclassified synthetic assets, work cards, components, and offline simulation data only. No operational flight, mission, or controlled technical data is included; run the suite against isolated test systems and do not interpret it as airworthiness certification.",Playwright + platform UI/API,"aerospace,market-platform,synthetic-data,airworthiness_records,rollback-and-replay"
Aerospace and MRO,Airworthiness and Records,AERO-AIRWORTH-00159,Airworthiness and Records: reconcile status across asset and task views (rollback and replay),Aerospace and MRO: reconcile status across asset and task views with rollback and replay,Functional,High,"Non-production tenant or isolated local fixture; synthetic records only; Restore a prior version in a disposable fixture and replay the same operation. Safety boundary: Use unclassified synthetic assets, work cards, components, and offline simulation data only. No operational flight, mission, or controlled technical data is included; run the suite against isolated test systems and do not interpret it as airworthiness certification.","1. Create a disposable, versioned synthetic fixture: Restore a prior version in a disposable fixture and replay the same operation. 2. Execute the platform workflow to reconcile status across asset and task views. 3. Capture the committed result, resource version, or run status. 4. Compare the result with the source fixture and the declared invariant. 5. Repeat or recover the operation when applicable; verify access, audit evidence, and side effects.","The platform must correctly reconcile status across asset and task views; the rollback and replay condition follows the configured contract; valid state is preserved, invalid or unauthorized work is rejected or quarantined without silent loss, retries do not duplicate side effects, lineage and audit evidence remain available, and no production records or credentials are used. Safety boundary: Use unclassified synthetic assets, work cards, components, and offline simulation data only. No operational flight, mission, or controlled technical data is included; run the suite against isolated test systems and do not interpret it as airworthiness certification.",Playwright + platform UI/API,"aerospace,market-platform,synthetic-data,airworthiness_records,rollback-and-replay"
Aerospace and MRO,Airworthiness and Records,AERO-AIRWORTH-00160,Airworthiness and Records: audit record review and release (rollback and replay),Aerospace and MRO: audit record review and release with rollback and replay,Functional,High,"Non-production tenant or isolated local fixture; synthetic records only; Restore a prior version in a disposable fixture and replay the same operation. Safety boundary: Use unclassified synthetic assets, work cards, components, and offline simulation data only. No operational flight, mission, or controlled technical data is included; run the suite against isolated test systems and do not interpret it as airworthiness certification.","1. Create a disposable, versioned synthetic fixture: Restore a prior version in a disposable fixture and replay the same operation. 2. Execute the platform workflow to audit record review and release. 3. Capture the committed result, resource version, or run status. 4. Compare the result with the source fixture and the declared invariant. 5. Repeat or recover the operation when applicable; verify access, audit evidence, and side effects.","The platform must correctly audit record review and release; the rollback and replay condition follows the configured contract; valid state is preserved, invalid or unauthorized work is rejected or quarantined without silent loss, retries do not duplicate side effects, lineage and audit evidence remain available, and no production records or credentials are used. Safety boundary: Use unclassified synthetic assets, work cards, components, and offline simulation data only. No operational flight, mission, or controlled technical data is included; run the suite against isolated test systems and do not interpret it as airworthiness certification.",Playwright + platform UI/API,"aerospace,market-platform,synthetic-data,airworthiness_records,rollback-and-replay"
Aerospace and MRO,Airworthiness and Records,AERO-AIRWORTH-00161,Airworthiness and Records: assemble a synthetic compliance record for a test asset (Unicode identifiers),Aerospace and MRO: assemble a synthetic compliance record for a test asset with Unicode identifiers,Functional,Medium,"Non-production tenant or isolated local fixture; synthetic records only; Use Unicode in safe project, model, table, index, and synthetic account labels. Safety boundary: Use unclassified synthetic assets, work cards, components, and offline simulation data only. No operational flight, mission, or controlled technical data is included; run the suite against isolated test systems and do not interpret it as airworthiness certification.","1. Create a disposable, versioned synthetic fixture: Use Unicode in safe project, model, table, index, and synthetic account labels. 2. Execute the platform workflow to assemble a synthetic compliance record for a test asset. 3. Capture the committed result, resource version, or run status. 4. Compare the result with the source fixture and the declared invariant. 5. Repeat or recover the operation when applicable; verify access, audit evidence, and side effects.","The platform must correctly assemble a synthetic compliance record for a test asset; the Unicode identifiers condition follows the configured contract; valid state is preserved, invalid or unauthorized work is rejected or quarantined without silent loss, retries do not duplicate side effects, lineage and audit evidence remain available, and no production records or credentials are used. Safety boundary: Use unclassified synthetic assets, work cards, components, and offline simulation data only. No operational flight, mission, or controlled technical data is included; run the suite against isolated test systems and do not interpret it as airworthiness certification.",Playwright + platform UI/API,"aerospace,market-platform,synthetic-data,airworthiness_records,Unicode-identifiers"
Aerospace and MRO,Airworthiness and Records,AERO-AIRWORTH-00162,Airworthiness and Records: link a maintenance task to its source instruction revision (Unicode identifiers),Aerospace and MRO: link a maintenance task to its source instruction revision with Unicode identifiers,Functional,High,"Non-production tenant or isolated local fixture; synthetic records only; Use Unicode in safe project, model, table, index, and synthetic account labels. Safety boundary: Use unclassified synthetic assets, work cards, components, and offline simulation data only. No operational flight, mission, or controlled technical data is included; run the suite against isolated test systems and do not interpret it as airworthiness certification.","1. Create a disposable, versioned synthetic fixture: Use Unicode in safe project, model, table, index, and synthetic account labels. 2. Execute the platform workflow to link a maintenance task to its source instruction revision. 3. Capture the committed result, resource version, or run status. 4. Compare the result with the source fixture and the declared invariant. 5. Repeat or recover the operation when applicable; verify access, audit evidence, and side effects.","The platform must correctly link a maintenance task to its source instruction revision; the Unicode identifiers condition follows the configured contract; valid state is preserved, invalid or unauthorized work is rejected or quarantined without silent loss, retries do not duplicate side effects, lineage and audit evidence remain available, and no production records or credentials are used. Safety boundary: Use unclassified synthetic assets, work cards, components, and offline simulation data only. No operational flight, mission, or controlled technical data is included; run the suite against isolated test systems and do not interpret it as airworthiness certification.",Playwright + platform UI/API,"aerospace,market-platform,synthetic-data,airworthiness_records,Unicode-identifiers"
Aerospace and MRO,Airworthiness and Records,AERO-AIRWORTH-00163,Airworthiness and Records: prevent record approval without required signoff (Unicode identifiers),Aerospace and MRO: prevent record approval without required signoff with Unicode identifiers,Functional,High,"Non-production tenant or isolated local fixture; synthetic records only; Use Unicode in safe project, model, table, index, and synthetic account labels. Safety boundary: Use unclassified synthetic assets, work cards, components, and offline simulation data only. No operational flight, mission, or controlled technical data is included; run the suite against isolated test systems and do not interpret it as airworthiness certification.","1. Create a disposable, versioned synthetic fixture: Use Unicode in safe project, model, table, index, and synthetic account labels. 2. Execute the platform workflow to prevent record approval without required signoff. 3. Capture the committed result, resource version, or run status. 4. Compare the result with the source fixture and the declared invariant. 5. Repeat or recover the operation when applicable; verify access, audit evidence, and side effects.","The platform must correctly prevent record approval without required signoff; the Unicode identifiers condition follows the configured contract; valid state is preserved, invalid or unauthorized work is rejected or quarantined without silent loss, retries do not duplicate side effects, lineage and audit evidence remain available, and no production records or credentials are used. Safety boundary: Use unclassified synthetic assets, work cards, components, and offline simulation data only. No operational flight, mission, or controlled technical data is included; run the suite against isolated test systems and do not interpret it as airworthiness certification.",Playwright + platform UI/API,"aerospace,market-platform,synthetic-data,airworthiness_records,Unicode-identifiers"
Aerospace and MRO,Airworthiness and Records,AERO-AIRWORTH-00164,Airworthiness and Records: correct a record through a traceable amendment (Unicode identifiers),Aerospace and MRO: correct a record through a traceable amendment with Unicode identifiers,Functional,High,"Non-production tenant or isolated local fixture; synthetic records only; Use Unicode in safe project, model, table, index, and synthetic account labels. Safety boundary: Use unclassified synthetic assets, work cards, components, and offline simulation data only. No operational flight, mission, or controlled technical data is included; run the suite against isolated test systems and do not interpret it as airworthiness certification.","1. Create a disposable, versioned synthetic fixture: Use Unicode in safe project, model, table, index, and synthetic account labels. 2. Execute the platform workflow to correct a record through a traceable amendment. 3. Capture the committed result, resource version, or run status. 4. Compare the result with the source fixture and the declared invariant. 5. Repeat or recover the operation when applicable; verify access, audit evidence, and side effects.","The platform must correctly correct a record through a traceable amendment; the Unicode identifiers condition follows the configured contract; valid state is preserved, invalid or unauthorized work is rejected or quarantined without silent loss, retries do not duplicate side effects, lineage and audit evidence remain available, and no production records or credentials are used. Safety boundary: Use unclassified synthetic assets, work cards, components, and offline simulation data only. No operational flight, mission, or controlled technical data is included; run the suite against isolated test systems and do not interpret it as airworthiness certification.",Playwright + platform UI/API,"aerospace,market-platform,synthetic-data,airworthiness_records,Unicode-identifiers"
Aerospace and MRO,Airworthiness and Records,AERO-AIRWORTH-00165,Airworthiness and Records: retain record history after a configuration change (Unicode identifiers),Aerospace and MRO: retain record history after a configuration change with Unicode identifiers,Functional,Medium,"Non-production tenant or isolated local fixture; synthetic records only; Use Unicode in safe project, model, table, index, and synthetic account labels. Safety boundary: Use unclassified synthetic assets, work cards, components, and offline simulation data only. No operational flight, mission, or controlled technical data is included; run the suite against isolated test systems and do not interpret it as airworthiness certification.","1. Create a disposable, versioned synthetic fixture: Use Unicode in safe project, model, table, index, and synthetic account labels. 2. Execute the platform workflow to retain record history after a configuration change. 3. Capture the committed result, resource version, or run status. 4. Compare the result with the source fixture and the declared invariant. 5. Repeat or recover the operation when applicable; verify access, audit evidence, and side effects.","The platform must correctly retain record history after a configuration change; the Unicode identifiers condition follows the configured contract; valid state is preserved, invalid or unauthorized work is rejected or quarantined without silent loss, retries do not duplicate side effects, lineage and audit evidence remain available, and no production records or credentials are used. Safety boundary: Use unclassified synthetic assets, work cards, components, and offline simulation data only. No operational flight, mission, or controlled technical data is included; run the suite against isolated test systems and do not interpret it as airworthiness certification.",Playwright + platform UI/API,"aerospace,market-platform,synthetic-data,airworthiness_records,Unicode-identifiers"
Aerospace and MRO,Airworthiness and Records,AERO-AIRWORTH-00166,Airworthiness and Records: restrict records by assigned program and role (Unicode identifiers),Aerospace and MRO: restrict records by assigned program and role with Unicode identifiers,Functional,High,"Non-production tenant or isolated local fixture; synthetic records only; Use Unicode in safe project, model, table, index, and synthetic account labels. Safety boundary: Use unclassified synthetic assets, work cards, components, and offline simulation data only. No operational flight, mission, or controlled technical data is included; run the suite against isolated test systems and do not interpret it as airworthiness certification.","1. Create a disposable, versioned synthetic fixture: Use Unicode in safe project, model, table, index, and synthetic account labels. 2. Execute the platform workflow to restrict records by assigned program and role. 3. Capture the committed result, resource version, or run status. 4. Compare the result with the source fixture and the declared invariant. 5. Repeat or recover the operation when applicable; verify access, audit evidence, and side effects.","The platform must correctly restrict records by assigned program and role; the Unicode identifiers condition follows the configured contract; valid state is preserved, invalid or unauthorized work is rejected or quarantined without silent loss, retries do not duplicate side effects, lineage and audit evidence remain available, and no production records or credentials are used. Safety boundary: Use unclassified synthetic assets, work cards, components, and offline simulation data only. No operational flight, mission, or controlled technical data is included; run the suite against isolated test systems and do not interpret it as airworthiness certification.",Playwright + platform UI/API,"aerospace,market-platform,synthetic-data,airworthiness_records,Unicode-identifiers"
Aerospace and MRO,Airworthiness and Records,AERO-AIRWORTH-00167,Airworthiness and Records: export a scoped record set with synthetic serials (Unicode identifiers),Aerospace and MRO: export a scoped record set with synthetic serials with Unicode identifiers,Functional,High,"Non-production tenant or isolated local fixture; synthetic records only; Use Unicode in safe project, model, table, index, and synthetic account labels. Safety boundary: Use unclassified synthetic assets, work cards, components, and offline simulation data only. No operational flight, mission, or controlled technical data is included; run the suite against isolated test systems and do not interpret it as airworthiness certification.","1. Create a disposable, versioned synthetic fixture: Use Unicode in safe project, model, table, index, and synthetic account labels. 2. Execute the platform workflow to export a scoped record set with synthetic serials. 3. Capture the committed result, resource version, or run status. 4. Compare the result with the source fixture and the declared invariant. 5. Repeat or recover the operation when applicable; verify access, audit evidence, and side effects.","The platform must correctly export a scoped record set with synthetic serials; the Unicode identifiers condition follows the configured contract; valid state is preserved, invalid or unauthorized work is rejected or quarantined without silent loss, retries do not duplicate side effects, lineage and audit evidence remain available, and no production records or credentials are used. Safety boundary: Use unclassified synthetic assets, work cards, components, and offline simulation data only. No operational flight, mission, or controlled technical data is included; run the suite against isolated test systems and do not interpret it as airworthiness certification.",Playwright + platform UI/API,"aerospace,market-platform,synthetic-data,airworthiness_records,Unicode-identifiers"
Aerospace and MRO,Airworthiness and Records,AERO-AIRWORTH-00168,Airworthiness and Records: detect a missing approval in a record package (Unicode identifiers),Aerospace and MRO: detect a missing approval in a record package with Unicode identifiers,Functional,High,"Non-production tenant or isolated local fixture; synthetic records only; Use Unicode in safe project, model, table, index, and synthetic account labels. Safety boundary: Use unclassified synthetic assets, work cards, components, and offline simulation data only. No operational flight, mission, or controlled technical data is included; run the suite against isolated test systems and do not interpret it as airworthiness certification.","1. Create a disposable, versioned synthetic fixture: Use Unicode in safe project, model, table, index, and synthetic account labels. 2. Execute the platform workflow to detect a missing approval in a record package. 3. Capture the committed result, resource version, or run status. 4. Compare the result with the source fixture and the declared invariant. 5. Repeat or recover the operation when applicable; verify access, audit evidence, and side effects.","The platform must correctly detect a missing approval in a record package; the Unicode identifiers condition follows the configured contract; valid state is preserved, invalid or unauthorized work is rejected or quarantined without silent loss, retries do not duplicate side effects, lineage and audit evidence remain available, and no production records or credentials are used. Safety boundary: Use unclassified synthetic assets, work cards, components, and offline simulation data only. No operational flight, mission, or controlled technical data is included; run the suite against isolated test systems and do not interpret it as airworthiness certification.",Playwright + platform UI/API,"aerospace,market-platform,synthetic-data,airworthiness_records,Unicode-identifiers"
Aerospace and MRO,Airworthiness and Records,AERO-AIRWORTH-00169,Airworthiness and Records: reconcile status across asset and task views (Unicode identifiers),Aerospace and MRO: reconcile status across asset and task views with Unicode identifiers,Functional,Medium,"Non-production tenant or isolated local fixture; synthetic records only; Use Unicode in safe project, model, table, index, and synthetic account labels. Safety boundary: Use unclassified synthetic assets, work cards, components, and offline simulation data only. No operational flight, mission, or controlled technical data is included; run the suite against isolated test systems and do not interpret it as airworthiness certification.","1. Create a disposable, versioned synthetic fixture: Use Unicode in safe project, model, table, index, and synthetic account labels. 2. Execute the platform workflow to reconcile status across asset and task views. 3. Capture the committed result, resource version, or run status. 4. Compare the result with the source fixture and the declared invariant. 5. Repeat or recover the operation when applicable; verify access, audit evidence, and side effects.","The platform must correctly reconcile status across asset and task views; the Unicode identifiers condition follows the configured contract; valid state is preserved, invalid or unauthorized work is rejected or quarantined without silent loss, retries do not duplicate side effects, lineage and audit evidence remain available, and no production records or credentials are used. Safety boundary: Use unclassified synthetic assets, work cards, components, and offline simulation data only. No operational flight, mission, or controlled technical data is included; run the suite against isolated test systems and do not interpret it as airworthiness certification.",Playwright + platform UI/API,"aerospace,market-platform,synthetic-data,airworthiness_records,Unicode-identifiers"
Aerospace and MRO,Airworthiness and Records,AERO-AIRWORTH-00170,Airworthiness and Records: audit record review and release (Unicode identifiers),Aerospace and MRO: audit record review and release with Unicode identifiers,Functional,High,"Non-production tenant or isolated local fixture; synthetic records only; Use Unicode in safe project, model, table, index, and synthetic account labels. Safety boundary: Use unclassified synthetic assets, work cards, components, and offline simulation data only. No operational flight, mission, or controlled technical data is included; run the suite against isolated test systems and do not interpret it as airworthiness certification.","1. Create a disposable, versioned synthetic fixture: Use Unicode in safe project, model, table, index, and synthetic account labels. 2. Execute the platform workflow to audit record review and release. 3. Capture the committed result, resource version, or run status. 4. Compare the result with the source fixture and the declared invariant. 5. Repeat or recover the operation when applicable; verify access, audit evidence, and side effects.","The platform must correctly audit record review and release; the Unicode identifiers condition follows the configured contract; valid state is preserved, invalid or unauthorized work is rejected or quarantined without silent loss, retries do not duplicate side effects, lineage and audit evidence remain available, and no production records or credentials are used. Safety boundary: Use unclassified synthetic assets, work cards, components, and offline simulation data only. No operational flight, mission, or controlled technical data is included; run the suite against isolated test systems and do not interpret it as airworthiness certification.",Playwright + platform UI/API,"aerospace,market-platform,synthetic-data,airworthiness_records,Unicode-identifiers"
Aerospace and MRO,Airworthiness and Records,AERO-AIRWORTH-00171,Airworthiness and Records: assemble a synthetic compliance record for a test asset (time-zone boundary),Aerospace and MRO: assemble a synthetic compliance record for a test asset with time-zone boundary,Functional,High,"Non-production tenant or isolated local fixture; synthetic records only; Place timestamps around local midnight and a daylight-saving transition. Safety boundary: Use unclassified synthetic assets, work cards, components, and offline simulation data only. No operational flight, mission, or controlled technical data is included; run the suite against isolated test systems and do not interpret it as airworthiness certification.","1. Create a disposable, versioned synthetic fixture: Place timestamps around local midnight and a daylight-saving transition. 2. Execute the platform workflow to assemble a synthetic compliance record for a test asset. 3. Capture the committed result, resource version, or run status. 4. Compare the result with the source fixture and the declared invariant. 5. Repeat or recover the operation when applicable; verify access, audit evidence, and side effects.","The platform must correctly assemble a synthetic compliance record for a test asset; the time-zone boundary condition follows the configured contract; valid state is preserved, invalid or unauthorized work is rejected or quarantined without silent loss, retries do not duplicate side effects, lineage and audit evidence remain available, and no production records or credentials are used. Safety boundary: Use unclassified synthetic assets, work cards, components, and offline simulation data only. No operational flight, mission, or controlled technical data is included; run the suite against isolated test systems and do not interpret it as airworthiness certification.",Playwright + platform UI/API,"aerospace,market-platform,synthetic-data,airworthiness_records,time-zone-boundary"
Aerospace and MRO,Airworthiness and Records,AERO-AIRWORTH-00172,Airworthiness and Records: link a maintenance task to its source instruction revision (time-zone boundary),Aerospace and MRO: link a maintenance task to its source instruction revision with time-zone boundary,Functional,High,"Non-production tenant or isolated local fixture; synthetic records only; Place timestamps around local midnight and a daylight-saving transition. Safety boundary: Use unclassified synthetic assets, work cards, components, and offline simulation data only. No operational flight, mission, or controlled technical data is included; run the suite against isolated test systems and do not interpret it as airworthiness certification.","1. Create a disposable, versioned synthetic fixture: Place timestamps around local midnight and a daylight-saving transition. 2. Execute the platform workflow to link a maintenance task to its source instruction revision. 3. Capture the committed result, resource version, or run status. 4. Compare the result with the source fixture and the declared invariant. 5. Repeat or recover the operation when applicable; verify access, audit evidence, and side effects.","The platform must correctly link a maintenance task to its source instruction revision; the time-zone boundary condition follows the configured contract; valid state is preserved, invalid or unauthorized work is rejected or quarantined without silent loss, retries do not duplicate side effects, lineage and audit evidence remain available, and no production records or credentials are used. Safety boundary: Use unclassified synthetic assets, work cards, components, and offline simulation data only. No operational flight, mission, or controlled technical data is included; run the suite against isolated test systems and do not interpret it as airworthiness certification.",Playwright + platform UI/API,"aerospace,market-platform,synthetic-data,airworthiness_records,time-zone-boundary"
Aerospace and MRO,Airworthiness and Records,AERO-AIRWORTH-00173,Airworthiness and Records: prevent record approval without required signoff (time-zone boundary),Aerospace and MRO: prevent record approval without required signoff with time-zone boundary,Functional,Medium,"Non-production tenant or isolated local fixture; synthetic records only; Place timestamps around local midnight and a daylight-saving transition. Safety boundary: Use unclassified synthetic assets, work cards, components, and offline simulation data only. No operational flight, mission, or controlled technical data is included; run the suite against isolated test systems and do not interpret it as airworthiness certification.","1. Create a disposable, versioned synthetic fixture: Place timestamps around local midnight and a daylight-saving transition. 2. Execute the platform workflow to prevent record approval without required signoff. 3. Capture the committed result, resource version, or run status. 4. Compare the result with the source fixture and the declared invariant. 5. Repeat or recover the operation when applicable; verify access, audit evidence, and side effects.","The platform must correctly prevent record approval without required signoff; the time-zone boundary condition follows the configured contract; valid state is preserved, invalid or unauthorized work is rejected or quarantined without silent loss, retries do not duplicate side effects, lineage and audit evidence remain available, and no production records or credentials are used. Safety boundary: Use unclassified synthetic assets, work cards, components, and offline simulation data only. No operational flight, mission, or controlled technical data is included; run the suite against isolated test systems and do not interpret it as airworthiness certification.",Playwright + platform UI/API,"aerospace,market-platform,synthetic-data,airworthiness_records,time-zone-boundary"
Aerospace and MRO,Airworthiness and Records,AERO-AIRWORTH-00174,Airworthiness and Records: correct a record through a traceable amendment (time-zone boundary),Aerospace and MRO: correct a record through a traceable amendment with time-zone boundary,Functional,High,"Non-production tenant or isolated local fixture; synthetic records only; Place timestamps around local midnight and a daylight-saving transition. Safety boundary: Use unclassified synthetic assets, work cards, components, and offline simulation data only. No operational flight, mission, or controlled technical data is included; run the suite against isolated test systems and do not interpret it as airworthiness certification.","1. Create a disposable, versioned synthetic fixture: Place timestamps around local midnight and a daylight-saving transition. 2. Execute the platform workflow to correct a record through a traceable amendment. 3. Capture the committed result, resource version, or run status. 4. Compare the result with the source fixture and the declared invariant. 5. Repeat or recover the operation when applicable; verify access, audit evidence, and side effects.","The platform must correctly correct a record through a traceable amendment; the time-zone boundary condition follows the configured contract; valid state is preserved, invalid or unauthorized work is rejected or quarantined without silent loss, retries do not duplicate side effects, lineage and audit evidence remain available, and no production records or credentials are used. Safety boundary: Use unclassified synthetic assets, work cards, components, and offline simulation data only. No operational flight, mission, or controlled technical data is included; run the suite against isolated test systems and do not interpret it as airworthiness certification.",Playwright + platform UI/API,"aerospace,market-platform,synthetic-data,airworthiness_records,time-zone-boundary"
Aerospace and MRO,Airworthiness and Records,AERO-AIRWORTH-00175,Airworthiness and Records: retain record history after a configuration change (time-zone boundary),Aerospace and MRO: retain record history after a configuration change with time-zone boundary,Functional,High,"Non-production tenant or isolated local fixture; synthetic records only; Place timestamps around local midnight and a daylight-saving transition. Safety boundary: Use unclassified synthetic assets, work cards, components, and offline simulation data only. No operational flight, mission, or controlled technical data is included; run the suite against isolated test systems and do not interpret it as airworthiness certification.","1. Create a disposable, versioned synthetic fixture: Place timestamps around local midnight and a daylight-saving transition. 2. Execute the platform workflow to retain record history after a configuration change. 3. Capture the committed result, resource version, or run status. 4. Compare the result with the source fixture and the declared invariant. 5. Repeat or recover the operation when applicable; verify access, audit evidence, and side effects.","The platform must correctly retain record history after a configuration change; the time-zone boundary condition follows the configured contract; valid state is preserved, invalid or unauthorized work is rejected or quarantined without silent loss, retries do not duplicate side effects, lineage and audit evidence remain available, and no production records or credentials are used. Safety boundary: Use unclassified synthetic assets, work cards, components, and offline simulation data only. No operational flight, mission, or controlled technical data is included; run the suite against isolated test systems and do not interpret it as airworthiness certification.",Playwright + platform UI/API,"aerospace,market-platform,synthetic-data,airworthiness_records,time-zone-boundary"
Aerospace and MRO,Airworthiness and Records,AERO-AIRWORTH-00176,Airworthiness and Records: restrict records by assigned program and role (time-zone boundary),Aerospace and MRO: restrict records by assigned program and role with time-zone boundary,Functional,High,"Non-production tenant or isolated local fixture; synthetic records only; Place timestamps around local midnight and a daylight-saving transition. Safety boundary: Use unclassified synthetic assets, work cards, components, and offline simulation data only. No operational flight, mission, or controlled technical data is included; run the suite against isolated test systems and do not interpret it as airworthiness certification.","1. Create a disposable, versioned synthetic fixture: Place timestamps around local midnight and a daylight-saving transition. 2. Execute the platform workflow to restrict records by assigned program and role. 3. Capture the committed result, resource version, or run status. 4. Compare the result with the source fixture and the declared invariant. 5. Repeat or recover the operation when applicable; verify access, audit evidence, and side effects.","The platform must correctly restrict records by assigned program and role; the time-zone boundary condition follows the configured contract; valid state is preserved, invalid or unauthorized work is rejected or quarantined without silent loss, retries do not duplicate side effects, lineage and audit evidence remain available, and no production records or credentials are used. Safety boundary: Use unclassified synthetic assets, work cards, components, and offline simulation data only. No operational flight, mission, or controlled technical data is included; run the suite against isolated test systems and do not interpret it as airworthiness certification.",Playwright + platform UI/API,"aerospace,market-platform,synthetic-data,airworthiness_records,time-zone-boundary"
Aerospace and MRO,Airworthiness and Records,AERO-AIRWORTH-00177,Airworthiness and Records: export a scoped record set with synthetic serials (time-zone boundary),Aerospace and MRO: export a scoped record set with synthetic serials with time-zone boundary,Functional,Medium,"Non-production tenant or isolated local fixture; synthetic records only; Place timestamps around local midnight and a daylight-saving transition. Safety boundary: Use unclassified synthetic assets, work cards, components, and offline simulation data only. No operational flight, mission, or controlled technical data is included; run the suite against isolated test systems and do not interpret it as airworthiness certification.","1. Create a disposable, versioned synthetic fixture: Place timestamps around local midnight and a daylight-saving transition. 2. Execute the platform workflow to export a scoped record set with synthetic serials. 3. Capture the committed result, resource version, or run status. 4. Compare the result with the source fixture and the declared invariant. 5. Repeat or recover the operation when applicable; verify access, audit evidence, and side effects.","The platform must correctly export a scoped record set with synthetic serials; the time-zone boundary condition follows the configured contract; valid state is preserved, invalid or unauthorized work is rejected or quarantined without silent loss, retries do not duplicate side effects, lineage and audit evidence remain available, and no production records or credentials are used. Safety boundary: Use unclassified synthetic assets, work cards, components, and offline simulation data only. No operational flight, mission, or controlled technical data is included; run the suite against isolated test systems and do not interpret it as airworthiness certification.",Playwright + platform UI/API,"aerospace,market-platform,synthetic-data,airworthiness_records,time-zone-boundary"
Aerospace and MRO,Airworthiness and Records,AERO-AIRWORTH-00178,Airworthiness and Records: detect a missing approval in a record package (time-zone boundary),Aerospace and MRO: detect a missing approval in a record package with time-zone boundary,Functional,High,"Non-production tenant or isolated local fixture; synthetic records only; Place timestamps around local midnight and a daylight-saving transition. Safety boundary: Use unclassified synthetic assets, work cards, components, and offline simulation data only. No operational flight, mission, or controlled technical data is included; run the suite against isolated test systems and do not interpret it as airworthiness certification.","1. Create a disposable, versioned synthetic fixture: Place timestamps around local midnight and a daylight-saving transition. 2. Execute the platform workflow to detect a missing approval in a record package. 3. Capture the committed result, resource version, or run status. 4. Compare the result with the source fixture and the declared invariant. 5. Repeat or recover the operation when applicable; verify access, audit evidence, and side effects.","The platform must correctly detect a missing approval in a record package; the time-zone boundary condition follows the configured contract; valid state is preserved, invalid or unauthorized work is rejected or quarantined without silent loss, retries do not duplicate side effects, lineage and audit evidence remain available, and no production records or credentials are used. Safety boundary: Use unclassified synthetic assets, work cards, components, and offline simulation data only. No operational flight, mission, or controlled technical data is included; run the suite against isolated test systems and do not interpret it as airworthiness certification.",Playwright + platform UI/API,"aerospace,market-platform,synthetic-data,airworthiness_records,time-zone-boundary"
Aerospace and MRO,Airworthiness and Records,AERO-AIRWORTH-00179,Airworthiness and Records: reconcile status across asset and task views (time-zone boundary),Aerospace and MRO: reconcile status across asset and task views with time-zone boundary,Functional,High,"Non-production tenant or isolated local fixture; synthetic records only; Place timestamps around local midnight and a daylight-saving transition. Safety boundary: Use unclassified synthetic assets, work cards, components, and offline simulation data only. No operational flight, mission, or controlled technical data is included; run the suite against isolated test systems and do not interpret it as airworthiness certification.","1. Create a disposable, versioned synthetic fixture: Place timestamps around local midnight and a daylight-saving transition. 2. Execute the platform workflow to reconcile status across asset and task views. 3. Capture the committed result, resource version, or run status. 4. Compare the result with the source fixture and the declared invariant. 5. Repeat or recover the operation when applicable; verify access, audit evidence, and side effects.","The platform must correctly reconcile status across asset and task views; the time-zone boundary condition follows the configured contract; valid state is preserved, invalid or unauthorized work is rejected or quarantined without silent loss, retries do not duplicate side effects, lineage and audit evidence remain available, and no production records or credentials are used. Safety boundary: Use unclassified synthetic assets, work cards, components, and offline simulation data only. No operational flight, mission, or controlled technical data is included; run the suite against isolated test systems and do not interpret it as airworthiness certification.",Playwright + platform UI/API,"aerospace,market-platform,synthetic-data,airworthiness_records,time-zone-boundary"
Aerospace and MRO,Airworthiness and Records,AERO-AIRWORTH-00180,Airworthiness and Records: audit record review and release (time-zone boundary),Aerospace and MRO: audit record review and release with time-zone boundary,Functional,High,"Non-production tenant or isolated local fixture; synthetic records only; Place timestamps around local midnight and a daylight-saving transition. Safety boundary: Use unclassified synthetic assets, work cards, components, and offline simulation data only. No operational flight, mission, or controlled technical data is included; run the suite against isolated test systems and do not interpret it as airworthiness certification.","1. Create a disposable, versioned synthetic fixture: Place timestamps around local midnight and a daylight-saving transition. 2. Execute the platform workflow to audit record review and release. 3. Capture the committed result, resource version, or run status. 4. Compare the result with the source fixture and the declared invariant. 5. Repeat or recover the operation when applicable; verify access, audit evidence, and side effects.","The platform must correctly audit record review and release; the time-zone boundary condition follows the configured contract; valid state is preserved, invalid or unauthorized work is rejected or quarantined without silent loss, retries do not duplicate side effects, lineage and audit evidence remain available, and no production records or credentials are used. Safety boundary: Use unclassified synthetic assets, work cards, components, and offline simulation data only. No operational flight, mission, or controlled technical data is included; run the suite against isolated test systems and do not interpret it as airworthiness certification.",Playwright + platform UI/API,"aerospace,market-platform,synthetic-data,airworthiness_records,time-zone-boundary"
Aerospace and MRO,Airworthiness and Records,AERO-AIRWORTH-00181,Airworthiness and Records: assemble a synthetic compliance record for a test asset (skewed high volume),Aerospace and MRO: assemble a synthetic compliance record for a test asset with skewed high volume,Functional,Medium,"Non-production tenant or isolated local fixture; synthetic records only; Use a large synthetic fixture with one intentionally skewed key or partition. Safety boundary: Use unclassified synthetic assets, work cards, components, and offline simulation data only. No operational flight, mission, or controlled technical data is included; run the suite against isolated test systems and do not interpret it as airworthiness certification.","1. Create a disposable, versioned synthetic fixture: Use a large synthetic fixture with one intentionally skewed key or partition. 2. Execute the platform workflow to assemble a synthetic compliance record for a test asset. 3. Capture the committed result, resource version, or run status. 4. Compare the result with the source fixture and the declared invariant. 5. Repeat or recover the operation when applicable; verify access, audit evidence, and side effects.","The platform must correctly assemble a synthetic compliance record for a test asset; the skewed high volume condition follows the configured contract; valid state is preserved, invalid or unauthorized work is rejected or quarantined without silent loss, retries do not duplicate side effects, lineage and audit evidence remain available, and no production records or credentials are used. Safety boundary: Use unclassified synthetic assets, work cards, components, and offline simulation data only. No operational flight, mission, or controlled technical data is included; run the suite against isolated test systems and do not interpret it as airworthiness certification.",Playwright + platform UI/API,"aerospace,market-platform,synthetic-data,airworthiness_records,skewed-high-volume"
Aerospace and MRO,Airworthiness and Records,AERO-AIRWORTH-00182,Airworthiness and Records: link a maintenance task to its source instruction revision (skewed high volume),Aerospace and MRO: link a maintenance task to its source instruction revision with skewed high volume,Functional,High,"Non-production tenant or isolated local fixture; synthetic records only; Use a large synthetic fixture with one intentionally skewed key or partition. Safety boundary: Use unclassified synthetic assets, work cards, components, and offline simulation data only. No operational flight, mission, or controlled technical data is included; run the suite against isolated test systems and do not interpret it as airworthiness certification.","1. Create a disposable, versioned synthetic fixture: Use a large synthetic fixture with one intentionally skewed key or partition. 2. Execute the platform workflow to link a maintenance task to its source instruction revision. 3. Capture the committed result, resource version, or run status. 4. Compare the result with the source fixture and the declared invariant. 5. Repeat or recover the operation when applicable; verify access, audit evidence, and side effects.","The platform must correctly link a maintenance task to its source instruction revision; the skewed high volume condition follows the configured contract; valid state is preserved, invalid or unauthorized work is rejected or quarantined without silent loss, retries do not duplicate side effects, lineage and audit evidence remain available, and no production records or credentials are used. Safety boundary: Use unclassified synthetic assets, work cards, components, and offline simulation data only. No operational flight, mission, or controlled technical data is included; run the suite against isolated test systems and do not interpret it as airworthiness certification.",Playwright + platform UI/API,"aerospace,market-platform,synthetic-data,airworthiness_records,skewed-high-volume"
Aerospace and MRO,Airworthiness and Records,AERO-AIRWORTH-00183,Airworthiness and Records: prevent record approval without required signoff (skewed high volume),Aerospace and MRO: prevent record approval without required signoff with skewed high volume,Functional,High,"Non-production tenant or isolated local fixture; synthetic records only; Use a large synthetic fixture with one intentionally skewed key or partition. Safety boundary: Use unclassified synthetic assets, work cards, components, and offline simulation data only. No operational flight, mission, or controlled technical data is included; run the suite against isolated test systems and do not interpret it as airworthiness certification.","1. Create a disposable, versioned synthetic fixture: Use a large synthetic fixture with one intentionally skewed key or partition. 2. Execute the platform workflow to prevent record approval without required signoff. 3. Capture the committed result, resource version, or run status. 4. Compare the result with the source fixture and the declared invariant. 5. Repeat or recover the operation when applicable; verify access, audit evidence, and side effects.","The platform must correctly prevent record approval without required signoff; the skewed high volume condition follows the configured contract; valid state is preserved, invalid or unauthorized work is rejected or quarantined without silent loss, retries do not duplicate side effects, lineage and audit evidence remain available, and no production records or credentials are used. Safety boundary: Use unclassified synthetic assets, work cards, components, and offline simulation data only. No operational flight, mission, or controlled technical data is included; run the suite against isolated test systems and do not interpret it as airworthiness certification.",Playwright + platform UI/API,"aerospace,market-platform,synthetic-data,airworthiness_records,skewed-high-volume"
Aerospace and MRO,Airworthiness and Records,AERO-AIRWORTH-00184,Airworthiness and Records: correct a record through a traceable amendment (skewed high volume),Aerospace and MRO: correct a record through a traceable amendment with skewed high volume,Functional,High,"Non-production tenant or isolated local fixture; synthetic records only; Use a large synthetic fixture with one intentionally skewed key or partition. Safety boundary: Use unclassified synthetic assets, work cards, components, and offline simulation data only. No operational flight, mission, or controlled technical data is included; run the suite against isolated test systems and do not interpret it as airworthiness certification.","1. Create a disposable, versioned synthetic fixture: Use a large synthetic fixture with one intentionally skewed key or partition. 2. Execute the platform workflow to correct a record through a traceable amendment. 3. Capture the committed result, resource version, or run status. 4. Compare the result with the source fixture and the declared invariant. 5. Repeat or recover the operation when applicable; verify access, audit evidence, and side effects.","The platform must correctly correct a record through a traceable amendment; the skewed high volume condition follows the configured contract; valid state is preserved, invalid or unauthorized work is rejected or quarantined without silent loss, retries do not duplicate side effects, lineage and audit evidence remain available, and no production records or credentials are used. Safety boundary: Use unclassified synthetic assets, work cards, components, and offline simulation data only. No operational flight, mission, or controlled technical data is included; run the suite against isolated test systems and do not interpret it as airworthiness certification.",Playwright + platform UI/API,"aerospace,market-platform,synthetic-data,airworthiness_records,skewed-high-volume"
Aerospace and MRO,Airworthiness and Records,AERO-AIRWORTH-00185,Airworthiness and Records: retain record history after a configuration change (skewed high volume),Aerospace and MRO: retain record history after a configuration change with skewed high volume,Functional,Medium,"Non-production tenant or isolated local fixture; synthetic records only; Use a large synthetic fixture with one intentionally skewed key or partition. Safety boundary: Use unclassified synthetic assets, work cards, components, and offline simulation data only. No operational flight, mission, or controlled technical data is included; run the suite against isolated test systems and do not interpret it as airworthiness certification.","1. Create a disposable, versioned synthetic fixture: Use a large synthetic fixture with one intentionally skewed key or partition. 2. Execute the platform workflow to retain record history after a configuration change. 3. Capture the committed result, resource version, or run status. 4. Compare the result with the source fixture and the declared invariant. 5. Repeat or recover the operation when applicable; verify access, audit evidence, and side effects.","The platform must correctly retain record history after a configuration change; the skewed high volume condition follows the configured contract; valid state is preserved, invalid or unauthorized work is rejected or quarantined without silent loss, retries do not duplicate side effects, lineage and audit evidence remain available, and no production records or credentials are used. Safety boundary: Use unclassified synthetic assets, work cards, components, and offline simulation data only. No operational flight, mission, or controlled technical data is included; run the suite against isolated test systems and do not interpret it as airworthiness certification.",Playwright + platform UI/API,"aerospace,market-platform,synthetic-data,airworthiness_records,skewed-high-volume"
Aerospace and MRO,Airworthiness and Records,AERO-AIRWORTH-00186,Airworthiness and Records: restrict records by assigned program and role (skewed high volume),Aerospace and MRO: restrict records by assigned program and role with skewed high volume,Functional,High,"Non-production tenant or isolated local fixture; synthetic records only; Use a large synthetic fixture with one intentionally skewed key or partition. Safety boundary: Use unclassified synthetic assets, work cards, components, and offline simulation data only. No operational flight, mission, or controlled technical data is included; run the suite against isolated test systems and do not interpret it as airworthiness certification.","1. Create a disposable, versioned synthetic fixture: Use a large synthetic fixture with one intentionally skewed key or partition. 2. Execute the platform workflow to restrict records by assigned program and role. 3. Capture the committed result, resource version, or run status. 4. Compare the result with the source fixture and the declared invariant. 5. Repeat or recover the operation when applicable; verify access, audit evidence, and side effects.","The platform must correctly restrict records by assigned program and role; the skewed high volume condition follows the configured contract; valid state is preserved, invalid or unauthorized work is rejected or quarantined without silent loss, retries do not duplicate side effects, lineage and audit evidence remain available, and no production records or credentials are used. Safety boundary: Use unclassified synthetic assets, work cards, components, and offline simulation data only. No operational flight, mission, or controlled technical data is included; run the suite against isolated test systems and do not interpret it as airworthiness certification.",Playwright + platform UI/API,"aerospace,market-platform,synthetic-data,airworthiness_records,skewed-high-volume"
Aerospace and MRO,Airworthiness and Records,AERO-AIRWORTH-00187,Airworthiness and Records: export a scoped record set with synthetic serials (skewed high volume),Aerospace and MRO: export a scoped record set with synthetic serials with skewed high volume,Functional,High,"Non-production tenant or isolated local fixture; synthetic records only; Use a large synthetic fixture with one intentionally skewed key or partition. Safety boundary: Use unclassified synthetic assets, work cards, components, and offline simulation data only. No operational flight, mission, or controlled technical data is included; run the suite against isolated test systems and do not interpret it as airworthiness certification.","1. Create a disposable, versioned synthetic fixture: Use a large synthetic fixture with one intentionally skewed key or partition. 2. Execute the platform workflow to export a scoped record set with synthetic serials. 3. Capture the committed result, resource version, or run status. 4. Compare the result with the source fixture and the declared invariant. 5. Repeat or recover the operation when applicable; verify access, audit evidence, and side effects.","The platform must correctly export a scoped record set with synthetic serials; the skewed high volume condition follows the configured contract; valid state is preserved, invalid or unauthorized work is rejected or quarantined without silent loss, retries do not duplicate side effects, lineage and audit evidence remain available, and no production records or credentials are used. Safety boundary: Use unclassified synthetic assets, work cards, components, and offline simulation data only. No operational flight, mission, or controlled technical data is included; run the suite against isolated test systems and do not interpret it as airworthiness certification.",Playwright + platform UI/API,"aerospace,market-platform,synthetic-data,airworthiness_records,skewed-high-volume"
Aerospace and MRO,Airworthiness and Records,AERO-AIRWORTH-00188,Airworthiness and Records: detect a missing approval in a record package (skewed high volume),Aerospace and MRO: detect a missing approval in a record package with skewed high volume,Functional,High,"Non-production tenant or isolated local fixture; synthetic records only; Use a large synthetic fixture with one intentionally skewed key or partition. Safety boundary: Use unclassified synthetic assets, work cards, components, and offline simulation data only. No operational flight, mission, or controlled technical data is included; run the suite against isolated test systems and do not interpret it as airworthiness certification.","1. Create a disposable, versioned synthetic fixture: Use a large synthetic fixture with one intentionally skewed key or partition. 2. Execute the platform workflow to detect a missing approval in a record package. 3. Capture the committed result, resource version, or run status. 4. Compare the result with the source fixture and the declared invariant. 5. Repeat or recover the operation when applicable; verify access, audit evidence, and side effects.","The platform must correctly detect a missing approval in a record package; the skewed high volume condition follows the configured contract; valid state is preserved, invalid or unauthorized work is rejected or quarantined without silent loss, retries do not duplicate side effects, lineage and audit evidence remain available, and no production records or credentials are used. Safety boundary: Use unclassified synthetic assets, work cards, components, and offline simulation data only. No operational flight, mission, or controlled technical data is included; run the suite against isolated test systems and do not interpret it as airworthiness certification.",Playwright + platform UI/API,"aerospace,market-platform,synthetic-data,airworthiness_records,skewed-high-volume"
Aerospace and MRO,Airworthiness and Records,AERO-AIRWORTH-00189,Airworthiness and Records: reconcile status across asset and task views (skewed high volume),Aerospace and MRO: reconcile status across asset and task views with skewed high volume,Functional,Medium,"Non-production tenant or isolated local fixture; synthetic records only; Use a large synthetic fixture with one intentionally skewed key or partition. Safety boundary: Use unclassified synthetic assets, work cards, components, and offline simulation data only. No operational flight, mission, or controlled technical data is included; run the suite against isolated test systems and do not interpret it as airworthiness certification.","1. Create a disposable, versioned synthetic fixture: Use a large synthetic fixture with one intentionally skewed key or partition. 2. Execute the platform workflow to reconcile status across asset and task views. 3. Capture the committed result, resource version, or run status. 4. Compare the result with the source fixture and the declared invariant. 5. Repeat or recover the operation when applicable; verify access, audit evidence, and side effects.","The platform must correctly reconcile status across asset and task views; the skewed high volume condition follows the configured contract; valid state is preserved, invalid or unauthorized work is rejected or quarantined without silent loss, retries do not duplicate side effects, lineage and audit evidence remain available, and no production records or credentials are used. Safety boundary: Use unclassified synthetic assets, work cards, components, and offline simulation data only. No operational flight, mission, or controlled technical data is included; run the suite against isolated test systems and do not interpret it as airworthiness certification.",Playwright + platform UI/API,"aerospace,market-platform,synthetic-data,airworthiness_records,skewed-high-volume"
Aerospace and MRO,Airworthiness and Records,AERO-AIRWORTH-00190,Airworthiness and Records: audit record review and release (skewed high volume),Aerospace and MRO: audit record review and release with skewed high volume,Functional,High,"Non-production tenant or isolated local fixture; synthetic records only; Use a large synthetic fixture with one intentionally skewed key or partition. Safety boundary: Use unclassified synthetic assets, work cards, components, and offline simulation data only. No operational flight, mission, or controlled technical data is included; run the suite against isolated test systems and do not interpret it as airworthiness certification.","1. Create a disposable, versioned synthetic fixture: Use a large synthetic fixture with one intentionally skewed key or partition. 2. Execute the platform workflow to audit record review and release. 3. Capture the committed result, resource version, or run status. 4. Compare the result with the source fixture and the declared invariant. 5. Repeat or recover the operation when applicable; verify access, audit evidence, and side effects.","The platform must correctly audit record review and release; the skewed high volume condition follows the configured contract; valid state is preserved, invalid or unauthorized work is rejected or quarantined without silent loss, retries do not duplicate side effects, lineage and audit evidence remain available, and no production records or credentials are used. Safety boundary: Use unclassified synthetic assets, work cards, components, and offline simulation data only. No operational flight, mission, or controlled technical data is included; run the suite against isolated test systems and do not interpret it as airworthiness certification.",Playwright + platform UI/API,"aerospace,market-platform,synthetic-data,airworthiness_records,skewed-high-volume"
Aerospace and MRO,Airworthiness and Records,AERO-AIRWORTH-00191,Airworthiness and Records: assemble a synthetic compliance record for a test asset (corrupt input),Aerospace and MRO: assemble a synthetic compliance record for a test asset with corrupt input,Functional,High,"Non-production tenant or isolated local fixture; synthetic records only; Include one malformed record and verify quarantine or clear failure without silent loss. Safety boundary: Use unclassified synthetic assets, work cards, components, and offline simulation data only. No operational flight, mission, or controlled technical data is included; run the suite against isolated test systems and do not interpret it as airworthiness certification.","1. Create a disposable, versioned synthetic fixture: Include one malformed record and verify quarantine or clear failure without silent loss. 2. Execute the platform workflow to assemble a synthetic compliance record for a test asset. 3. Capture the committed result, resource version, or run status. 4. Compare the result with the source fixture and the declared invariant. 5. Repeat or recover the operation when applicable; verify access, audit evidence, and side effects.","The platform must correctly assemble a synthetic compliance record for a test asset; the corrupt input condition follows the configured contract; valid state is preserved, invalid or unauthorized work is rejected or quarantined without silent loss, retries do not duplicate side effects, lineage and audit evidence remain available, and no production records or credentials are used. Safety boundary: Use unclassified synthetic assets, work cards, components, and offline simulation data only. No operational flight, mission, or controlled technical data is included; run the suite against isolated test systems and do not interpret it as airworthiness certification.",Playwright + platform UI/API,"aerospace,market-platform,synthetic-data,airworthiness_records,corrupt-input"
Aerospace and MRO,Airworthiness and Records,AERO-AIRWORTH-00192,Airworthiness and Records: link a maintenance task to its source instruction revision (corrupt input),Aerospace and MRO: link a maintenance task to its source instruction revision with corrupt input,Functional,High,"Non-production tenant or isolated local fixture; synthetic records only; Include one malformed record and verify quarantine or clear failure without silent loss. Safety boundary: Use unclassified synthetic assets, work cards, components, and offline simulation data only. No operational flight, mission, or controlled technical data is included; run the suite against isolated test systems and do not interpret it as airworthiness certification.","1. Create a disposable, versioned synthetic fixture: Include one malformed record and verify quarantine or clear failure without silent loss. 2. Execute the platform workflow to link a maintenance task to its source instruction revision. 3. Capture the committed result, resource version, or run status. 4. Compare the result with the source fixture and the declared invariant. 5. Repeat or recover the operation when applicable; verify access, audit evidence, and side effects.","The platform must correctly link a maintenance task to its source instruction revision; the corrupt input condition follows the configured contract; valid state is preserved, invalid or unauthorized work is rejected or quarantined without silent loss, retries do not duplicate side effects, lineage and audit evidence remain available, and no production records or credentials are used. Safety boundary: Use unclassified synthetic assets, work cards, components, and offline simulation data only. No operational flight, mission, or controlled technical data is included; run the suite against isolated test systems and do not interpret it as airworthiness certification.",Playwright + platform UI/API,"aerospace,market-platform,synthetic-data,airworthiness_records,corrupt-input"
Aerospace and MRO,Airworthiness and Records,AERO-AIRWORTH-00193,Airworthiness and Records: prevent record approval without required signoff (corrupt input),Aerospace and MRO: prevent record approval without required signoff with corrupt input,Functional,Medium,"Non-production tenant or isolated local fixture; synthetic records only; Include one malformed record and verify quarantine or clear failure without silent loss. Safety boundary: Use unclassified synthetic assets, work cards, components, and offline simulation data only. No operational flight, mission, or controlled technical data is included; run the suite against isolated test systems and do not interpret it as airworthiness certification.","1. Create a disposable, versioned synthetic fixture: Include one malformed record and verify quarantine or clear failure without silent loss. 2. Execute the platform workflow to prevent record approval without required signoff. 3. Capture the committed result, resource version, or run status. 4. Compare the result with the source fixture and the declared invariant. 5. Repeat or recover the operation when applicable; verify access, audit evidence, and side effects.","The platform must correctly prevent record approval without required signoff; the corrupt input condition follows the configured contract; valid state is preserved, invalid or unauthorized work is rejected or quarantined without silent loss, retries do not duplicate side effects, lineage and audit evidence remain available, and no production records or credentials are used. Safety boundary: Use unclassified synthetic assets, work cards, components, and offline simulation data only. No operational flight, mission, or controlled technical data is included; run the suite against isolated test systems and do not interpret it as airworthiness certification.",Playwright + platform UI/API,"aerospace,market-platform,synthetic-data,airworthiness_records,corrupt-input"
Aerospace and MRO,Airworthiness and Records,AERO-AIRWORTH-00194,Airworthiness and Records: correct a record through a traceable amendment (corrupt input),Aerospace and MRO: correct a record through a traceable amendment with corrupt input,Functional,High,"Non-production tenant or isolated local fixture; synthetic records only; Include one malformed record and verify quarantine or clear failure without silent loss. Safety boundary: Use unclassified synthetic assets, work cards, components, and offline simulation data only. No operational flight, mission, or controlled technical data is included; run the suite against isolated test systems and do not interpret it as airworthiness certification.","1. Create a disposable, versioned synthetic fixture: Include one malformed record and verify quarantine or clear failure without silent loss. 2. Execute the platform workflow to correct a record through a traceable amendment. 3. Capture the committed result, resource version, or run status. 4. Compare the result with the source fixture and the declared invariant. 5. Repeat or recover the operation when applicable; verify access, audit evidence, and side effects.","The platform must correctly correct a record through a traceable amendment; the corrupt input condition follows the configured contract; valid state is preserved, invalid or unauthorized work is rejected or quarantined without silent loss, retries do not duplicate side effects, lineage and audit evidence remain available, and no production records or credentials are used. Safety boundary: Use unclassified synthetic assets, work cards, components, and offline simulation data only. No operational flight, mission, or controlled technical data is included; run the suite against isolated test systems and do not interpret it as airworthiness certification.",Playwright + platform UI/API,"aerospace,market-platform,synthetic-data,airworthiness_records,corrupt-input"
Aerospace and MRO,Airworthiness and Records,AERO-AIRWORTH-00195,Airworthiness and Records: retain record history after a configuration change (corrupt input),Aerospace and MRO: retain record history after a configuration change with corrupt input,Functional,High,"Non-production tenant or isolated local fixture; synthetic records only; Include one malformed record and verify quarantine or clear failure without silent loss. Safety boundary: Use unclassified synthetic assets, work cards, components, and offline simulation data only. No operational flight, mission, or controlled technical data is included; run the suite against isolated test systems and do not interpret it as airworthiness certification.","1. Create a disposable, versioned synthetic fixture: Include one malformed record and verify quarantine or clear failure without silent loss. 2. Execute the platform workflow to retain record history after a configuration change. 3. Capture the committed result, resource version, or run status. 4. Compare the result with the source fixture and the declared invariant. 5. Repeat or recover the operation when applicable; verify access, audit evidence, and side effects.","The platform must correctly retain record history after a configuration change; the corrupt input condition follows the configured contract; valid state is preserved, invalid or unauthorized work is rejected or quarantined without silent loss, retries do not duplicate side effects, lineage and audit evidence remain available, and no production records or credentials are used. Safety boundary: Use unclassified synthetic assets, work cards, components, and offline simulation data only. No operational flight, mission, or controlled technical data is included; run the suite against isolated test systems and do not interpret it as airworthiness certification.",Playwright + platform UI/API,"aerospace,market-platform,synthetic-data,airworthiness_records,corrupt-input"
Aerospace and MRO,Airworthiness and Records,AERO-AIRWORTH-00196,Airworthiness and Records: restrict records by assigned program and role (corrupt input),Aerospace and MRO: restrict records by assigned program and role with corrupt input,Functional,High,"Non-production tenant or isolated local fixture; synthetic records only; Include one malformed record and verify quarantine or clear failure without silent loss. Safety boundary: Use unclassified synthetic assets, work cards, components, and offline simulation data only. No operational flight, mission, or controlled technical data is included; run the suite against isolated test systems and do not interpret it as airworthiness certification.","1. Create a disposable, versioned synthetic fixture: Include one malformed record and verify quarantine or clear failure without silent loss. 2. Execute the platform workflow to restrict records by assigned program and role. 3. Capture the committed result, resource version, or run status. 4. Compare the result with the source fixture and the declared invariant. 5. Repeat or recover the operation when applicable; verify access, audit evidence, and side effects.","The platform must correctly restrict records by assigned program and role; the corrupt input condition follows the configured contract; valid state is preserved, invalid or unauthorized work is rejected or quarantined without silent loss, retries do not duplicate side effects, lineage and audit evidence remain available, and no production records or credentials are used. Safety boundary: Use unclassified synthetic assets, work cards, components, and offline simulation data only. No operational flight, mission, or controlled technical data is included; run the suite against isolated test systems and do not interpret it as airworthiness certification.",Playwright + platform UI/API,"aerospace,market-platform,synthetic-data,airworthiness_records,corrupt-input"
Aerospace and MRO,Airworthiness and Records,AERO-AIRWORTH-00197,Airworthiness and Records: export a scoped record set with synthetic serials (corrupt input),Aerospace and MRO: export a scoped record set with synthetic serials with corrupt input,Functional,Medium,"Non-production tenant or isolated local fixture; synthetic records only; Include one malformed record and verify quarantine or clear failure without silent loss. Safety boundary: Use unclassified synthetic assets, work cards, components, and offline simulation data only. No operational flight, mission, or controlled technical data is included; run the suite against isolated test systems and do not interpret it as airworthiness certification.","1. Create a disposable, versioned synthetic fixture: Include one malformed record and verify quarantine or clear failure without silent loss. 2. Execute the platform workflow to export a scoped record set with synthetic serials. 3. Capture the committed result, resource version, or run status. 4. Compare the result with the source fixture and the declared invariant. 5. Repeat or recover the operation when applicable; verify access, audit evidence, and side effects.","The platform must correctly export a scoped record set with synthetic serials; the corrupt input condition follows the configured contract; valid state is preserved, invalid or unauthorized work is rejected or quarantined without silent loss, retries do not duplicate side effects, lineage and audit evidence remain available, and no production records or credentials are used. Safety boundary: Use unclassified synthetic assets, work cards, components, and offline simulation data only. No operational flight, mission, or controlled technical data is included; run the suite against isolated test systems and do not interpret it as airworthiness certification.",Playwright + platform UI/API,"aerospace,market-platform,synthetic-data,airworthiness_records,corrupt-input"
Aerospace and MRO,Airworthiness and Records,AERO-AIRWORTH-00198,Airworthiness and Records: detect a missing approval in a record package (corrupt input),Aerospace and MRO: detect a missing approval in a record package with corrupt input,Functional,High,"Non-production tenant or isolated local fixture; synthetic records only; Include one malformed record and verify quarantine or clear failure without silent loss. Safety boundary: Use unclassified synthetic assets, work cards, components, and offline simulation data only. No operational flight, mission, or controlled technical data is included; run the suite against isolated test systems and do not interpret it as airworthiness certification.","1. Create a disposable, versioned synthetic fixture: Include one malformed record and verify quarantine or clear failure without silent loss. 2. Execute the platform workflow to detect a missing approval in a record package. 3. Capture the committed result, resource version, or run status. 4. Compare the result with the source fixture and the declared invariant. 5. Repeat or recover the operation when applicable; verify access, audit evidence, and side effects.","The platform must correctly detect a missing approval in a record package; the corrupt input condition follows the configured contract; valid state is preserved, invalid or unauthorized work is rejected or quarantined without silent loss, retries do not duplicate side effects, lineage and audit evidence remain available, and no production records or credentials are used. Safety boundary: Use unclassified synthetic assets, work cards, components, and offline simulation data only. No operational flight, mission, or controlled technical data is included; run the suite against isolated test systems and do not interpret it as airworthiness certification.",Playwright + platform UI/API,"aerospace,market-platform,synthetic-data,airworthiness_records,corrupt-input"
Aerospace and MRO,Airworthiness and Records,AERO-AIRWORTH-00199,Airworthiness and Records: reconcile status across asset and task views (corrupt input),Aerospace and MRO: reconcile status across asset and task views with corrupt input,Functional,High,"Non-production tenant or isolated local fixture; synthetic records only; Include one malformed record and verify quarantine or clear failure without silent loss. Safety boundary: Use unclassified synthetic assets, work cards, components, and offline simulation data only. No operational flight, mission, or controlled technical data is included; run the suite against isolated test systems and do not interpret it as airworthiness certification.","1. Create a disposable, versioned synthetic fixture: Include one malformed record and verify quarantine or clear failure without silent loss. 2. Execute the platform workflow to reconcile status across asset and task views. 3. Capture the committed result, resource version, or run status. 4. Compare the result with the source fixture and the declared invariant. 5. Repeat or recover the operation when applicable; verify access, audit evidence, and side effects.","The platform must correctly reconcile status across asset and task views; the corrupt input condition follows the configured contract; valid state is preserved, invalid or unauthorized work is rejected or quarantined without silent loss, retries do not duplicate side effects, lineage and audit evidence remain available, and no production records or credentials are used. Safety boundary: Use unclassified synthetic assets, work cards, components, and offline simulation data only. No operational flight, mission, or controlled technical data is included; run the suite against isolated test systems and do not interpret it as airworthiness certification.",Playwright + platform UI/API,"aerospace,market-platform,synthetic-data,airworthiness_records,corrupt-input"
Aerospace and MRO,Airworthiness and Records,AERO-AIRWORTH-00200,Airworthiness and Records: audit record review and release (corrupt input),Aerospace and MRO: audit record review and release with corrupt input,Functional,High,"Non-production tenant or isolated local fixture; synthetic records only; Include one malformed record and verify quarantine or clear failure without silent loss. Safety boundary: Use unclassified synthetic assets, work cards, components, and offline simulation data only. No operational flight, mission, or controlled technical data is included; run the suite against isolated test systems and do not interpret it as airworthiness certification.","1. Create a disposable, versioned synthetic fixture: Include one malformed record and verify quarantine or clear failure without silent loss. 2. Execute the platform workflow to audit record review and release. 3. Capture the committed result, resource version, or run status. 4. Compare the result with the source fixture and the declared invariant. 5. Repeat or recover the operation when applicable; verify access, audit evidence, and side effects.","The platform must correctly audit record review and release; the corrupt input condition follows the configured contract; valid state is preserved, invalid or unauthorized work is rejected or quarantined without silent loss, retries do not duplicate side effects, lineage and audit evidence remain available, and no production records or credentials are used. Safety boundary: Use unclassified synthetic assets, work cards, components, and offline simulation data only. No operational flight, mission, or controlled technical data is included; run the suite against isolated test systems and do not interpret it as airworthiness certification.",Playwright + platform UI/API,"aerospace,market-platform,synthetic-data,airworthiness_records,corrupt-input"
